func,duration,bytes
bytes,0,712343872
bytes,0,712343872
bytes,0,712343872
bytes,0,712343872
bytes,0,712343872
bytes,0,712343872
bytes,0,712343872
bytes,0,712343872
bytes,0,712343872
bytes,0,712343872
bytes,0,712343872
bytes,0,712343872
bytes,0,712343872
bytes,0,712343872
bytes,0,712343872
bytes,0,712343872
bytes,0,712343872
bytes,0,712343872
bytes,0,712343872
bytes,0,712343872
bytes,0,712343872
bytes,0,712343872
bytes,0,712343872
bytes,0,712343872
bytes,0,712343872
bytes,0,712343872
bytes,0,712343872
bytes,0,712343872
bytes,0,712343872
bytes,0,712343872
bytes,0,712343872
bytes,0,712343872
bytes,0,712343872
bytes,0,712343872
bytes,0,712343872
bytes,0,712343872
bytes,0,712343872
bytes,0,712343872
bytes,0,712343872
bytes,0,712343872
bytes,0,712343872
bytes,0,712343872
bytes,0,712343872
bytes,0,712343872
bytes,0,712343872
bytes,0,712343872
bytes,0,712343872
bytes,0,712343872
bytes,0,712343872
bytes,0,712343872
global,6.13193e+12,0
read_triplets,2.44509e+12,0
triplets_to_map,3.45148e+08,0
build_csr,605081,0
read_triplets,4.8163e+11,0
triplets_to_map,1.00682e+09,0
build_csr,143158,0
build_csr,136605,0
build_csr,136334,0
build_csr,136057,0
build_csr,136555,0
build_csr,136427,0
build_csr,135851,0
build_csr,136235,0
build_csr,136038,0
build_csr,136087,0
build_csr,136043,0
build_csr,136397,0
build_csr,136125,0
build_csr,136664,0
build_csr,135891,0
build_csr,136518,0
build_csr,141557,0
build_csr,136670,0
build_csr,136014,0
build_csr,136042,0
build_csr,137459,0
build_csr,136445,0
build_csr,135732,0
build_csr,136571,0
build_csr,136610,0
build_csr,136242,0
build_csr,136644,0
build_csr,136048,0
build_csr,136173,0
build_csr,222711,0
build_csr,136438,0
build_csr,136575,0
build_csr,136189,0
build_csr,135921,0
build_csr,136216,0
build_csr,136055,0
build_csr,136330,0
build_csr,135671,0
build_csr,136272,0
build_csr,136220,0
build_csr,136326,0
build_csr,136372,0
build_csr,136492,0
build_csr,136734,0
build_csr,135917,0
build_csr,137535,0
build_csr,136232,0
build_csr,136678,0
build_csr,136401,0
build_csr,136210,0
build_csr,135905,0
build_csr,136395,0
build_csr,136257,0
build_csr,136248,0
build_csr,135958,0
build_csr,136515,0
build_csr,137065,0
build_csr,136378,0
build_csr,136281,0
build_csr,136243,0
build_csr,136332,0
build_csr,136400,0
build_csr,136627,0
build_csr,136666,0
build_csr,136048,0
build_csr,136575,0
build_csr,136590,0
build_csr,136321,0
build_csr,136367,0
build_csr,136234,0
build_csr,136301,0
build_csr,136153,0
build_csr,136247,0
build_csr,136717,0
build_csr,136661,0
build_csr,136404,0
build_csr,136676,0
build_csr,136367,0
build_csr,136632,0
build_csr,136435,0
build_csr,136423,0
build_csr,136609,0
build_csr,136159,0
build_csr,136258,0
build_csr,135717,0
build_csr,136332,0
build_csr,136554,0
build_csr,141018,0
build_csr,136525,0
build_csr,136888,0
build_csr,136453,0
build_csr,136338,0
build_csr,159494,0
build_csr,1.24292e+06,0
build_csr,139043,0
build_csr,136717,0
build_csr,136406,0
build_csr,136178,0
build_csr,136632,0
build_csr,136171,0
build_csr,136218,0
build_csr,136134,0
build_csr,135871,0
build_csr,136721,0
build_csr,136205,0
build_csr,136090,0
build_csr,136100,0
build_csr,136094,0
build_csr,136385,0
build_csr,136284,0
build_csr,136387,0
build_csr,135991,0
build_csr,135820,0
build_csr,136194,0
build_csr,136197,0
build_csr,136297,0
build_csr,136342,0
build_csr,136029,0
build_csr,136110,0
build_csr,136598,0
build_csr,135819,0
build_csr,136062,0
build_csr,137445,0
build_csr,136277,0
build_csr,136924,0
build_csr,136361,0
build_csr,141475,0
build_csr,136331,0
bitmaps,461912,0
filter,5.39124e+06,0
filter,233920,0
filter,125090,0
filter,277157,0
filter,249307,0
filter,256368,0
filter,246811,0
filter,247706,0
filter,317814,0
filter,301950,0
filter,288633,0
filter,288059,0
filter,287217,0
filter,297105,0
filter,305923,0
filter,771165,0
filter,493711,0
filter,492486,0
filter,492298,0
filter,491256,0
filter,493914,0
filter,493368,0
filter,500854,0
filter,603939,0
filter,535943,0
filter,542804,0
filter,532076,0
filter,534604,0
filter,534061,0
filter,546628,0
filter,532121,0
filter,534065,0
filter,533952,0
filter,643929,0
filter,573675,0
filter,984082,0
filter,574989,0
filter,573785,0
filter,574730,0
filter,573385,0
filter,574767,0
filter,572958,0
filter,574109,0
filter,575004,0
filter,683817,0
filter,616035,0
filter,616178,0
filter,574944,0
filter,533658,0
filter,532175,0
filter,492944,0
filter,492265,0
filter,492283,0
filter,522908,0
filter,492271,0
filter,491423,0
filter,287436,0
filter,287446,0
filter,287295,0
filter,286003,0
filter,467250,0
filter,247434,0
filter,251565,0
filter,315012,0
filter,287317,0
filter,247547,0
filter,246472,0
filter,252613,0
filter,247399,0
filter,247064,0
filter,124121,0
filter,125065,0
filter,273468,0
filter,246665,0
filter,245506,0
filter,245936,0
filter,246294,0
filter,246930,0
filter,134662,0
filter,126673,0
filter,125761,0
filter,126410,0
filter,275095,0
filter,249809,0
filter,249649,0
filter,125144,0
filter,123322,0
filter,125056,0
filter,124995,0
filter,131470,0
filter,275110,0
filter,125591,0
filter,127261,0
filter,128054,0
filter,126355,0
filter,124893,0
filter,125067,0
filter,125050,0
filter,41575,0
filter,156614,0
filter,125025,0
filter,131399,0
filter,126488,0
filter,125018,0
filter,124678,0
filter,43334,0
filter,41436,0
filter,154801,0
filter,124487,0
filter,124605,0
filter,123387,0
filter,124633,0
filter,124741,0
filter,43336,0
filter,41391,0
filter,155953,0
filter,124781,0
filter,125009,0
filter,123751,0
filter,123292,0
filter,124964,0
filter,42932,0
filter,156646,0
filter,123308,0
filter,124439,0
filter,124655,0
filter,124656,0
filter,123018,0
filter,124806,0
filter,43149,0
filter,164166,0
filter,124106,0
filter,125095,0
filter,124550,0
filter,124932,0
filter,123572,0
filter,124655,0
filter,43165,0
filter,153844,0
filter,123140,0
filter,124712,0
filter,126985,0
filter,124929,0
filter,129971,0
filter,124871,0
filter,43219,0
filter,155558,0
filter,123382,0
filter,124925,0
filter,124579,0
filter,124857,0
filter,123088,0
filter,42920,0
filter,42439,0
filter,156826,0
filter,123016,0
filter,124645,0
filter,134430,0
filter,124888,0
filter,123158,0
filter,43431,0
filter,42493,0
filter,155556,0
filter,125856,0
filter,124942,0
filter,124457,0
filter,124583,0
filter,123170,0
filter,43356,0
filter,42911,0
filter,154258,0
filter,123177,0
filter,131961,0
filter,124645,0
filter,124942,0
filter,123384,0
filter,43302,0
filter,42819,0
filter,154921,0
filter,123846,0
filter,125005,0
filter,124859,0
filter,125041,0
filter,123712,0
filter,43291,0
filter,42404,0
filter,154621,0
filter,123572,0
filter,125099,0
filter,124389,0
filter,125000,0
filter,123450,0
filter,43305,0
filter,42492,0
filter,153764,0
filter,123235,0
filter,124936,0
filter,124613,0
filter,124455,0
filter,123237,0
filter,43280,0
filter,50115,0
filter,155128,0
filter,123283,0
filter,127400,0
filter,124728,0
filter,124598,0
filter,123297,0
filter,43423,0
filter,155438,0
filter,125279,0
filter,123238,0
filter,124725,0
filter,124495,0
filter,124891,0
filter,123467,0
filter,117212,0
filter,151726,0
filter,125008,0
filter,131895,0
filter,124861,0
filter,126946,0
filter,127450,0
filter,123179,0
filter,43093,0
filter,332511,0
filter,153777,0
filter,153769,0
filter,153388,0
filter,153804,0
filter,159394,0
filter,153776,0
filter,109224,0
filter,341618,0
filter,186531,0
filter,185300,0
filter,184228,0
filter,185887,0
filter,185899,0
filter,43215,0
filter,42360,0
filter,148557,0
filter,122675,0
filter,124104,0
filter,123746,0
filter,124018,0
filter,122409,0
filter,43536,0
filter,42737,0
filter,153353,0
filter,123126,0
filter,124466,0
filter,124256,0
filter,124110,0
filter,122454,0
filter,43354,0
filter,43184,0
filter,152375,0
filter,122818,0
filter,124517,0
filter,124212,0
filter,124589,0
filter,122625,0
filter,43397,0
filter,42550,0
filter,152531,0
filter,122808,0
filter,124279,0
filter,123823,0
filter,130841,0
filter,122985,0
filter,43258,0
filter,42500,0
filter,151749,0
filter,122505,0
filter,123988,0
filter,123748,0
filter,124035,0
filter,122572,0
filter,43102,0
filter,42737,0
filter,153853,0
filter,122620,0
filter,124283,0
filter,131125,0
filter,124052,0
filter,122975,0
filter,43134,0
filter,42274,0
filter,153477,0
filter,122833,0
filter,124572,0
filter,124508,0
filter,124314,0
filter,122670,0
filter,43249,0
filter,42626,0
filter,152381,0
filter,122641,0
filter,124448,0
filter,124225,0
filter,124186,0
filter,122761,0
filter,43265,0
filter,42574,0
filter,152305,0
filter,122660,0
filter,124424,0
filter,124091,0
filter,124180,0
filter,122418,0
filter,43450,0
filter,42584,0
filter,152419,0
filter,123065,0
filter,124322,0
filter,124267,0
filter,124389,0
filter,122658,0
filter,43311,0
filter,152317,0
filter,124197,0
filter,122621,0
filter,124050,0
filter,124005,0
filter,124093,0
filter,122365,0
filter,44065,0
filter,150934,0
filter,123999,0
filter,122708,0
filter,124199,0
filter,124464,0
filter,124029,0
filter,122519,0
filter,43588,0
filter,153786,0
filter,124934,0
filter,122775,0
filter,124682,0
filter,131857,0
filter,124210,0
filter,41627,0
filter,42909,0
filter,153625,0
filter,124207,0
filter,122656,0
filter,124326,0
filter,124411,0
filter,124084,0
filter,41744,0
filter,42564,0
filter,151437,0
filter,124370,0
filter,122512,0
filter,131933,0
filter,124599,0
filter,124238,0
filter,42399,0
filter,42936,0
filter,152426,0
filter,124283,0
filter,122524,0
filter,124377,0
filter,123925,0
filter,124263,0
filter,41559,0
filter,42869,0
filter,151874,0
filter,124189,0
filter,123179,0
filter,124406,0
filter,123925,0
filter,124559,0
filter,41972,0
filter,42857,0
filter,154110,0
filter,124182,0
filter,122555,0
filter,124217,0
filter,124028,0
filter,124186,0
filter,41762,0
filter,43113,0
filter,152737,0
filter,124272,0
filter,122524,0
filter,124342,0
filter,123872,0
filter,124102,0
filter,41644,0
filter,42781,0
filter,153556,0
filter,124336,0
filter,122452,0
filter,124470,0
filter,124490,0
filter,124161,0
filter,41642,0
filter,42743,0
filter,153902,0
filter,124014,0
filter,122241,0
filter,123840,0
filter,123657,0
filter,124224,0
filter,42866,0
filter,152467,0
filter,124061,0
filter,124234,0
filter,122697,0
filter,124201,0
filter,127189,0
filter,124712,0
filter,151604,0
filter,124082,0
filter,124168,0
filter,123982,0
filter,122521,0
filter,124501,0
filter,123794,0
filter,425286,0
filter,245216,0
filter,132988,0
filter,124524,0
filter,124405,0
filter,122785,0
filter,124720,0
filter,275286,0
filter,245649,0
filter,244275,0
filter,245843,0
filter,124455,0
filter,131199,0
filter,122603,0
filter,124235,0
filter,273393,0
filter,245979,0
filter,243650,0
filter,245029,0
filter,244829,0
filter,124759,0
filter,278159,0
filter,245766,0
filter,250696,0
filter,245518,0
filter,243460,0
filter,364415,0
filter,285138,0
filter,247953,0
filter,245058,0
filter,246906,0
filter,314355,0
filter,286907,0
filter,284735,0
filter,286664,0
filter,777684,0
filter,491672,0
filter,491948,0
filter,534008,0
filter,492889,0
filter,493981,0
filter,606954,0
filter,542393,0
filter,646086,0
filter,687222,0
filter,624323,0
filter,616719,0
filter,569409,0
filter,579669,0
filter,571876,0
filter,570539,0
filter,569451,0
filter,571353,0
filter,569984,0
filter,571514,0
filter,570368,0
filter,571292,0
filter,1.10333e+06,0
filter,536866,0
filter,538927,0
filter,529391,0
filter,528146,0
filter,529897,0
filter,529615,0
filter,528710,0
filter,528798,0
filter,536284,0
filter,529454,0
filter,488585,0
filter,488043,0
filter,496414,0
filter,487771,0
filter,488402,0
filter,487058,0
filter,494620,0
filter,488589,0
filter,285148,0
filter,284516,0
filter,284636,0
filter,283460,0
filter,284910,0
filter,284828,0
filter,284812,0
filter,244454,0
filter,245706,0
filter,244880,0
filter,252420,0
filter,243630,0
filter,245067,0
filter,124323,0
filter,124368,0
wait_all,6.93224e+08,0
deserialize,1.15569e+07,0
mult,4.01332e+06,0
deserialize,2098,0
mult,360954,0
deserialize,1006,0
mult,360111,0
deserialize,903,0
mult,366461,0
deserialize,882,0
mult,360091,0
deserialize,1000,0
mult,359654,0
deserialize,1071,0
mult,358321,0
deserialize,910,0
mult,357464,0
deserialize,952,0
mult,370432,0
deserialize,1066,0
mult,358101,0
deserialize,946,0
mult,357924,0
deserialize,1040,0
mult,357677,0
deserialize,853,0
mult,359015,0
deserialize,892,0
mult,360691,0
deserialize,813,0
mult,358992,0
deserialize,852,0
mult,364029,0
deserialize,938,0
mult,360434,0
deserialize,889,0
mult,360539,0
deserialize,917,0
mult,358791,0
deserialize,941,0
mult,366931,0
deserialize,1303,0
mult,364464,0
deserialize,1225,0
mult,358381,0
deserialize,950,0
mult,358328,0
deserialize,942,0
mult,363115,0
deserialize,1064,0
mult,359834,0
deserialize,922,0
mult,366812,0
deserialize,883,0
mult,360054,0
deserialize,955,0
mult,359795,0
deserialize,849,0
mult,368065,0
deserialize,847,0
mult,361113,0
deserialize,1120,0
mult,366864,0
deserialize,991,0
mult,357332,0
deserialize,954,0
mult,357665,0
deserialize,877,0
mult,358851,0
deserialize,864,0
mult,357989,0
deserialize,893,0
mult,359067,0
deserialize,918,0
mult,358333,0
deserialize,1113,0
mult,358999,0
deserialize,836,0
mult,360821,0
deserialize,942,0
mult,359400,0
deserialize,855,0
mult,362812,0
deserialize,887,0
mult,366984,0
deserialize,970,0
mult,360934,0
deserialize,922,0
mult,358612,0
deserialize,989,0
mult,358439,0
deserialize,899,0
mult,364198,0
deserialize,929,0
mult,358114,0
deserialize,873,0
mult,359002,0
deserialize,929,0
mult,361327,0
deserialize,913,0
mult,359955,0
deserialize,924,0
mult,366405,0
deserialize,904,0
mult,359498,0
deserialize,933,0
mult,366812,0
deserialize,1019,0
mult,365560,0
deserialize,868,0
mult,360442,0
deserialize,946,0
mult,361522,0
deserialize,923,0
mult,358092,0
deserialize,913,0
mult,357619,0
deserialize,1007,0
mult,4.32379e+06,0
deserialize,1773,0
mult,5.57756e+07,0
deserialize,2211,0
mult,3.46327e+06,0
deserialize,1944,0
mult,4.621e+06,0
deserialize,1290,0
mult,359554,0
deserialize,1033,0
mult,362611,0
deserialize,1044,0
mult,359192,0
deserialize,995,0
mult,358630,0
deserialize,1138,0
mult,360406,0
deserialize,928,0
mult,368666,0
deserialize,1017,0
mult,363771,0
deserialize,1006,0
mult,360147,0
deserialize,1164,0
mult,357402,0
deserialize,975,0
mult,361974,0
deserialize,1025,0
mult,360475,0
deserialize,945,0
mult,363616,0
deserialize,938,0
mult,358706,0
deserialize,994,0
mult,359022,0
deserialize,966,0
mult,366132,0
deserialize,1037,0
mult,360643,0
deserialize,953,0
mult,371155,0
deserialize,1007,0
mult,360561,0
deserialize,986,0
mult,361147,0
deserialize,1010,0
mult,366537,0
deserialize,980,0
mult,359681,0
deserialize,945,0
mult,358053,0
deserialize,1064,0
mult,357923,0
deserialize,980,0
mult,358121,0
deserialize,902,0
mult,358011,0
deserialize,999,0
mult,358301,0
deserialize,1029,0
mult,357801,0
deserialize,995,0
mult,365221,0
deserialize,1017,0
mult,357856,0
deserialize,988,0
mult,359373,0
deserialize,920,0
mult,359128,0
deserialize,1133,0
mult,363185,0
deserialize,956,0
mult,360394,0
deserialize,1008,0
mult,359321,0
deserialize,914,0
mult,360035,0
deserialize,996,0
mult,359633,0
deserialize,959,0
mult,364367,0
deserialize,1236,0
mult,357963,0
deserialize,935,0
mult,364517,0
deserialize,1086,0
mult,362880,0
deserialize,936,0
mult,359861,0
deserialize,973,0
mult,365555,0
deserialize,976,0
mult,360918,0
deserialize,983,0
mult,360471,0
deserialize,899,0
mult,367661,0
deserialize,951,0
mult,360224,0
deserialize,961,0
mult,360129,0
deserialize,961,0
mult,358211,0
deserialize,932,0
mult,357801,0
deserialize,929,0
mult,366338,0
deserialize,1040,0
mult,357110,0
deserialize,1026,0
mult,358714,0
deserialize,947,0
mult,357816,0
deserialize,940,0
mult,358779,0
deserialize,1205,0
mult,359817,0
deserialize,14719,0
mult,385723,0
deserialize,1133,0
mult,378245,0
deserialize,957,0
mult,381734,0
deserialize,918,0
mult,377684,0
deserialize,997,0
mult,374765,0
deserialize,978,0
mult,382601,0
deserialize,1023,0
mult,370557,0
deserialize,927,0
mult,370967,0
deserialize,953,0
mult,371462,0
deserialize,907,0
mult,370877,0
deserialize,1030,0
mult,370704,0
deserialize,910,0
mult,371901,0
deserialize,986,0
mult,369746,0
deserialize,930,0
mult,370331,0
deserialize,1008,0
mult,371574,0
deserialize,943,0
mult,376671,0
deserialize,1098,0
mult,371527,0
deserialize,1040,0
mult,371320,0
deserialize,936,0
mult,370130,0
deserialize,955,0
mult,369631,0
deserialize,965,0
mult,370293,0
deserialize,989,0
mult,369813,0
deserialize,1205,0
mult,371167,0
deserialize,897,0
mult,377813,0
deserialize,931,0
mult,377397,0
deserialize,1091,0
mult,383404,0
deserialize,953,0
mult,383289,0
deserialize,1061,0
mult,380993,0
deserialize,946,0
mult,377418,0
deserialize,985,0
mult,375630,0
deserialize,940,0
mult,376491,0
deserialize,917,0
mult,370738,0
deserialize,934,0
mult,373111,0
deserialize,928,0
mult,370815,0
deserialize,902,0
mult,370815,0
deserialize,950,0
mult,371191,0
deserialize,970,0
mult,371422,0
deserialize,1166,0
mult,390114,0
deserialize,1146,0
mult,370447,0
deserialize,1213,0
mult,369861,0
deserialize,931,0
mult,370830,0
deserialize,1017,0
mult,370692,0
deserialize,954,0
mult,371610,0
deserialize,1131,0
mult,369103,0
deserialize,941,0
mult,369860,0
deserialize,993,0
mult,369885,0
deserialize,914,0
mult,369169,0
deserialize,991,0
mult,377922,0
deserialize,1037,0
mult,374929,0
deserialize,1066,0
mult,376490,0
deserialize,941,0
mult,383229,0
deserialize,1181,0
mult,377963,0
deserialize,911,0
mult,382179,0
deserialize,1009,0
mult,376028,0
deserialize,933,0
mult,378278,0
deserialize,1164,0
mult,376711,0
deserialize,930,0
mult,372090,0
deserialize,930,0
mult,373534,0
deserialize,915,0
mult,376884,0
deserialize,1028,0
mult,369424,0
deserialize,909,0
mult,370761,0
deserialize,932,0
mult,371438,0
deserialize,923,0
mult,371302,0
deserialize,1504,0
mult,370838,0
deserialize,922,0
mult,370709,0
deserialize,898,0
mult,370839,0
deserialize,950,0
mult,371615,0
deserialize,986,0
mult,371708,0
deserialize,915,0
mult,371119,0
deserialize,917,0
mult,375160,0
deserialize,1371,0
mult,369148,0
deserialize,932,0
mult,369804,0
deserialize,971,0
mult,370608,0
deserialize,1164,0
mult,373741,0
deserialize,1078,0
mult,376319,0
deserialize,921,0
mult,383531,0
deserialize,1257,0
mult,378890,0
deserialize,974,0
mult,382116,0
deserialize,1228,0
mult,376788,0
deserialize,909,0
mult,384563,0
deserialize,1154,0
mult,376547,0
deserialize,1018,0
mult,371326,0
deserialize,1009,0
mult,374454,0
deserialize,917,0
mult,370654,0
deserialize,933,0
mult,369794,0
deserialize,924,0
mult,371379,0
deserialize,951,0
mult,369863,0
deserialize,967,0
mult,370471,0
deserialize,1153,0
mult,372680,0
deserialize,1124,0
mult,370205,0
deserialize,938,0
mult,375598,0
deserialize,1423,0
mult,371051,0
deserialize,944,0
mult,370773,0
deserialize,989,0
mult,370020,0
deserialize,957,0
mult,369236,0
deserialize,946,0
mult,370006,0
deserialize,985,0
mult,369366,0
deserialize,1121,0
mult,369230,0
deserialize,944,0
mult,372471,0
deserialize,984,0
mult,375265,0
deserialize,896,0
mult,382127,0
deserialize,1077,0
mult,385359,0
deserialize,1002,0
mult,382287,0
deserialize,986,0
mult,375422,0
deserialize,934,0
mult,379453,0
deserialize,1227,0
mult,377611,0
deserialize,932,0
mult,371429,0
deserialize,934,0
mult,375347,0
deserialize,953,0
mult,370651,0
deserialize,1003,0
mult,370121,0
deserialize,926,0
mult,371779,0
deserialize,1186,0
mult,379504,0
deserialize,1648,0
mult,369762,0
deserialize,1019,0
mult,371361,0
deserialize,956,0
mult,369395,0
deserialize,1167,0
mult,370364,0
deserialize,936,0
mult,371283,0
deserialize,1076,0
mult,370069,0
deserialize,930,0
mult,370883,0
deserialize,1010,0
mult,369808,0
deserialize,935,0
mult,369555,0
deserialize,1032,0
mult,369801,0
deserialize,919,0
mult,390062,0
deserialize,1354,0
mult,370603,0
deserialize,943,0
mult,373170,0
deserialize,1008,0
mult,381004,0
deserialize,888,0
mult,378661,0
deserialize,945,0
mult,381411,0
deserialize,904,0
mult,376587,0
deserialize,919,0
mult,379927,0
deserialize,1152,0
mult,376981,0
deserialize,1004,0
mult,372098,0
deserialize,930,0
mult,374987,0
deserialize,953,0
mult,374799,0
deserialize,1005,0
mult,368636,0
deserialize,918,0
mult,371154,0
deserialize,954,0
mult,369451,0
deserialize,1090,0
mult,370541,0
deserialize,931,0
mult,372004,0
deserialize,926,0
mult,369193,0
deserialize,1085,0
mult,369437,0
deserialize,997,0
mult,370443,0
deserialize,1009,0
mult,370213,0
deserialize,913,0
mult,375667,0
deserialize,1089,0
mult,369054,0
deserialize,1010,0
mult,369477,0
deserialize,1046,0
mult,368921,0
deserialize,926,0
mult,369235,0
deserialize,1016,0
mult,370009,0
deserialize,927,0
mult,372884,0
deserialize,989,0
mult,379574,0
deserialize,904,0
mult,378235,0
deserialize,953,0
mult,382472,0
deserialize,923,0
mult,376127,0
deserialize,950,0
mult,387325,0
deserialize,1010,0
mult,377476,0
deserialize,981,0
mult,372909,0
deserialize,937,0
mult,375516,0
deserialize,949,0
mult,370126,0
deserialize,974,0
mult,370090,0
deserialize,934,0
mult,370611,0
deserialize,993,0
mult,369801,0
deserialize,1019,0
mult,370598,0
deserialize,992,0
mult,372566,0
deserialize,937,0
mult,368754,0
deserialize,940,0
mult,375423,0
deserialize,1020,0
mult,369947,0
deserialize,956,0
mult,370655,0
deserialize,957,0
mult,370900,0
deserialize,979,0
mult,369305,0
deserialize,1495,0
mult,368693,0
deserialize,979,0
mult,368324,0
deserialize,941,0
mult,368582,0
deserialize,937,0
mult,370034,0
deserialize,1052,0
mult,371586,0
deserialize,1020,0
mult,384340,0
deserialize,1011,0
mult,377001,0
deserialize,1143,0
mult,381877,0
deserialize,1036,0
mult,375950,0
deserialize,1079,0
mult,381142,0
deserialize,911,0
mult,377108,0
deserialize,1158,0
mult,374990,0
deserialize,925,0
mult,375468,0
deserialize,975,0
mult,370543,0
deserialize,969,0
mult,371179,0
deserialize,943,0
mult,370729,0
deserialize,923,0
mult,375562,0
deserialize,994,0
mult,370357,0
deserialize,982,0
mult,371576,0
deserialize,921,0
mult,369094,0
deserialize,932,0
mult,368916,0
deserialize,981,0
mult,370580,0
deserialize,923,0
mult,370928,0
deserialize,1001,0
mult,370383,0
deserialize,1030,0
mult,369581,0
deserialize,1000,0
mult,368820,0
deserialize,943,0
mult,369168,0
deserialize,957,0
mult,374636,0
deserialize,1260,0
mult,368835,0
deserialize,930,0
mult,370448,0
deserialize,940,0
mult,376648,0
deserialize,908,0
mult,377501,0
deserialize,916,0
mult,382957,0
deserialize,900,0
mult,377310,0
deserialize,943,0
mult,381763,0
deserialize,917,0
mult,376552,0
deserialize,936,0
mult,375234,0
deserialize,884,0
mult,396924,0
deserialize,1008,0
mult,371502,0
deserialize,1012,0
mult,371420,0
deserialize,993,0
mult,370029,0
deserialize,961,0
mult,369819,0
deserialize,1270,0
mult,370223,0
deserialize,911,0
mult,371347,0
deserialize,998,0
mult,369293,0
deserialize,954,0
mult,369118,0
deserialize,1028,0
mult,369659,0
deserialize,997,0
mult,369832,0
deserialize,940,0
mult,376676,0
deserialize,998,0
mult,370845,0
deserialize,941,0
mult,369437,0
deserialize,973,0
mult,369158,0
deserialize,934,0
mult,368946,0
deserialize,919,0
mult,369008,0
deserialize,957,0
mult,369864,0
deserialize,870,0
mult,374718,0
deserialize,921,0
mult,375403,0
deserialize,997,0
mult,383184,0
deserialize,1014,0
mult,375672,0
deserialize,920,0
mult,386658,0
deserialize,1032,0
mult,375483,0
deserialize,918,0
mult,376057,0
deserialize,951,0
mult,375423,0
deserialize,1246,0
mult,370768,0
deserialize,943,0
mult,373161,0
deserialize,946,0
mult,369580,0
deserialize,954,0
mult,369857,0
deserialize,925,0
mult,370281,0
deserialize,928,0
mult,371317,0
deserialize,924,0
mult,376486,0
deserialize,1433,0
mult,370252,0
deserialize,1154,0
mult,369601,0
deserialize,947,0
mult,369300,0
deserialize,1260,0
mult,369781,0
deserialize,911,0
mult,371200,0
deserialize,1053,0
mult,369353,0
deserialize,910,0
mult,368345,0
deserialize,969,0
mult,368754,0
deserialize,923,0
mult,369350,0
deserialize,986,0
mult,370011,0
deserialize,1073,0
mult,378949,0
deserialize,1018,0
mult,374444,0
deserialize,1339,0
mult,382378,0
deserialize,933,0
mult,377754,0
deserialize,949,0
mult,381585,0
deserialize,1034,0
mult,375653,0
deserialize,926,0
mult,377926,0
deserialize,1077,0
mult,375721,0
deserialize,934,0
mult,370587,0
deserialize,1010,0
mult,373488,0
deserialize,954,0
mult,369988,0
deserialize,1070,0
mult,375535,0
deserialize,982,0
mult,370504,0
deserialize,954,0
mult,369608,0
deserialize,935,0
mult,369355,0
deserialize,1020,0
mult,370555,0
deserialize,1189,0
mult,369283,0
deserialize,910,0
mult,369988,0
deserialize,918,0
mult,370802,0
deserialize,982,0
mult,369998,0
deserialize,968,0
mult,369582,0
deserialize,917,0
mult,375645,0
deserialize,987,0
mult,368981,0
deserialize,1307,0
mult,367863,0
deserialize,971,0
mult,369127,0
deserialize,1069,0
mult,370883,0
deserialize,991,0
mult,374392,0
deserialize,891,0
mult,382168,0
deserialize,1026,0
mult,377828,0
deserialize,936,0
mult,381553,0
deserialize,997,0
mult,375062,0
deserialize,952,0
mult,378454,0
deserialize,1036,0
mult,382478,0
deserialize,1112,0
mult,370441,0
deserialize,924,0
mult,374016,0
deserialize,989,0
mult,369103,0
deserialize,903,0
mult,368721,0
deserialize,911,0
mult,370684,0
deserialize,944,0
mult,369250,0
deserialize,943,0
mult,370103,0
deserialize,930,0
mult,370737,0
deserialize,1019,0
mult,368993,0
deserialize,1195,0
mult,369266,0
deserialize,984,0
mult,384062,0
deserialize,1273,0
mult,369555,0
deserialize,916,0
mult,369817,0
deserialize,928,0
mult,368392,0
deserialize,1015,0
mult,368921,0
deserialize,924,0
mult,368977,0
deserialize,903,0
mult,368946,0
deserialize,937,0
mult,370629,0
deserialize,1164,0
mult,372714,0
deserialize,1060,0
mult,380965,0
deserialize,1133,0
mult,383515,0
deserialize,1115,0
mult,382285,0
deserialize,1046,0
mult,375690,0
deserialize,942,0
mult,380353,0
deserialize,1196,0
mult,376886,0
deserialize,921,0
mult,372049,0
deserialize,998,0
mult,374809,0
deserialize,929,0
mult,369031,0
deserialize,1027,0
mult,368904,0
deserialize,923,0
mult,369773,0
deserialize,1002,0
mult,369739,0
deserialize,1332,0
mult,376086,0
deserialize,1180,0
mult,372266,0
deserialize,967,0
mult,369176,0
deserialize,1221,0
mult,368797,0
deserialize,920,0
mult,370136,0
deserialize,1149,0
mult,370030,0
deserialize,927,0
mult,369974,0
deserialize,917,0
mult,368750,0
deserialize,903,0
mult,368781,0
deserialize,1027,0
mult,369368,0
deserialize,905,0
mult,369851,0
deserialize,956,0
mult,376474,0
deserialize,1032,0
mult,372147,0
deserialize,919,0
mult,379936,0
deserialize,897,0
mult,378037,0
deserialize,930,0
mult,381166,0
deserialize,916,0
mult,375704,0
deserialize,957,0
mult,380297,0
deserialize,935,0
mult,377361,0
deserialize,907,0
mult,372717,0
deserialize,944,0
mult,375122,0
deserialize,934,0
mult,376139,0
deserialize,1028,0
mult,369275,0
deserialize,1080,0
mult,369857,0
deserialize,914,0
mult,369657,0
deserialize,933,0
mult,370878,0
deserialize,1013,0
mult,372227,0
deserialize,1056,0
mult,368828,0
deserialize,1242,0
mult,368300,0
deserialize,893,0
mult,370224,0
deserialize,970,0
mult,370489,0
deserialize,989,0
mult,369455,0
deserialize,956,0
mult,374640,0
deserialize,983,0
mult,369048,0
deserialize,992,0
mult,368657,0
deserialize,987,0
mult,369300,0
deserialize,977,0
mult,369546,0
deserialize,911,0
mult,371374,0
deserialize,961,0
mult,378367,0
deserialize,894,0
mult,377677,0
deserialize,1217,0
mult,382567,0
deserialize,1008,0
mult,375335,0
deserialize,921,0
mult,380528,0
deserialize,932,0
mult,382924,0
deserialize,1007,0
mult,373898,0
deserialize,1133,0
mult,376142,0
deserialize,1020,0
mult,370646,0
deserialize,1075,0
mult,370709,0
deserialize,925,0
mult,369588,0
deserialize,906,0
mult,370040,0
deserialize,963,0
mult,370215,0
deserialize,980,0
mult,370743,0
deserialize,957,0
mult,368806,0
deserialize,930,0
mult,374614,0
deserialize,1028,0
mult,370343,0
deserialize,1002,0
mult,370216,0
deserialize,892,0
mult,370003,0
deserialize,1044,0
mult,370326,0
deserialize,916,0
mult,368535,0
deserialize,920,0
mult,369560,0
deserialize,925,0
mult,368902,0
deserialize,963,0
mult,369175,0
deserialize,926,0
mult,370630,0
deserialize,1383,0
mult,376446,0
deserialize,913,0
mult,383190,0
deserialize,1335,0
mult,382480,0
deserialize,1004,0
mult,376305,0
deserialize,977,0
mult,380837,0
deserialize,909,0
mult,376307,0
deserialize,1233,0
mult,375284,0
deserialize,956,0
mult,375338,0
deserialize,935,0
mult,370211,0
deserialize,929,0
mult,371201,0
deserialize,1029,0
mult,370009,0
deserialize,966,0
mult,369792,0
deserialize,1053,0
mult,376515,0
deserialize,1078,0
mult,370870,0
deserialize,940,0
mult,369054,0
deserialize,985,0
mult,369560,0
deserialize,1013,0
mult,369534,0
deserialize,923,0
mult,369646,0
wait_all,7.42534e+08,0
deserialize,4517,0
mult,369123,0
deserialize,1147,0
mult,359271,0
deserialize,866,0
mult,361036,0
deserialize,986,0
mult,375362,0
deserialize,1020,0
mult,359140,0
deserialize,863,0
mult,358250,0
deserialize,859,0
mult,357808,0
deserialize,988,0
mult,357726,0
deserialize,977,0
mult,357364,0
deserialize,928,0
mult,357641,0
deserialize,856,0
mult,357438,0
deserialize,922,0
mult,357482,0
deserialize,829,0
mult,358898,0
deserialize,967,0
mult,359586,0
deserialize,967,0
mult,368572,0
deserialize,1027,0
mult,361623,0
deserialize,987,0
mult,360127,0
deserialize,891,0
mult,362291,0
deserialize,923,0
mult,359574,0
deserialize,890,0
mult,360705,0
deserialize,911,0
mult,358414,0
deserialize,820,0
mult,358511,0
deserialize,1201,0
mult,361312,0
deserialize,920,0
mult,359162,0
deserialize,970,0
mult,360500,0
deserialize,811,0
mult,372711,0
deserialize,1030,0
mult,358095,0
deserialize,977,0
mult,361576,0
deserialize,891,0
mult,367609,0
deserialize,960,0
mult,360179,0
deserialize,894,0
mult,359266,0
deserialize,845,0
mult,357830,0
deserialize,1034,0
mult,358084,0
deserialize,1137,0
mult,358032,0
deserialize,860,0
mult,358294,0
deserialize,836,0
mult,357714,0
deserialize,919,0
mult,364454,0
deserialize,990,0
mult,357187,0
deserialize,948,0
mult,360380,0
deserialize,884,0
mult,361687,0
deserialize,976,0
mult,362456,0
deserialize,851,0
mult,360604,0
deserialize,851,0
mult,362610,0
deserialize,1030,0
mult,359724,0
deserialize,840,0
mult,362948,0
deserialize,868,0
mult,357968,0
deserialize,874,0
mult,357822,0
deserialize,930,0
mult,364460,0
deserialize,1202,0
mult,358395,0
deserialize,974,0
mult,361523,0
deserialize,873,0
mult,366653,0
deserialize,968,0
mult,359514,0
deserialize,884,0
mult,362331,0
deserialize,872,0
mult,366655,0
deserialize,853,0
mult,361843,0
deserialize,887,0
mult,360751,0
deserialize,901,0
mult,357681,0
deserialize,938,0
mult,358012,0
deserialize,997,0
mult,1.59858e+06,0
deserialize,965,0
mult,1.66305e+06,0
deserialize,1047,0
mult,1.56626e+06,0
deserialize,1140,0
mult,1.27188e+06,0
deserialize,1073,0
mult,359391,0
deserialize,1025,0
mult,357552,0
deserialize,891,0
mult,359100,0
deserialize,1000,0
mult,358732,0
deserialize,1015,0
mult,359993,0
deserialize,822,0
mult,372474,0
deserialize,1056,0
mult,362275,0
deserialize,1120,0
mult,358440,0
deserialize,871,0
mult,363492,0
deserialize,956,0
mult,359277,0
deserialize,1074,0
mult,359004,0
deserialize,864,0
mult,357544,0
deserialize,888,0
mult,357051,0
deserialize,1015,0
mult,361515,0
deserialize,1344,0
mult,361646,0
deserialize,913,0
mult,359888,0
deserialize,1121,0
mult,509045,0
deserialize,1107,0
mult,360064,0
deserialize,1004,0
mult,360725,0
deserialize,846,0
mult,367091,0
deserialize,910,0
mult,358090,0
deserialize,930,0
mult,357906,0
deserialize,896,0
mult,357877,0
deserialize,1035,0
mult,357379,0
deserialize,947,0
mult,357135,0
deserialize,846,0
mult,357082,0
deserialize,1132,0
mult,357097,0
deserialize,1012,0
mult,364908,0
deserialize,1045,0
mult,357427,0
deserialize,1225,0
mult,359682,0
deserialize,947,0
mult,362494,0
deserialize,1118,0
mult,363316,0
deserialize,841,0
mult,358814,0
deserialize,943,0
mult,362594,0
deserialize,844,0
mult,358945,0
deserialize,934,0
mult,359609,0
deserialize,908,0
mult,357460,0
deserialize,904,0
mult,357351,0
deserialize,927,0
mult,367774,0
deserialize,1107,0
mult,359675,0
deserialize,960,0
mult,359080,0
deserialize,907,0
mult,364065,0
deserialize,954,0
mult,358927,0
deserialize,860,0
mult,360725,0
deserialize,948,0
mult,366830,0
deserialize,873,0
mult,358817,0
deserialize,1271,0
mult,358676,0
deserialize,882,0
mult,357303,0
deserialize,965,0
mult,357684,0
deserialize,879,0
mult,363508,0
deserialize,1064,0
mult,356348,0
deserialize,1312,0
mult,357104,0
deserialize,1121,0
mult,357014,0
deserialize,1030,0
mult,358217,0
deserialize,863,0
mult,359083,0
deserialize,16785,0
mult,403670,0
deserialize,1051,0
mult,394183,0
deserialize,970,0
mult,392180,0
deserialize,854,0
mult,392847,0
deserialize,849,0
mult,393368,0
deserialize,849,0
mult,400703,0
deserialize,1056,0
mult,393822,0
deserialize,970,0
mult,393654,0
deserialize,855,0
mult,393512,0
deserialize,861,0
mult,395270,0
deserialize,980,0
mult,397442,0
deserialize,858,0
mult,396911,0
deserialize,915,0
mult,404795,0
deserialize,866,0
mult,398330,0
deserialize,927,0
mult,400510,0
deserialize,971,0
mult,415446,0
deserialize,1076,0
mult,402314,0
deserialize,989,0
mult,404146,0
deserialize,954,0
mult,394443,0
deserialize,886,0
mult,394084,0
deserialize,1355,0
mult,393798,0
deserialize,908,0
mult,393790,0
deserialize,976,0
mult,394724,0
deserialize,849,0
mult,392520,0
deserialize,867,0
mult,393485,0
deserialize,853,0
mult,398344,0
deserialize,1087,0
mult,392181,0
deserialize,950,0
mult,392379,0
deserialize,944,0
mult,392698,0
deserialize,858,0
mult,393248,0
deserialize,869,0
mult,393750,0
deserialize,856,0
mult,394740,0
deserialize,873,0
mult,395137,0
deserialize,1011,0
mult,393939,0
deserialize,831,0
mult,394933,0
deserialize,956,0
mult,402718,0
deserialize,1093,0
mult,395216,0
deserialize,1077,0
mult,405847,0
deserialize,959,0
mult,397714,0
deserialize,890,0
mult,398826,0
deserialize,950,0
mult,407892,0
deserialize,975,0
mult,403191,0
deserialize,856,0
mult,405916,0
deserialize,915,0
mult,395352,0
deserialize,876,0
mult,395101,0
deserialize,935,0
mult,399330,0
deserialize,1075,0
mult,392504,0
deserialize,1014,0
mult,393582,0
deserialize,853,0
mult,393204,0
deserialize,1021,0
mult,392509,0
deserialize,827,0
mult,392217,0
deserialize,890,0
mult,392602,0
deserialize,817,0
mult,392966,0
deserialize,882,0
mult,393305,0
deserialize,866,0
mult,393556,0
deserialize,978,0
mult,399699,0
deserialize,933,0
mult,393656,0
deserialize,1031,0
mult,394429,0
deserialize,977,0
mult,393547,0
deserialize,879,0
mult,394361,0
deserialize,820,0
mult,393420,0
deserialize,873,0
mult,395114,0
deserialize,843,0
mult,404720,0
deserialize,1016,0
mult,398288,0
deserialize,950,0
mult,400437,0
deserialize,909,0
mult,413365,0
deserialize,1059,0
mult,402909,0
deserialize,987,0
mult,407100,0
deserialize,1128,0
mult,397256,0
deserialize,864,0
mult,395607,0
deserialize,924,0
mult,392717,0
deserialize,980,0
mult,393684,0
deserialize,879,0
mult,394608,0
deserialize,899,0
mult,393722,0
deserialize,971,0
mult,393542,0
deserialize,951,0
mult,398484,0
deserialize,1070,0
mult,392274,0
deserialize,1093,0
mult,392127,0
deserialize,923,0
mult,393127,0
deserialize,836,0
mult,393516,0
deserialize,1507,0
mult,394494,0
deserialize,1014,0
mult,393896,0
deserialize,931,0
mult,395584,0
deserialize,913,0
mult,393920,0
deserialize,872,0
mult,394776,0
deserialize,1232,0
mult,398480,0
deserialize,1046,0
mult,393294,0
deserialize,1073,0
mult,404384,0
deserialize,1024,0
mult,399626,0
deserialize,962,0
mult,401780,0
deserialize,873,0
mult,406481,0
deserialize,879,0
mult,403834,0
deserialize,880,0
mult,409970,0
deserialize,987,0
mult,397860,0
deserialize,864,0
mult,397235,0
deserialize,857,0
mult,398850,0
deserialize,1030,0
mult,392603,0
deserialize,1018,0
mult,393376,0
deserialize,855,0
mult,392824,0
deserialize,1023,0
mult,393351,0
deserialize,816,0
mult,392734,0
deserialize,840,0
mult,393131,0
deserialize,830,0
mult,392499,0
deserialize,935,0
mult,392811,0
deserialize,812,0
mult,392838,0
deserialize,941,0
mult,399242,0
deserialize,1093,0
mult,393197,0
deserialize,1226,0
mult,395357,0
deserialize,876,0
mult,394165,0
deserialize,1031,0
mult,395362,0
deserialize,878,0
mult,393720,0
deserialize,937,0
mult,393420,0
deserialize,865,0
mult,402786,0
deserialize,1005,0
mult,398249,0
deserialize,863,0
mult,403313,0
deserialize,943,0
mult,409551,0
deserialize,1039,0
mult,403427,0
deserialize,1123,0
mult,409480,0
deserialize,1239,0
mult,399467,0
deserialize,880,0
mult,398831,0
deserialize,824,0
mult,392759,0
deserialize,961,0
mult,393039,0
deserialize,946,0
mult,393247,0
deserialize,871,0
mult,393373,0
deserialize,854,0
mult,394554,0
deserialize,1129,0
mult,397790,0
deserialize,1008,0
mult,391824,0
deserialize,987,0
mult,392195,0
deserialize,823,0
mult,392443,0
deserialize,867,0
mult,392393,0
deserialize,834,0
mult,393406,0
deserialize,970,0
mult,392356,0
deserialize,844,0
mult,394500,0
deserialize,877,0
mult,393540,0
deserialize,850,0
mult,395129,0
deserialize,864,0
mult,399152,0
deserialize,1057,0
mult,393256,0
deserialize,1041,0
mult,401053,0
deserialize,957,0
mult,398233,0
deserialize,912,0
mult,404135,0
deserialize,880,0
mult,401922,0
deserialize,867,0
mult,402167,0
deserialize,912,0
mult,410307,0
deserialize,877,0
mult,400421,0
deserialize,1018,0
mult,399969,0
deserialize,1039,0
mult,399703,0
deserialize,1137,0
mult,392965,0
deserialize,950,0
mult,392879,0
deserialize,1017,0
mult,393789,0
deserialize,924,0
mult,393876,0
deserialize,918,0
mult,392471,0
deserialize,838,0
mult,392542,0
deserialize,840,0
mult,392261,0
deserialize,864,0
mult,392125,0
deserialize,866,0
mult,392742,0
deserialize,857,0
mult,398740,0
deserialize,1014,0
mult,392997,0
deserialize,1037,0
mult,394094,0
deserialize,1123,0
mult,393107,0
deserialize,879,0
mult,394675,0
deserialize,975,0
mult,393463,0
deserialize,1067,0
mult,394824,0
deserialize,874,0
mult,399578,0
deserialize,1047,0
mult,397697,0
deserialize,1077,0
mult,404165,0
deserialize,1044,0
mult,406525,0
deserialize,1007,0
mult,401152,0
deserialize,1023,0
mult,409847,0
deserialize,973,0
mult,401334,0
deserialize,1164,0
mult,402148,0
deserialize,853,0
mult,392883,0
deserialize,937,0
mult,392585,0
deserialize,936,0
mult,393684,0
deserialize,899,0
mult,392654,0
deserialize,1098,0
mult,394267,0
deserialize,928,0
mult,397766,0
deserialize,1030,0
mult,392455,0
deserialize,1106,0
mult,392253,0
deserialize,941,0
mult,391813,0
deserialize,1017,0
mult,391629,0
deserialize,830,0
mult,392406,0
deserialize,940,0
mult,392450,0
deserialize,855,0
mult,394025,0
deserialize,1096,0
mult,392791,0
deserialize,878,0
mult,394400,0
deserialize,1030,0
mult,399897,0
deserialize,1048,0
mult,394313,0
deserialize,1014,0
mult,397339,0
deserialize,857,0
mult,396427,0
deserialize,951,0
mult,404669,0
deserialize,887,0
mult,398451,0
deserialize,852,0
mult,399908,0
deserialize,1018,0
mult,408599,0
deserialize,873,0
mult,402516,0
deserialize,938,0
mult,403654,0
deserialize,996,0
mult,399640,0
deserialize,1018,0
mult,393661,0
deserialize,1116,0
mult,392294,0
deserialize,927,0
mult,393124,0
deserialize,856,0
mult,392726,0
deserialize,844,0
mult,391522,0
deserialize,848,0
mult,392588,0
deserialize,840,0
mult,391484,0
deserialize,827,0
mult,392076,0
deserialize,895,0
mult,392133,0
deserialize,849,0
mult,398733,0
deserialize,1053,0
mult,392517,0
deserialize,1010,0
mult,393832,0
deserialize,1136,0
mult,393784,0
deserialize,976,0
mult,394499,0
deserialize,933,0
mult,392601,0
deserialize,1230,0
mult,394668,0
deserialize,945,0
mult,395790,0
deserialize,860,0
mult,395091,0
deserialize,930,0
mult,405355,0
deserialize,900,0
mult,402627,0
deserialize,1172,0
mult,398893,0
deserialize,1362,0
mult,407151,0
deserialize,873,0
mult,403119,0
deserialize,853,0
mult,405384,0
deserialize,851,0
mult,395044,0
deserialize,904,0
mult,393828,0
deserialize,1117,0
mult,392418,0
deserialize,871,0
mult,392538,0
deserialize,1120,0
mult,393450,0
deserialize,810,0
mult,391729,0
deserialize,826,0
mult,392277,0
deserialize,1116,0
mult,391557,0
deserialize,984,0
mult,391530,0
deserialize,852,0
mult,391703,0
deserialize,893,0
mult,392177,0
deserialize,967,0
mult,392077,0
deserialize,845,0
mult,393313,0
deserialize,1015,0
mult,393508,0
deserialize,1100,0
mult,394103,0
deserialize,891,0
mult,393550,0
deserialize,933,0
mult,400774,0
deserialize,1384,0
mult,393085,0
deserialize,943,0
mult,394368,0
deserialize,882,0
mult,403696,0
deserialize,1006,0
mult,398080,0
deserialize,1125,0
mult,399769,0
deserialize,931,0
mult,406618,0
deserialize,994,0
mult,403576,0
deserialize,877,0
mult,407003,0
deserialize,933,0
mult,396304,0
deserialize,841,0
mult,400658,0
deserialize,1072,0
mult,391810,0
deserialize,947,0
mult,392325,0
deserialize,916,0
mult,393085,0
deserialize,862,0
mult,391883,0
deserialize,858,0
mult,392516,0
deserialize,844,0
mult,392188,0
deserialize,860,0
mult,391947,0
deserialize,838,0
mult,391657,0
deserialize,1114,0
mult,392024,0
deserialize,851,0
mult,397689,0
deserialize,1127,0
mult,392804,0
deserialize,952,0
mult,393624,0
deserialize,1409,0
mult,394103,0
deserialize,977,0
mult,393207,0
deserialize,999,0
mult,394553,0
deserialize,879,0
mult,392570,0
deserialize,893,0
mult,393466,0
deserialize,950,0
mult,403951,0
deserialize,1033,0
mult,398376,0
deserialize,877,0
mult,406673,0
deserialize,1026,0
mult,405178,0
deserialize,942,0
mult,402754,0
deserialize,917,0
mult,408610,0
deserialize,843,0
mult,397473,0
deserialize,880,0
mult,396488,0
deserialize,841,0
mult,391904,0
deserialize,1102,0
mult,392203,0
deserialize,900,0
mult,393509,0
deserialize,876,0
mult,392217,0
deserialize,906,0
mult,402873,0
deserialize,1109,0
mult,392078,0
deserialize,1367,0
mult,391410,0
deserialize,1020,0
mult,391787,0
deserialize,980,0
mult,391694,0
deserialize,866,0
mult,391601,0
deserialize,975,0
mult,393126,0
deserialize,847,0
mult,392956,0
deserialize,864,0
mult,394800,0
deserialize,880,0
mult,393598,0
deserialize,835,0
mult,401009,0
deserialize,1084,0
mult,392367,0
deserialize,1055,0
mult,393939,0
deserialize,1054,0
mult,401920,0
deserialize,1000,0
mult,398292,0
deserialize,936,0
mult,402729,0
deserialize,1107,0
mult,404224,0
deserialize,858,0
mult,402871,0
deserialize,1026,0
mult,408872,0
deserialize,882,0
mult,398350,0
deserialize,870,0
mult,403066,0
deserialize,1116,0
mult,392083,0
deserialize,927,0
mult,392329,0
deserialize,847,0
mult,393303,0
deserialize,850,0
mult,392864,0
deserialize,868,0
mult,392865,0
deserialize,851,0
mult,391840,0
deserialize,904,0
mult,392077,0
deserialize,826,0
mult,391770,0
deserialize,921,0
mult,391814,0
deserialize,1091,0
mult,400350,0
deserialize,1125,0
mult,392588,0
deserialize,957,0
mult,392881,0
deserialize,1002,0
mult,394356,0
deserialize,900,0
mult,393810,0
deserialize,975,0
mult,394972,0
deserialize,1074,0
mult,392667,0
deserialize,1015,0
mult,393409,0
deserialize,870,0
mult,400976,0
deserialize,956,0
mult,398058,0
deserialize,1113,0
mult,409373,0
deserialize,1200,0
mult,401638,0
deserialize,950,0
mult,401930,0
deserialize,909,0
mult,409658,0
deserialize,1026,0
mult,400288,0
deserialize,878,0
mult,399629,0
deserialize,836,0
mult,391937,0
deserialize,928,0
mult,392888,0
deserialize,811,0
mult,392331,0
deserialize,857,0
mult,392204,0
deserialize,845,0
mult,400259,0
deserialize,1081,0
mult,391810,0
deserialize,917,0
mult,391629,0
deserialize,851,0
mult,391576,0
deserialize,854,0
mult,392227,0
deserialize,887,0
mult,392157,0
deserialize,873,0
mult,393208,0
deserialize,908,0
mult,393387,0
deserialize,866,0
mult,394593,0
deserialize,874,0
mult,392906,0
deserialize,933,0
mult,400705,0
deserialize,1100,0
mult,392600,0
deserialize,999,0
mult,393713,0
deserialize,906,0
mult,399118,0
deserialize,967,0
mult,398865,0
deserialize,930,0
mult,404957,0
deserialize,1058,0
mult,400676,0
deserialize,832,0
mult,400854,0
deserialize,1028,0
mult,409289,0
deserialize,950,0
mult,401003,0
deserialize,985,0
mult,407327,0
deserialize,1081,0
mult,393123,0
deserialize,1016,0
mult,392537,0
deserialize,873,0
mult,392601,0
deserialize,920,0
mult,392304,0
deserialize,869,0
mult,393686,0
deserialize,853,0
mult,391995,0
deserialize,844,0
mult,391960,0
deserialize,947,0
mult,391987,0
deserialize,957,0
mult,392205,0
deserialize,844,0
mult,397543,0
deserialize,1143,0
mult,392329,0
deserialize,1239,0
mult,392088,0
deserialize,835,0
mult,394132,0
deserialize,1010,0
mult,393485,0
deserialize,962,0
mult,393743,0
deserialize,861,0
mult,392617,0
deserialize,851,0
mult,393772,0
deserialize,881,0
mult,397127,0
deserialize,854,0
mult,396947,0
deserialize,1000,0
mult,411013,0
deserialize,1077,0
mult,398284,0
deserialize,964,0
mult,399423,0
deserialize,887,0
mult,408499,0
deserialize,892,0
mult,401526,0
deserialize,932,0
mult,403597,0
deserialize,921,0
mult,393890,0
deserialize,960,0
mult,393073,0
deserialize,836,0
mult,392022,0
deserialize,893,0
mult,392484,0
deserialize,840,0
mult,399011,0
deserialize,1202,0
mult,391494,0
deserialize,1006,0
mult,392056,0
deserialize,1300,0
mult,391825,0
deserialize,832,0
mult,391917,0
deserialize,1344,0
mult,391541,0
deserialize,814,0
mult,392079,0
deserialize,963,0
mult,392027,0
deserialize,841,0
mult,393625,0
deserialize,847,0
mult,393369,0
deserialize,960,0
mult,400493,0
deserialize,1103,0
mult,392674,0
deserialize,917,0
mult,394052,0
deserialize,915,0
mult,395217,0
deserialize,854,0
mult,394737,0
deserialize,940,0
mult,404458,0
deserialize,1143,0
mult,396910,0
deserialize,978,0
mult,398706,0
deserialize,816,0
mult,407955,0
wait_all,7.42624e+08,0
deserialize,3497,0
mult,368671,0
deserialize,1192,0
mult,359350,0
deserialize,870,0
mult,360438,0
deserialize,887,0
mult,372984,0
deserialize,961,0
mult,360038,0
deserialize,883,0
mult,362104,0
deserialize,837,0
mult,363247,0
deserialize,880,0
mult,358005,0
deserialize,844,0
mult,359190,0
deserialize,854,0
mult,363058,0
deserialize,848,0
mult,357491,0
deserialize,885,0
mult,358071,0
deserialize,811,0
mult,358477,0
deserialize,851,0
mult,359697,0
deserialize,817,0
mult,363947,0
deserialize,936,0
mult,356683,0
deserialize,874,0
mult,357194,0
deserialize,854,0
mult,357633,0
deserialize,878,0
mult,359792,0
deserialize,877,0
mult,360675,0
deserialize,857,0
mult,365624,0
deserialize,828,0
mult,358870,0
deserialize,834,0
mult,358244,0
deserialize,882,0
mult,363290,0
deserialize,859,0
mult,361930,0
deserialize,810,0
mult,373240,0
deserialize,944,0
mult,358511,0
deserialize,841,0
mult,359069,0
deserialize,931,0
mult,367343,0
deserialize,1029,0
mult,360669,0
deserialize,910,0
mult,361935,0
deserialize,977,0
mult,363910,0
deserialize,1117,0
mult,359777,0
deserialize,850,0
mult,359077,0
deserialize,886,0
mult,363248,0
deserialize,783,0
mult,358950,0
deserialize,913,0
mult,364353,0
deserialize,917,0
mult,357542,0
deserialize,849,0
mult,360409,0
deserialize,879,0
mult,357959,0
deserialize,1130,0
mult,357906,0
deserialize,920,0
mult,357798,0
deserialize,1076,0
mult,357381,0
deserialize,1070,0
mult,358910,0
deserialize,843,0
mult,360706,0
deserialize,842,0
mult,364960,0
deserialize,834,0
mult,359756,0
deserialize,824,0
mult,364003,0
deserialize,962,0
mult,361976,0
deserialize,810,0
mult,360581,0
deserialize,860,0
mult,366820,0
deserialize,851,0
mult,360070,0
deserialize,850,0
mult,360322,0
deserialize,833,0
mult,365214,0
deserialize,841,0
mult,362160,0
deserialize,854,0
mult,363444,0
deserialize,826,0
mult,360404,0
deserialize,862,0
mult,357641,0
deserialize,944,0
mult,1.63534e+06,0
deserialize,1053,0
mult,1.67629e+06,0
deserialize,902,0
mult,1.55859e+06,0
deserialize,970,0
mult,1.28916e+06,0
deserialize,1031,0
mult,360033,0
deserialize,906,0
mult,362256,0
deserialize,960,0
mult,357535,0
deserialize,901,0
mult,358436,0
deserialize,895,0
mult,358647,0
deserialize,805,0
mult,363282,0
deserialize,1003,0
mult,356488,0
deserialize,917,0
mult,356947,0
deserialize,812,0
mult,357514,0
deserialize,828,0
mult,361884,0
deserialize,1164,0
mult,361358,0
deserialize,822,0
mult,362841,0
deserialize,850,0
mult,357993,0
deserialize,903,0
mult,359941,0
deserialize,869,0
mult,364532,0
deserialize,856,0
mult,360467,0
deserialize,949,0
mult,369574,0
deserialize,959,0
mult,360201,0
deserialize,962,0
mult,361154,0
deserialize,824,0
mult,366934,0
deserialize,853,0
mult,361367,0
deserialize,840,0
mult,360661,0
deserialize,871,0
mult,362247,0
deserialize,915,0
mult,358948,0
deserialize,843,0
mult,359360,0
deserialize,859,0
mult,361751,0
deserialize,992,0
mult,357289,0
deserialize,976,0
mult,363959,0
deserialize,921,0
mult,357700,0
deserialize,899,0
mult,358738,0
deserialize,825,0
mult,357615,0
deserialize,905,0
mult,357282,0
deserialize,861,0
mult,357829,0
deserialize,904,0
mult,357327,0
deserialize,826,0
mult,360400,0
deserialize,980,0
mult,360188,0
deserialize,890,0
mult,363971,0
deserialize,1175,0
mult,357541,0
deserialize,848,0
mult,364367,0
deserialize,1298,0
mult,363374,0
deserialize,924,0
mult,360053,0
deserialize,886,0
mult,365373,0
deserialize,888,0
mult,359031,0
deserialize,904,0
mult,360275,0
deserialize,847,0
mult,367865,0
deserialize,890,0
mult,361272,0
deserialize,866,0
mult,361091,0
deserialize,873,0
mult,362908,0
deserialize,1042,0
mult,357565,0
deserialize,857,0
mult,364284,0
deserialize,947,0
mult,362640,0
deserialize,947,0
mult,357349,0
deserialize,848,0
mult,357763,0
deserialize,851,0
mult,357595,0
deserialize,874,0
mult,359249,0
deserialize,17732,0
mult,415167,0
deserialize,995,0
mult,381141,0
deserialize,910,0
mult,379808,0
deserialize,878,0
mult,380061,0
deserialize,846,0
mult,381837,0
deserialize,873,0
mult,386742,0
deserialize,970,0
mult,380747,0
deserialize,890,0
mult,379987,0
deserialize,1070,0
mult,379581,0
deserialize,1185,0
mult,379940,0
deserialize,934,0
mult,379401,0
deserialize,864,0
mult,381047,0
deserialize,938,0
mult,380025,0
deserialize,888,0
mult,379784,0
deserialize,957,0
mult,381667,0
deserialize,900,0
mult,387107,0
deserialize,1042,0
mult,391382,0
deserialize,957,0
mult,390560,0
deserialize,891,0
mult,396047,0
deserialize,909,0
mult,388299,0
deserialize,900,0
mult,390607,0
deserialize,912,0
mult,398176,0
deserialize,954,0
mult,387830,0
deserialize,843,0
mult,387244,0
deserialize,856,0
mult,380247,0
deserialize,862,0
mult,379343,0
deserialize,906,0
mult,385380,0
deserialize,1019,0
mult,379664,0
deserialize,909,0
mult,379872,0
deserialize,872,0
mult,382564,0
deserialize,899,0
mult,380702,0
deserialize,845,0
mult,382370,0
deserialize,978,0
mult,380186,0
deserialize,870,0
mult,380097,0
deserialize,857,0
mult,380340,0
deserialize,883,0
mult,379382,0
deserialize,866,0
mult,388185,0
deserialize,1000,0
mult,378499,0
deserialize,1059,0
mult,379302,0
deserialize,920,0
mult,380394,0
deserialize,873,0
mult,380776,0
deserialize,987,0
mult,390159,0
deserialize,884,0
mult,391116,0
deserialize,916,0
mult,397287,0
deserialize,868,0
mult,387722,0
deserialize,1013,0
mult,389000,0
deserialize,862,0
mult,402761,0
deserialize,1017,0
mult,388463,0
deserialize,965,0
mult,387537,0
deserialize,931,0
mult,380540,0
deserialize,865,0
mult,379934,0
deserialize,882,0
mult,379901,0
deserialize,858,0
mult,379807,0
deserialize,882,0
mult,381026,0
deserialize,891,0
mult,381794,0
deserialize,881,0
mult,380898,0
deserialize,896,0
mult,382119,0
deserialize,877,0
mult,386744,0
deserialize,1000,0
mult,380529,0
deserialize,858,0
mult,379872,0
deserialize,882,0
mult,380029,0
deserialize,1117,0
mult,381897,0
deserialize,860,0
mult,379974,0
deserialize,884,0
mult,379629,0
deserialize,1135,0
mult,380962,0
deserialize,1146,0
mult,380262,0
deserialize,1224,0
mult,388201,0
deserialize,1024,0
mult,395037,0
deserialize,1010,0
mult,397191,0
deserialize,933,0
mult,387994,0
deserialize,938,0
mult,388909,0
deserialize,890,0
mult,396477,0
deserialize,914,0
mult,391660,0
deserialize,968,0
mult,389877,0
deserialize,945,0
mult,381967,0
deserialize,937,0
mult,380640,0
deserialize,950,0
mult,379400,0
deserialize,945,0
mult,386262,0
deserialize,993,0
mult,378840,0
deserialize,938,0
mult,380488,0
deserialize,964,0
mult,380930,0
deserialize,875,0
mult,382160,0
deserialize,951,0
mult,381021,0
deserialize,925,0
mult,381637,0
deserialize,863,0
mult,380548,0
deserialize,895,0
mult,380167,0
deserialize,903,0
mult,381096,0
deserialize,891,0
mult,379320,0
deserialize,865,0
mult,385627,0
deserialize,1077,0
mult,379515,0
deserialize,900,0
mult,379317,0
deserialize,869,0
mult,386629,0
deserialize,957,0
mult,388227,0
deserialize,933,0
mult,396755,0
deserialize,863,0
mult,389400,0
deserialize,872,0
mult,390800,0
deserialize,892,0
mult,395677,0
deserialize,858,0
mult,391753,0
deserialize,917,0
mult,400516,0
deserialize,1013,0
mult,382514,0
deserialize,1159,0
mult,380210,0
deserialize,941,0
mult,379260,0
deserialize,823,0
mult,379747,0
deserialize,940,0
mult,379710,0
deserialize,833,0
mult,380906,0
deserialize,967,0
mult,380534,0
deserialize,856,0
mult,382370,0
deserialize,883,0
mult,380929,0
deserialize,1075,0
mult,388397,0
deserialize,1093,0
mult,484352,0
deserialize,1004,0
mult,379037,0
deserialize,970,0
mult,379686,0
deserialize,884,0
mult,378811,0
deserialize,949,0
mult,379544,0
deserialize,881,0
mult,380115,0
deserialize,953,0
mult,379627,0
deserialize,967,0
mult,384897,0
deserialize,1003,0
mult,386584,0
deserialize,884,0
mult,396477,0
deserialize,884,0
mult,398825,0
deserialize,1148,0
mult,391727,0
deserialize,967,0
mult,394409,0
deserialize,870,0
mult,391760,0
deserialize,862,0
mult,392715,0
deserialize,1140,0
mult,384065,0
deserialize,873,0
mult,382232,0
deserialize,840,0
mult,379179,0
deserialize,867,0
mult,379087,0
deserialize,880,0
mult,379051,0
deserialize,866,0
mult,386303,0
deserialize,948,0
mult,379545,0
deserialize,926,0
mult,381875,0
deserialize,910,0
mult,381453,0
deserialize,1232,0
mult,382815,0
deserialize,828,0
mult,382618,0
deserialize,940,0
mult,379271,0
deserialize,1403,0
mult,378983,0
deserialize,939,0
mult,378767,0
deserialize,911,0
mult,379335,0
deserialize,880,0
mult,386543,0
deserialize,1068,0
mult,378787,0
deserialize,1183,0
mult,383295,0
deserialize,970,0
mult,384966,0
deserialize,891,0
mult,394953,0
deserialize,945,0
mult,390660,0
deserialize,1101,0
mult,393213,0
deserialize,972,0
mult,391951,0
deserialize,940,0
mult,390911,0
deserialize,929,0
mult,394758,0
deserialize,877,0
mult,390567,0
deserialize,1950,0
mult,383285,0
deserialize,907,0
mult,378297,0
deserialize,932,0
mult,378716,0
deserialize,865,0
mult,378975,0
deserialize,873,0
mult,380218,0
deserialize,864,0
mult,380336,0
deserialize,864,0
mult,381427,0
deserialize,951,0
mult,380371,0
deserialize,905,0
mult,382017,0
deserialize,915,0
mult,379659,0
deserialize,893,0
mult,385710,0
deserialize,1107,0
mult,378901,0
deserialize,913,0
mult,378709,0
deserialize,950,0
mult,378807,0
deserialize,887,0
mult,379557,0
deserialize,950,0
mult,378891,0
deserialize,907,0
mult,382553,0
deserialize,1098,0
mult,382834,0
deserialize,885,0
mult,393695,0
deserialize,1541,0
mult,391288,0
deserialize,840,0
mult,399803,0
deserialize,1016,0
mult,389689,0
deserialize,1040,0
mult,391142,0
deserialize,944,0
mult,395898,0
deserialize,862,0
mult,386109,0
deserialize,943,0
mult,384841,0
deserialize,849,0
mult,378806,0
deserialize,943,0
mult,378834,0
deserialize,958,0
mult,379174,0
deserialize,961,0
mult,379463,0
deserialize,841,0
mult,380587,0
deserialize,953,0
mult,387267,0
deserialize,1010,0
mult,379940,0
deserialize,992,0
mult,381113,0
deserialize,897,0
mult,379119,0
deserialize,951,0
mult,379489,0
deserialize,880,0
mult,379603,0
deserialize,1114,0
mult,379070,0
deserialize,907,0
mult,380091,0
deserialize,881,0
mult,378826,0
deserialize,934,0
mult,378548,0
deserialize,884,0
mult,386756,0
deserialize,1003,0
mult,381367,0
deserialize,966,0
mult,392001,0
deserialize,940,0
mult,390390,0
deserialize,1343,0
mult,395106,0
deserialize,896,0
mult,387519,0
deserialize,950,0
mult,389398,0
deserialize,882,0
mult,396830,0
deserialize,874,0
mult,387149,0
deserialize,866,0
mult,385695,0
deserialize,862,0
mult,384978,0
deserialize,1016,0
mult,378536,0
deserialize,903,0
mult,378795,0
deserialize,950,0
mult,379394,0
deserialize,833,0
mult,379504,0
deserialize,862,0
mult,381127,0
deserialize,849,0
mult,379989,0
deserialize,972,0
mult,380312,0
deserialize,995,0
mult,379045,0
deserialize,939,0
mult,379658,0
deserialize,918,0
mult,379201,0
deserialize,970,0
mult,384420,0
deserialize,974,0
mult,380603,0
deserialize,1211,0
mult,378857,0
deserialize,964,0
mult,378640,0
deserialize,916,0
mult,380465,0
deserialize,890,0
mult,379999,0
deserialize,898,0
mult,389499,0
deserialize,860,0
mult,389843,0
deserialize,880,0
mult,396730,0
deserialize,864,0
mult,386057,0
deserialize,880,0
mult,393854,0
deserialize,970,0
mult,395400,0
deserialize,920,0
mult,388776,0
deserialize,808,0
mult,386477,0
deserialize,863,0
mult,379185,0
deserialize,939,0
mult,379204,0
deserialize,965,0
mult,378731,0
deserialize,866,0
mult,378877,0
deserialize,853,0
mult,379479,0
deserialize,860,0
mult,380762,0
deserialize,920,0
mult,379224,0
deserialize,872,0
mult,387064,0
deserialize,967,0
mult,379314,0
deserialize,878,0
mult,380550,0
deserialize,906,0
mult,379524,0
deserialize,870,0
mult,378994,0
deserialize,855,0
mult,381074,0
deserialize,1400,0
mult,378568,0
deserialize,995,0
mult,378765,0
deserialize,1037,0
mult,380244,0
deserialize,877,0
mult,379690,0
deserialize,947,0
mult,394117,0
deserialize,1206,0
mult,388823,0
deserialize,942,0
mult,397788,0
deserialize,883,0
mult,387701,0
deserialize,908,0
mult,388022,0
deserialize,858,0
mult,395473,0
deserialize,989,0
mult,390507,0
deserialize,865,0
mult,388984,0
deserialize,866,0
mult,379973,0
deserialize,889,0
mult,379225,0
deserialize,886,0
mult,384105,0
deserialize,969,0
mult,378740,0
deserialize,923,0
mult,378851,0
deserialize,1093,0
mult,379761,0
deserialize,1330,0
mult,379549,0
deserialize,907,0
mult,381506,0
deserialize,1105,0
mult,379609,0
deserialize,1042,0
mult,380813,0
deserialize,946,0
mult,379531,0
deserialize,888,0
mult,378974,0
deserialize,865,0
mult,380390,0
deserialize,866,0
mult,384487,0
deserialize,1299,0
mult,378780,0
deserialize,912,0
mult,379773,0
deserialize,856,0
mult,379210,0
deserialize,827,0
mult,385384,0
deserialize,873,0
mult,387711,0
deserialize,977,0
mult,395564,0
deserialize,885,0
mult,389724,0
deserialize,1045,0
mult,389897,0
deserialize,881,0
mult,394791,0
deserialize,922,0
mult,396318,0
deserialize,975,0
mult,390836,0
deserialize,989,0
mult,382254,0
deserialize,934,0
mult,380466,0
deserialize,963,0
mult,378828,0
deserialize,878,0
mult,378294,0
deserialize,1002,0
mult,379030,0
deserialize,1116,0
mult,379777,0
deserialize,993,0
mult,379842,0
deserialize,870,0
mult,381140,0
deserialize,888,0
mult,386351,0
deserialize,989,0
mult,381499,0
deserialize,878,0
mult,379410,0
deserialize,870,0
mult,378530,0
deserialize,870,0
mult,379387,0
deserialize,1096,0
mult,378781,0
deserialize,946,0
mult,379074,0
deserialize,965,0
mult,379396,0
deserialize,989,0
mult,378902,0
deserialize,876,0
mult,384320,0
deserialize,983,0
mult,386063,0
deserialize,885,0
mult,401991,0
deserialize,1150,0
mult,390024,0
deserialize,949,0
mult,391215,0
deserialize,856,0
mult,393851,0
deserialize,852,0
mult,391660,0
deserialize,882,0
mult,392495,0
deserialize,863,0
mult,382856,0
deserialize,867,0
mult,381147,0
deserialize,925,0
mult,378802,0
deserialize,867,0
mult,378957,0
deserialize,1010,0
mult,385459,0
deserialize,987,0
mult,379611,0
deserialize,956,0
mult,380064,0
deserialize,937,0
mult,381304,0
deserialize,1009,0
mult,380051,0
deserialize,841,0
mult,382782,0
deserialize,959,0
mult,379771,0
deserialize,826,0
mult,379131,0
deserialize,1014,0
mult,378689,0
deserialize,862,0
mult,378941,0
deserialize,1244,0
mult,378611,0
deserialize,923,0
mult,385270,0
deserialize,1057,0
mult,378551,0
deserialize,875,0
mult,383162,0
deserialize,972,0
mult,383767,0
deserialize,1089,0
mult,394632,0
deserialize,963,0
mult,390143,0
deserialize,1063,0
mult,392511,0
deserialize,953,0
mult,392078,0
deserialize,860,0
mult,391203,0
deserialize,873,0
mult,393475,0
deserialize,1015,0
mult,390418,0
deserialize,977,0
mult,383367,0
deserialize,901,0
mult,379850,0
deserialize,873,0
mult,378158,0
deserialize,845,0
mult,378770,0
deserialize,1019,0
mult,379724,0
deserialize,878,0
mult,379885,0
deserialize,884,0
mult,381166,0
deserialize,874,0
mult,380284,0
deserialize,886,0
mult,381814,0
deserialize,876,0
mult,385101,0
deserialize,1038,0
mult,378870,0
deserialize,1058,0
mult,378806,0
deserialize,1027,0
mult,378634,0
deserialize,907,0
mult,378539,0
deserialize,904,0
mult,378607,0
deserialize,961,0
mult,378720,0
deserialize,1370,0
mult,381467,0
deserialize,953,0
mult,383706,0
deserialize,957,0
mult,393595,0
deserialize,872,0
mult,390770,0
deserialize,862,0
mult,400151,0
deserialize,1313,0
mult,389562,0
deserialize,875,0
mult,390045,0
deserialize,972,0
mult,394839,0
deserialize,861,0
mult,385250,0
deserialize,888,0
mult,384200,0
deserialize,926,0
mult,378843,0
deserialize,891,0
mult,378811,0
deserialize,951,0
mult,378814,0
deserialize,888,0
mult,379086,0
deserialize,897,0
mult,385129,0
deserialize,1021,0
mult,380517,0
deserialize,857,0
mult,379780,0
deserialize,903,0
mult,380861,0
deserialize,1093,0
mult,379357,0
deserialize,853,0
mult,379499,0
deserialize,861,0
mult,378925,0
deserialize,916,0
mult,378940,0
deserialize,943,0
mult,380503,0
deserialize,903,0
mult,378932,0
deserialize,871,0
mult,378487,0
deserialize,819,0
mult,387339,0
deserialize,1040,0
mult,380797,0
deserialize,867,0
mult,392118,0
deserialize,991,0
mult,390809,0
deserialize,927,0
mult,395370,0
deserialize,933,0
mult,388751,0
deserialize,1070,0
mult,389466,0
deserialize,883,0
mult,396646,0
deserialize,879,0
mult,387196,0
deserialize,1485,0
mult,386013,0
deserialize,871,0
mult,387339,0
deserialize,1050,0
mult,378844,0
deserialize,912,0
mult,378898,0
deserialize,918,0
mult,379207,0
deserialize,1110,0
mult,379661,0
deserialize,963,0
mult,380420,0
deserialize,877,0
mult,380310,0
deserialize,880,0
mult,380619,0
deserialize,877,0
mult,379211,0
deserialize,994,0
mult,379600,0
deserialize,831,0
mult,386077,0
deserialize,980,0
mult,378510,0
deserialize,962,0
mult,380123,0
deserialize,934,0
mult,378499,0
deserialize,897,0
mult,379746,0
deserialize,991,0
mult,380924,0
deserialize,854,0
mult,379939,0
wait_all,7.48583e+08,0
deserialize,2501,0
mult,368619,0
deserialize,1053,0
mult,359139,0
deserialize,897,0
mult,360934,0
deserialize,924,0
mult,367708,0
deserialize,893,0
mult,361595,0
deserialize,855,0
mult,362114,0
deserialize,893,0
mult,363929,0
deserialize,890,0
mult,358359,0
deserialize,858,0
mult,368302,0
deserialize,953,0
mult,364000,0
deserialize,890,0
mult,358874,0
deserialize,903,0
mult,358224,0
deserialize,940,0
mult,358958,0
deserialize,880,0
mult,360390,0
deserialize,818,0
mult,359271,0
deserialize,913,0
mult,362092,0
deserialize,1142,0
mult,360959,0
deserialize,912,0
mult,360271,0
deserialize,823,0
mult,359383,0
deserialize,1059,0
mult,365070,0
deserialize,1002,0
mult,362526,0
deserialize,842,0
mult,358156,0
deserialize,858,0
mult,359144,0
deserialize,850,0
mult,361892,0
deserialize,892,0
mult,360310,0
deserialize,1170,0
mult,366787,0
deserialize,890,0
mult,359051,0
deserialize,860,0
mult,359632,0
deserialize,983,0
mult,368033,0
deserialize,856,0
mult,360658,0
deserialize,942,0
mult,367824,0
deserialize,1089,0
mult,364546,0
deserialize,1137,0
mult,359925,0
deserialize,872,0
mult,359266,0
deserialize,896,0
mult,364107,0
deserialize,806,0
mult,360204,0
deserialize,973,0
mult,358747,0
deserialize,1181,0
mult,358527,0
deserialize,871,0
mult,360176,0
deserialize,870,0
mult,358794,0
deserialize,925,0
mult,361784,0
deserialize,870,0
mult,365914,0
deserialize,962,0
mult,361226,0
deserialize,861,0
mult,358752,0
deserialize,933,0
mult,359034,0
deserialize,849,0
mult,363892,0
deserialize,840,0
mult,358724,0
deserialize,820,0
mult,358124,0
deserialize,903,0
mult,361003,0
deserialize,1060,0
mult,360537,0
deserialize,917,0
mult,366599,0
deserialize,865,0
mult,359044,0
deserialize,935,0
mult,366510,0
deserialize,1010,0
mult,365651,0
deserialize,911,0
mult,361605,0
deserialize,878,0
mult,361669,0
deserialize,884,0
mult,359473,0
deserialize,900,0
mult,357895,0
deserialize,986,0
mult,1.64166e+06,0
deserialize,877,0
mult,1.70151e+06,0
deserialize,933,0
mult,1.57744e+06,0
deserialize,1111,0
mult,1.3132e+06,0
deserialize,1140,0
mult,360666,0
deserialize,948,0
mult,361481,0
deserialize,945,0
mult,358641,0
deserialize,885,0
mult,358467,0
deserialize,1114,0
mult,359888,0
deserialize,875,0
mult,358561,0
deserialize,863,0
mult,363233,0
deserialize,944,0
mult,358602,0
deserialize,897,0
mult,357863,0
deserialize,892,0
mult,359261,0
deserialize,955,0
mult,366384,0
deserialize,1307,0
mult,361682,0
deserialize,901,0
mult,357958,0
deserialize,960,0
mult,359055,0
deserialize,887,0
mult,362222,0
deserialize,912,0
mult,360261,0
deserialize,1052,0
mult,363514,0
deserialize,927,0
mult,360149,0
deserialize,899,0
mult,361051,0
deserialize,944,0
mult,366948,0
deserialize,883,0
mult,361700,0
deserialize,887,0
mult,365972,0
deserialize,971,0
mult,362671,0
deserialize,957,0
mult,359028,0
deserialize,853,0
mult,360044,0
deserialize,903,0
mult,363708,0
deserialize,1139,0
mult,357632,0
deserialize,950,0
mult,358474,0
deserialize,898,0
mult,359872,0
deserialize,937,0
mult,359566,0
deserialize,858,0
mult,358946,0
deserialize,969,0
mult,363523,0
deserialize,877,0
mult,365048,0
deserialize,1045,0
mult,358866,0
deserialize,890,0
mult,359311,0
deserialize,980,0
mult,359498,0
deserialize,870,0
mult,362610,0
deserialize,948,0
mult,358219,0
deserialize,1004,0
mult,358733,0
deserialize,977,0
mult,362038,0
deserialize,833,0
mult,359712,0
deserialize,995,0
mult,365446,0
deserialize,876,0
mult,359193,0
deserialize,886,0
mult,366119,0
deserialize,969,0
mult,366845,0
deserialize,915,0
mult,361364,0
deserialize,888,0
mult,361937,0
deserialize,892,0
mult,364038,0
deserialize,855,0
mult,358132,0
deserialize,909,0
mult,359637,0
deserialize,900,0
mult,363433,0
deserialize,1271,0
mult,357684,0
deserialize,1020,0
mult,357706,0
deserialize,1049,0
mult,359086,0
deserialize,884,0
mult,365687,0
deserialize,31323,0
mult,385197,0
deserialize,1135,0
mult,394227,0
deserialize,877,0
mult,392630,0
deserialize,1114,0
mult,393313,0
deserialize,1009,0
mult,393921,0
deserialize,969,0
mult,395636,0
deserialize,887,0
mult,394779,0
deserialize,1120,0
mult,395043,0
deserialize,880,0
mult,393795,0
deserialize,917,0
mult,400415,0
deserialize,1065,0
mult,396793,0
deserialize,933,0
mult,398067,0
deserialize,939,0
mult,405842,0
deserialize,900,0
mult,398981,0
deserialize,1123,0
mult,400584,0
deserialize,901,0
mult,409456,0
deserialize,958,0
mult,403329,0
deserialize,898,0
mult,404338,0
deserialize,863,0
mult,395840,0
deserialize,925,0
mult,400646,0
deserialize,1012,0
mult,393098,0
deserialize,954,0
mult,393607,0
deserialize,1317,0
mult,392805,0
deserialize,870,0
mult,392923,0
deserialize,893,0
mult,393800,0
deserialize,881,0
mult,393420,0
deserialize,924,0
mult,392851,0
deserialize,1013,0
mult,392967,0
deserialize,883,0
mult,393805,0
deserialize,891,0
mult,398315,0
deserialize,1053,0
mult,394111,0
deserialize,942,0
mult,394849,0
deserialize,875,0
mult,395134,0
deserialize,1054,0
mult,394012,0
deserialize,849,0
mult,395312,0
deserialize,901,0
mult,395790,0
deserialize,862,0
mult,396172,0
deserialize,964,0
mult,406421,0
deserialize,918,0
mult,397744,0
deserialize,1014,0
mult,405221,0
deserialize,1227,0
mult,408364,0
deserialize,1048,0
mult,404249,0
deserialize,847,0
mult,406263,0
deserialize,943,0
mult,397167,0
deserialize,1073,0
mult,395485,0
deserialize,1399,0
mult,394458,0
deserialize,854,0
mult,393795,0
deserialize,946,0
mult,393188,0
deserialize,959,0
mult,393521,0
deserialize,956,0
mult,398915,0
deserialize,985,0
mult,392019,0
deserialize,884,0
mult,393078,0
deserialize,864,0
mult,394164,0
deserialize,1084,0
mult,393988,0
deserialize,883,0
mult,393012,0
deserialize,894,0
mult,394481,0
deserialize,903,0
mult,394495,0
deserialize,913,0
mult,395658,0
deserialize,913,0
mult,393897,0
deserialize,879,0
mult,400031,0
deserialize,1014,0
mult,393588,0
deserialize,1024,0
mult,394391,0
deserialize,893,0
mult,404949,0
deserialize,997,0
mult,398258,0
deserialize,942,0
mult,400284,0
deserialize,887,0
mult,407493,0
deserialize,876,0
mult,403464,0
deserialize,910,0
mult,408116,0
deserialize,841,0
mult,398470,0
deserialize,902,0
mult,401847,0
deserialize,1011,0
mult,393077,0
deserialize,942,0
mult,393126,0
deserialize,885,0
mult,393311,0
deserialize,907,0
mult,393509,0
deserialize,938,0
mult,392677,0
deserialize,909,0
mult,393055,0
deserialize,950,0
mult,392968,0
deserialize,977,0
mult,392560,0
deserialize,920,0
mult,393526,0
deserialize,865,0
mult,398541,0
deserialize,1068,0
mult,393478,0
deserialize,1017,0
mult,394770,0
deserialize,1139,0
mult,395188,0
deserialize,955,0
mult,394046,0
deserialize,876,0
mult,396047,0
deserialize,903,0
mult,393288,0
deserialize,929,0
mult,393834,0
deserialize,890,0
mult,404299,0
deserialize,886,0
mult,398821,0
deserialize,968,0
mult,407811,0
deserialize,983,0
mult,405297,0
deserialize,880,0
mult,403182,0
deserialize,893,0
mult,409188,0
deserialize,963,0
mult,399392,0
deserialize,863,0
mult,397727,0
deserialize,940,0
mult,393567,0
deserialize,858,0
mult,393897,0
deserialize,957,0
mult,393340,0
deserialize,1347,0
mult,392480,0
deserialize,986,0
mult,398795,0
deserialize,964,0
mult,392377,0
deserialize,982,0
mult,392843,0
deserialize,1051,0
mult,393285,0
deserialize,937,0
mult,392848,0
deserialize,871,0
mult,393127,0
deserialize,966,0
mult,393498,0
deserialize,848,0
mult,394289,0
deserialize,897,0
mult,395704,0
deserialize,944,0
mult,394380,0
deserialize,953,0
mult,400559,0
deserialize,997,0
mult,392662,0
deserialize,960,0
mult,393257,0
deserialize,872,0
mult,403760,0
deserialize,969,0
mult,399402,0
deserialize,917,0
mult,403666,0
deserialize,952,0
mult,404715,0
deserialize,927,0
mult,403959,0
deserialize,1021,0
mult,409597,0
deserialize,957,0
mult,400746,0
deserialize,1063,0
mult,404977,0
deserialize,1022,0
mult,393840,0
deserialize,1232,0
mult,392708,0
deserialize,863,0
mult,393124,0
deserialize,932,0
mult,392795,0
deserialize,865,0
mult,393025,0
deserialize,883,0
mult,392894,0
deserialize,834,0
mult,392464,0
deserialize,890,0
mult,392273,0
deserialize,871,0
mult,393432,0
deserialize,884,0
mult,399116,0
deserialize,1013,0
mult,392983,0
deserialize,1049,0
mult,393064,0
deserialize,1160,0
mult,395737,0
deserialize,1005,0
mult,393975,0
deserialize,871,0
mult,395307,0
deserialize,871,0
mult,393680,0
deserialize,967,0
mult,394364,0
deserialize,1119,0
mult,400477,0
deserialize,906,0
mult,399004,0
deserialize,887,0
mult,410284,0
deserialize,1061,0
mult,401704,0
deserialize,1033,0
mult,402239,0
deserialize,996,0
mult,409975,0
deserialize,890,0
mult,401544,0
deserialize,905,0
mult,400172,0
deserialize,1056,0
mult,393860,0
deserialize,970,0
mult,393136,0
deserialize,953,0
mult,393351,0
deserialize,1035,0
mult,392811,0
deserialize,958,0
mult,399560,0
deserialize,1230,0
mult,392913,0
deserialize,929,0
mult,392174,0
deserialize,880,0
mult,392582,0
deserialize,893,0
mult,392412,0
deserialize,1137,0
mult,392789,0
deserialize,891,0
mult,393922,0
deserialize,897,0
mult,393781,0
deserialize,890,0
mult,393765,0
deserialize,890,0
mult,393560,0
deserialize,928,0
mult,400412,0
deserialize,993,0
mult,393237,0
deserialize,1148,0
mult,393884,0
deserialize,902,0
mult,399653,0
deserialize,955,0
mult,398390,0
deserialize,1103,0
mult,405271,0
deserialize,1088,0
mult,400776,0
deserialize,896,0
mult,401187,0
deserialize,880,0
mult,409927,0
deserialize,1325,0
mult,401978,0
deserialize,975,0
mult,408544,0
deserialize,1024,0
mult,393790,0
deserialize,941,0
mult,392795,0
deserialize,907,0
mult,392792,0
deserialize,960,0
mult,392356,0
deserialize,871,0
mult,392243,0
deserialize,965,0
mult,392190,0
deserialize,825,0
mult,392960,0
deserialize,962,0
mult,391834,0
deserialize,854,0
mult,392298,0
deserialize,1040,0
mult,393061,0
deserialize,848,0
mult,397962,0
deserialize,1307,0
mult,393007,0
deserialize,859,0
mult,394747,0
deserialize,942,0
mult,393412,0
deserialize,906,0
mult,394839,0
deserialize,916,0
mult,393604,0
deserialize,826,0
mult,394382,0
deserialize,891,0
mult,397615,0
deserialize,877,0
mult,396719,0
deserialize,920,0
mult,405254,0
deserialize,885,0
mult,404820,0
deserialize,1013,0
mult,399504,0
deserialize,933,0
mult,408950,0
deserialize,913,0
mult,402676,0
deserialize,897,0
mult,404663,0
deserialize,1027,0
mult,395680,0
deserialize,873,0
mult,394082,0
deserialize,982,0
mult,392415,0
deserialize,863,0
mult,393097,0
deserialize,890,0
mult,392001,0
deserialize,859,0
mult,397796,0
deserialize,1332,0
mult,392526,0
deserialize,897,0
mult,392550,0
deserialize,866,0
mult,392112,0
deserialize,890,0
mult,392195,0
deserialize,876,0
mult,393181,0
deserialize,891,0
mult,392800,0
deserialize,864,0
mult,394105,0
deserialize,909,0
mult,394100,0
deserialize,970,0
mult,394302,0
deserialize,954,0
mult,402754,0
deserialize,988,0
mult,393807,0
deserialize,992,0
mult,396354,0
deserialize,882,0
mult,395406,0
deserialize,974,0
mult,404510,0
deserialize,918,0
mult,397609,0
deserialize,1400,0
mult,399043,0
deserialize,907,0
mult,407843,0
deserialize,1160,0
mult,402769,0
deserialize,878,0
mult,405904,0
deserialize,1313,0
mult,495405,0
deserialize,983,0
mult,394684,0
deserialize,910,0
mult,393259,0
deserialize,906,0
mult,392843,0
deserialize,901,0
mult,392084,0
deserialize,960,0
mult,392127,0
deserialize,863,0
mult,391735,0
deserialize,938,0
mult,392219,0
deserialize,958,0
mult,392255,0
deserialize,1010,0
mult,392040,0
deserialize,882,0
mult,399527,0
deserialize,1038,0
mult,391832,0
deserialize,906,0
mult,393694,0
deserialize,1159,0
mult,393762,0
deserialize,825,0
mult,395185,0
deserialize,888,0
mult,393403,0
deserialize,857,0
mult,394164,0
deserialize,930,0
mult,393599,0
deserialize,894,0
mult,394882,0
deserialize,893,0
mult,404757,0
deserialize,982,0
mult,403255,0
deserialize,1194,0
mult,399683,0
deserialize,890,0
mult,407135,0
deserialize,957,0
mult,403393,0
deserialize,1097,0
mult,408160,0
deserialize,953,0
mult,397566,0
deserialize,870,0
mult,396024,0
deserialize,931,0
mult,393340,0
deserialize,860,0
mult,392636,0
deserialize,1490,0
mult,392043,0
deserialize,866,0
mult,397772,0
deserialize,1010,0
mult,392274,0
deserialize,900,0
mult,391592,0
deserialize,897,0
mult,392455,0
deserialize,860,0
mult,392182,0
deserialize,887,0
mult,392135,0
deserialize,1337,0
mult,392414,0
deserialize,967,0
mult,393320,0
deserialize,900,0
mult,393300,0
deserialize,990,0
mult,394928,0
deserialize,944,0
mult,399290,0
deserialize,1367,0
mult,394741,0
deserialize,917,0
mult,392398,0
deserialize,916,0
mult,393730,0
deserialize,870,0
mult,403747,0
deserialize,904,0
mult,398625,0
deserialize,899,0
mult,401570,0
deserialize,889,0
mult,405772,0
deserialize,901,0
mult,403388,0
deserialize,1159,0
mult,408686,0
deserialize,842,0
mult,403767,0
deserialize,953,0
mult,397304,0
deserialize,885,0
mult,393121,0
deserialize,940,0
mult,393358,0
deserialize,908,0
mult,391910,0
deserialize,915,0
mult,392658,0
deserialize,942,0
mult,392977,0
deserialize,846,0
mult,391933,0
deserialize,958,0
mult,392615,0
deserialize,877,0
mult,392833,0
deserialize,1180,0
mult,397697,0
deserialize,1023,0
mult,392214,0
deserialize,986,0
mult,392914,0
deserialize,895,0
mult,393493,0
deserialize,864,0
mult,394478,0
deserialize,904,0
mult,393781,0
deserialize,862,0
mult,394361,0
deserialize,870,0
mult,392766,0
deserialize,884,0
mult,393480,0
deserialize,914,0
mult,402395,0
deserialize,1540,0
mult,404490,0
deserialize,1073,0
mult,402784,0
deserialize,970,0
mult,403843,0
deserialize,1105,0
mult,403041,0
deserialize,958,0
mult,409532,0
deserialize,881,0
mult,400008,0
deserialize,887,0
mult,398489,0
deserialize,928,0
mult,392933,0
deserialize,883,0
mult,392547,0
deserialize,873,0
mult,392255,0
deserialize,870,0
mult,397427,0
deserialize,1418,0
mult,391754,0
deserialize,966,0
mult,392116,0
deserialize,1202,0
mult,392354,0
deserialize,863,0
mult,392468,0
deserialize,1126,0
mult,392427,0
deserialize,884,0
mult,392408,0
deserialize,1240,0
mult,393520,0
deserialize,865,0
mult,392967,0
deserialize,1027,0
mult,394402,0
deserialize,1116,0
mult,401238,0
deserialize,1064,0
mult,394917,0
deserialize,891,0
mult,393477,0
deserialize,1050,0
mult,393947,0
deserialize,854,0
mult,400710,0
deserialize,988,0
mult,398886,0
deserialize,870,0
mult,404133,0
deserialize,1005,0
mult,402063,0
deserialize,887,0
mult,402077,0
deserialize,953,0
mult,409540,0
deserialize,1153,0
mult,406272,0
deserialize,1032,0
mult,399800,0
deserialize,884,0
mult,394362,0
deserialize,974,0
mult,393014,0
deserialize,850,0
mult,392081,0
deserialize,866,0
mult,392285,0
deserialize,1143,0
mult,392414,0
deserialize,877,0
mult,391696,0
deserialize,1018,0
mult,392131,0
deserialize,900,0
mult,391909,0
deserialize,844,0
mult,398414,0
deserialize,1000,0
mult,392248,0
deserialize,902,0
mult,392972,0
deserialize,984,0
mult,392816,0
deserialize,859,0
mult,394744,0
deserialize,905,0
mult,393344,0
deserialize,910,0
mult,394062,0
deserialize,901,0
mult,393440,0
deserialize,958,0
mult,393806,0
deserialize,968,0
mult,398764,0
deserialize,899,0
mult,404458,0
deserialize,1157,0
mult,404855,0
deserialize,1010,0
mult,400458,0
deserialize,880,0
mult,401284,0
deserialize,948,0
mult,409992,0
deserialize,980,0
mult,401260,0
deserialize,902,0
mult,401876,0
deserialize,1344,0
mult,394526,0
deserialize,929,0
mult,393496,0
deserialize,890,0
mult,392759,0
deserialize,1184,0
mult,397514,0
deserialize,983,0
mult,391852,0
deserialize,967,0
mult,392579,0
deserialize,852,0
mult,392308,0
deserialize,878,0
mult,392299,0
deserialize,1260,0
mult,392254,0
deserialize,893,0
mult,393066,0
deserialize,909,0
mult,392644,0
deserialize,832,0
mult,393046,0
deserialize,866,0
mult,393804,0
deserialize,1259,0
mult,398757,0
deserialize,1162,0
mult,394180,0
deserialize,956,0
mult,393374,0
deserialize,889,0
mult,394517,0
deserialize,887,0
mult,397750,0
deserialize,980,0
mult,396940,0
deserialize,943,0
mult,404760,0
deserialize,897,0
mult,398745,0
deserialize,886,0
mult,399915,0
deserialize,874,0
mult,408826,0
deserialize,854,0
mult,407897,0
deserialize,1040,0
mult,404486,0
deserialize,862,0
mult,395624,0
deserialize,897,0
mult,393979,0
deserialize,862,0
mult,393086,0
deserialize,1273,0
mult,393002,0
deserialize,908,0
mult,393212,0
deserialize,1050,0
mult,392216,0
deserialize,867,0
mult,392062,0
deserialize,947,0
mult,391807,0
deserialize,864,0
mult,397335,0
deserialize,1097,0
mult,392066,0
deserialize,954,0
mult,392053,0
deserialize,975,0
mult,391847,0
deserialize,898,0
mult,393770,0
deserialize,890,0
mult,393820,0
deserialize,898,0
mult,394638,0
deserialize,996,0
mult,393267,0
deserialize,913,0
mult,394988,0
deserialize,931,0
mult,395865,0
deserialize,879,0
mult,401608,0
deserialize,1035,0
mult,404914,0
deserialize,947,0
mult,397357,0
deserialize,991,0
mult,398888,0
deserialize,886,0
mult,408327,0
wait_all,7.39866e+08,0
deserialize,2888,0
mult,407797,0
deserialize,1014,0
mult,400264,0
deserialize,886,0
mult,401286,0
deserialize,1094,0
mult,409965,0
deserialize,874,0
mult,403173,0
deserialize,913,0
mult,402678,0
deserialize,898,0
mult,395523,0
deserialize,891,0
mult,394513,0
deserialize,967,0
mult,398963,0
deserialize,980,0
mult,392997,0
deserialize,910,0
mult,392482,0
deserialize,898,0
mult,393141,0
deserialize,845,0
mult,393722,0
deserialize,870,0
mult,393594,0
deserialize,803,0
mult,392999,0
deserialize,862,0
mult,393066,0
deserialize,894,0
mult,393705,0
deserialize,916,0
mult,393814,0
deserialize,824,0
mult,401247,0
deserialize,980,0
mult,393906,0
deserialize,990,0
mult,395165,0
deserialize,1003,0
mult,393534,0
deserialize,830,0
mult,395450,0
deserialize,843,0
mult,397519,0
deserialize,1024,0
mult,398061,0
deserialize,900,0
mult,405633,0
deserialize,825,0
mult,399275,0
deserialize,870,0
mult,401135,0
deserialize,962,0
mult,416425,0
deserialize,927,0
mult,402502,0
deserialize,943,0
mult,404094,0
deserialize,866,0
mult,396789,0
deserialize,936,0
mult,395737,0
deserialize,887,0
mult,393790,0
deserialize,884,0
mult,394104,0
deserialize,820,0
mult,393964,0
deserialize,940,0
mult,392520,0
deserialize,983,0
mult,393555,0
deserialize,873,0
mult,398561,0
deserialize,955,0
mult,392781,0
deserialize,933,0
mult,393587,0
deserialize,864,0
mult,393547,0
deserialize,850,0
mult,393788,0
deserialize,877,0
mult,395033,0
deserialize,878,0
mult,395140,0
deserialize,863,0
mult,395110,0
deserialize,1123,0
mult,393877,0
deserialize,865,0
mult,396652,0
deserialize,895,0
mult,401657,0
deserialize,986,0
mult,395470,0
deserialize,906,0
mult,405801,0
deserialize,907,0
mult,398535,0
deserialize,872,0
mult,400069,0
deserialize,871,0
mult,408789,0
deserialize,929,0
mult,404491,0
deserialize,1013,0
mult,406843,0
deserialize,926,0
mult,393389,0
deserialize,895,0
mult,393243,0
deserialize,964,0
mult,1.66368e+06,0
deserialize,1256,0
mult,1.75509e+06,0
deserialize,890,0
mult,1.60077e+06,0
deserialize,898,0
mult,1.31217e+06,0
deserialize,1090,0
mult,402136,0
deserialize,1053,0
mult,395348,0
deserialize,926,0
mult,393032,0
deserialize,880,0
mult,393323,0
deserialize,1239,0
mult,399390,0
deserialize,955,0
mult,391247,0
deserialize,993,0
mult,392113,0
deserialize,918,0
mult,392907,0
deserialize,892,0
mult,393757,0
deserialize,870,0
mult,394653,0
deserialize,969,0
mult,393524,0
deserialize,920,0
mult,395251,0
deserialize,903,0
mult,393078,0
deserialize,878,0
mult,393917,0
deserialize,988,0
mult,407409,0
deserialize,985,0
mult,397813,0
deserialize,956,0
mult,404506,0
deserialize,937,0
mult,401900,0
deserialize,896,0
mult,402263,0
deserialize,860,0
mult,410080,0
deserialize,895,0
mult,401071,0
deserialize,889,0
mult,400570,0
deserialize,900,0
mult,394662,0
deserialize,809,0
mult,393111,0
deserialize,893,0
mult,399365,0
deserialize,1112,0
mult,392202,0
deserialize,1130,0
mult,392586,0
deserialize,1194,0
mult,392732,0
deserialize,879,0
mult,392887,0
deserialize,927,0
mult,392642,0
deserialize,864,0
mult,392582,0
deserialize,974,0
mult,392997,0
deserialize,834,0
mult,392869,0
deserialize,929,0
mult,393890,0
deserialize,961,0
mult,400799,0
deserialize,1107,0
mult,393103,0
deserialize,908,0
mult,394380,0
deserialize,1187,0
mult,393690,0
deserialize,870,0
mult,394680,0
deserialize,958,0
mult,399021,0
deserialize,840,0
mult,397129,0
deserialize,912,0
mult,405316,0
deserialize,984,0
mult,399954,0
deserialize,901,0
mult,401819,0
deserialize,873,0
mult,419368,0
deserialize,976,0
mult,401867,0
deserialize,944,0
mult,402633,0
deserialize,942,0
mult,394975,0
deserialize,884,0
mult,393513,0
deserialize,943,0
mult,393516,0
deserialize,928,0
mult,392860,0
deserialize,978,0
mult,392443,0
deserialize,827,0
mult,392960,0
deserialize,877,0
mult,392821,0
deserialize,851,0
mult,398693,0
deserialize,15882,0
mult,394386,0
deserialize,1046,0
mult,403680,0
deserialize,887,0
mult,392252,0
deserialize,839,0
mult,392915,0
deserialize,932,0
mult,393742,0
deserialize,947,0
mult,394816,0
deserialize,875,0
mult,394209,0
deserialize,872,0
mult,395085,0
deserialize,903,0
mult,394266,0
deserialize,884,0
mult,401104,0
deserialize,1114,0
mult,397512,0
deserialize,847,0
mult,397755,0
deserialize,908,0
mult,406091,0
deserialize,879,0
mult,400150,0
deserialize,991,0
mult,401684,0
deserialize,1099,0
mult,410074,0
deserialize,976,0
mult,403443,0
deserialize,875,0
mult,404784,0
deserialize,877,0
mult,395756,0
deserialize,929,0
mult,400408,0
deserialize,1022,0
mult,393367,0
deserialize,1229,0
mult,392723,0
deserialize,872,0
mult,392582,0
deserialize,856,0
mult,392758,0
deserialize,871,0
mult,392939,0
deserialize,868,0
mult,392718,0
deserialize,899,0
mult,392709,0
deserialize,851,0
mult,393369,0
deserialize,891,0
mult,393740,0
deserialize,875,0
mult,399797,0
deserialize,1334,0
mult,393769,0
deserialize,847,0
mult,393752,0
deserialize,884,0
mult,395267,0
deserialize,852,0
mult,393951,0
deserialize,877,0
mult,396664,0
deserialize,969,0
mult,396831,0
deserialize,882,0
mult,397223,0
deserialize,929,0
mult,406643,0
deserialize,902,0
mult,398693,0
deserialize,888,0
mult,406323,0
deserialize,1324,0
mult,408073,0
deserialize,1043,0
mult,403639,0
deserialize,890,0
mult,406920,0
deserialize,1114,0
mult,398304,0
deserialize,894,0
mult,395909,0
deserialize,945,0
mult,393203,0
deserialize,873,0
mult,393668,0
deserialize,928,0
mult,393012,0
deserialize,902,0
mult,393113,0
deserialize,934,0
mult,399224,0
deserialize,1213,0
mult,391839,0
deserialize,904,0
mult,392779,0
deserialize,828,0
mult,393373,0
deserialize,937,0
mult,392962,0
deserialize,859,0
mult,393703,0
deserialize,866,0
mult,394686,0
deserialize,890,0
mult,394174,0
deserialize,893,0
mult,395102,0
deserialize,893,0
mult,393935,0
deserialize,916,0
mult,400953,0
deserialize,1002,0
mult,393547,0
deserialize,968,0
mult,395510,0
deserialize,863,0
mult,404387,0
deserialize,873,0
mult,397916,0
deserialize,936,0
mult,400321,0
deserialize,1221,0
mult,406646,0
deserialize,933,0
mult,404672,0
deserialize,902,0
mult,408253,0
deserialize,877,0
mult,399305,0
deserialize,876,0
mult,402152,0
deserialize,1224,0
mult,393395,0
deserialize,909,0
mult,393391,0
deserialize,897,0
mult,393875,0
deserialize,943,0
mult,393212,0
deserialize,932,0
mult,392567,0
deserialize,892,0
mult,393201,0
deserialize,949,0
mult,392886,0
deserialize,889,0
mult,392997,0
deserialize,1153,0
mult,393230,0
deserialize,885,0
mult,400111,0
deserialize,1100,0
mult,393106,0
deserialize,933,0
mult,393701,0
deserialize,932,0
mult,395130,0
deserialize,846,0
mult,394319,0
deserialize,865,0
mult,396078,0
deserialize,950,0
mult,393115,0
deserialize,887,0
mult,394460,0
deserialize,891,0
mult,404771,0
deserialize,854,0
mult,399457,0
deserialize,966,0
mult,409168,0
deserialize,995,0
mult,405234,0
deserialize,913,0
mult,403343,0
deserialize,946,0
mult,409912,0
deserialize,945,0
mult,399506,0
deserialize,853,0
mult,397397,0
deserialize,883,0
mult,394354,0
deserialize,901,0
mult,393610,0
deserialize,877,0
mult,393203,0
deserialize,869,0
mult,392665,0
deserialize,943,0
mult,398497,0
deserialize,976,0
mult,391558,0
deserialize,1058,0
mult,392466,0
deserialize,891,0
mult,393185,0
deserialize,923,0
mult,392923,0
deserialize,844,0
mult,392746,0
deserialize,944,0
mult,393840,0
deserialize,1061,0
mult,394390,0
deserialize,872,0
mult,394551,0
deserialize,893,0
mult,394178,0
deserialize,960,0
mult,400942,0
deserialize,986,0
mult,392830,0
deserialize,935,0
mult,393258,0
deserialize,873,0
mult,402978,0
deserialize,943,0
mult,399247,0
deserialize,908,0
mult,402997,0
deserialize,919,0
mult,404446,0
deserialize,940,0
mult,403692,0
deserialize,1021,0
mult,409981,0
deserialize,1503,0
mult,399681,0
deserialize,932,0
mult,404175,0
deserialize,990,0
mult,393184,0
deserialize,1058,0
mult,392776,0
deserialize,864,0
mult,392391,0
deserialize,902,0
mult,392332,0
deserialize,869,0
mult,392565,0
deserialize,877,0
mult,392830,0
deserialize,857,0
mult,392342,0
deserialize,884,0
mult,391587,0
deserialize,841,0
mult,392747,0
deserialize,862,0
mult,392136,0
deserialize,872,0
mult,399242,0
deserialize,1192,0
mult,392758,0
deserialize,901,0
mult,394651,0
deserialize,890,0
mult,393634,0
deserialize,963,0
mult,395218,0
deserialize,1045,0
mult,393971,0
deserialize,914,0
mult,394167,0
deserialize,964,0
mult,401775,0
deserialize,1115,0
mult,398126,0
deserialize,947,0
mult,405526,0
deserialize,898,0
mult,408352,0
deserialize,1023,0
mult,401943,0
deserialize,995,0
mult,410351,0
deserialize,921,0
mult,401790,0
deserialize,977,0
mult,400103,0
deserialize,1006,0
mult,394253,0
deserialize,971,0
mult,393348,0
deserialize,847,0
mult,393153,0
deserialize,932,0
mult,392636,0
deserialize,886,0
mult,392497,0
deserialize,941,0
mult,397912,0
deserialize,1295,0
mult,392774,0
deserialize,903,0
mult,392435,0
deserialize,890,0
mult,392811,0
deserialize,875,0
mult,392891,0
deserialize,879,0
mult,393486,0
deserialize,1076,0
mult,393945,0
deserialize,877,0
mult,394667,0
deserialize,908,0
mult,393767,0
deserialize,951,0
mult,394866,0
deserialize,884,0
mult,399304,0
deserialize,1096,0
mult,393746,0
deserialize,1107,0
mult,399121,0
deserialize,956,0
mult,398093,0
deserialize,902,0
mult,404950,0
deserialize,888,0
mult,400131,0
deserialize,910,0
mult,401342,0
deserialize,867,0
mult,410210,0
deserialize,923,0
mult,401769,0
deserialize,939,0
mult,402458,0
deserialize,866,0
mult,400635,0
deserialize,987,0
mult,392590,0
deserialize,862,0
mult,393929,0
deserialize,1317,0
mult,392824,0
deserialize,878,0
mult,392261,0
deserialize,1002,0
mult,392625,0
deserialize,850,0
mult,393495,0
deserialize,943,0
mult,392488,0
deserialize,856,0
mult,391592,0
deserialize,1030,0
mult,392605,0
deserialize,870,0
mult,399379,0
deserialize,1047,0
mult,392573,0
deserialize,903,0
mult,393991,0
deserialize,953,0
mult,393550,0
deserialize,1022,0
mult,394991,0
deserialize,898,0
mult,393609,0
deserialize,877,0
mult,395102,0
deserialize,873,0
mult,397333,0
deserialize,880,0
mult,397656,0
deserialize,940,0
mult,405167,0
deserialize,923,0
mult,404993,0
deserialize,1037,0
mult,399537,0
deserialize,902,0
mult,410180,0
deserialize,883,0
mult,403556,0
deserialize,979,0
mult,403843,0
deserialize,1361,0
mult,395047,0
deserialize,908,0
mult,393943,0
deserialize,890,0
mult,392719,0
deserialize,876,0
mult,392715,0
deserialize,844,0
mult,392377,0
deserialize,857,0
mult,397238,0
deserialize,1031,0
mult,392514,0
deserialize,978,0
mult,392102,0
deserialize,849,0
mult,392225,0
deserialize,915,0
mult,391827,0
deserialize,850,0
mult,392434,0
deserialize,873,0
mult,393309,0
deserialize,825,0
mult,394269,0
deserialize,1360,0
mult,393264,0
deserialize,952,0
mult,393950,0
deserialize,954,0
mult,398789,0
deserialize,974,0
mult,393789,0
deserialize,1003,0
mult,396196,0
deserialize,938,0
mult,395808,0
deserialize,917,0
mult,404621,0
deserialize,915,0
mult,397403,0
deserialize,1083,0
mult,398840,0
deserialize,1244,0
mult,408582,0
deserialize,917,0
mult,402917,0
deserialize,842,0
mult,406510,0
deserialize,889,0
mult,401984,0
deserialize,953,0
mult,394590,0
deserialize,906,0
mult,393078,0
deserialize,853,0
mult,392706,0
deserialize,912,0
mult,391865,0
deserialize,793,0
mult,392253,0
deserialize,858,0
mult,392267,0
deserialize,939,0
mult,392357,0
deserialize,970,0
mult,391473,0
deserialize,866,0
mult,391702,0
deserialize,853,0
mult,398548,0
deserialize,973,0
mult,392099,0
deserialize,971,0
mult,393053,0
deserialize,883,0
mult,393733,0
deserialize,870,0
mult,395015,0
deserialize,877,0
mult,393334,0
deserialize,872,0
mult,394976,0
deserialize,879,0
mult,393945,0
deserialize,1191,0
mult,394408,0
deserialize,870,0
mult,404449,0
deserialize,1022,0
mult,404424,0
deserialize,1226,0
mult,399286,0
deserialize,899,0
mult,407172,0
deserialize,947,0
mult,402804,0
deserialize,891,0
mult,407714,0
deserialize,1288,0
mult,397644,0
deserialize,856,0
mult,396710,0
deserialize,918,0
mult,392787,0
deserialize,856,0
mult,391940,0
deserialize,937,0
mult,392893,0
deserialize,897,0
mult,398098,0
deserialize,1220,0
mult,392353,0
deserialize,909,0
mult,392181,0
deserialize,969,0
mult,391609,0
deserialize,890,0
mult,392342,0
deserialize,870,0
mult,392412,0
deserialize,839,0
mult,392283,0
deserialize,975,0
mult,393029,0
deserialize,903,0
mult,393037,0
deserialize,955,0
mult,394801,0
deserialize,1070,0
mult,398349,0
deserialize,1066,0
mult,394403,0
deserialize,1146,0
mult,392228,0
deserialize,884,0
mult,394000,0
deserialize,923,0
mult,403996,0
deserialize,960,0
mult,398750,0
deserialize,908,0
mult,400825,0
deserialize,852,0
mult,405474,0
deserialize,867,0
mult,403436,0
deserialize,869,0
mult,409171,0
deserialize,1069,0
mult,404011,0
deserialize,941,0
mult,396648,0
deserialize,1056,0
mult,393432,0
deserialize,931,0
mult,393053,0
deserialize,919,0
mult,392167,0
deserialize,950,0
mult,391554,0
deserialize,1166,0
mult,392337,0
deserialize,841,0
mult,392667,0
deserialize,964,0
mult,391847,0
deserialize,879,0
mult,391880,0
deserialize,1056,0
mult,398543,0
deserialize,1047,0
mult,392522,0
deserialize,1000,0
mult,393390,0
deserialize,867,0
mult,393113,0
deserialize,886,0
mult,394524,0
deserialize,892,0
mult,392867,0
deserialize,836,0
mult,394681,0
deserialize,860,0
mult,393122,0
deserialize,875,0
mult,393926,0
deserialize,942,0
mult,402933,0
deserialize,914,0
mult,404887,0
deserialize,1047,0
mult,403088,0
deserialize,1027,0
mult,404070,0
deserialize,865,0
mult,402667,0
deserialize,973,0
mult,408860,0
deserialize,875,0
mult,399781,0
deserialize,874,0
mult,398591,0
deserialize,913,0
mult,393297,0
deserialize,875,0
mult,392808,0
deserialize,847,0
mult,392426,0
deserialize,866,0
mult,398002,0
deserialize,1022,0
mult,391393,0
deserialize,939,0
mult,392424,0
deserialize,920,0
mult,392588,0
deserialize,853,0
mult,392647,0
deserialize,881,0
mult,392096,0
deserialize,862,0
mult,392493,0
deserialize,1034,0
mult,393608,0
deserialize,1067,0
mult,392723,0
deserialize,1024,0
mult,394712,0
deserialize,912,0
mult,401633,0
deserialize,1311,0
mult,394489,0
deserialize,911,0
mult,392633,0
deserialize,942,0
mult,393060,0
deserialize,971,0
mult,400713,0
deserialize,960,0
mult,398088,0
deserialize,877,0
mult,404040,0
deserialize,937,0
mult,401915,0
deserialize,909,0
mult,402217,0
deserialize,897,0
mult,409797,0
deserialize,917,0
mult,407506,0
deserialize,1040,0
mult,509239,0
deserialize,1208,0
mult,394716,0
deserialize,970,0
mult,393037,0
deserialize,865,0
mult,392056,0
deserialize,870,0
mult,391985,0
deserialize,875,0
mult,392845,0
deserialize,885,0
mult,393271,0
deserialize,843,0
mult,391843,0
deserialize,1334,0
mult,391729,0
deserialize,867,0
mult,398216,0
deserialize,952,0
mult,392334,0
deserialize,970,0
mult,392935,0
deserialize,908,0
mult,393526,0
deserialize,880,0
mult,394251,0
deserialize,885,0
mult,393777,0
deserialize,880,0
mult,394594,0
deserialize,941,0
mult,393219,0
deserialize,881,0
mult,394655,0
deserialize,1143,0
mult,399001,0
deserialize,946,0
mult,403266,0
deserialize,1026,0
mult,404216,0
deserialize,1068,0
mult,399071,0
deserialize,866,0
mult,400723,0
deserialize,950,0
mult,409846,0
deserialize,1083,0
mult,402050,0
deserialize,934,0
mult,401929,0
deserialize,863,0
mult,394375,0
deserialize,914,0
mult,392855,0
deserialize,876,0
mult,392641,0
deserialize,951,0
mult,398298,0
deserialize,1047,0
mult,391446,0
deserialize,978,0
mult,392107,0
deserialize,925,0
mult,391961,0
deserialize,946,0
mult,391767,0
deserialize,973,0
mult,392003,0
deserialize,885,0
mult,392071,0
deserialize,890,0
mult,392622,0
deserialize,891,0
mult,393321,0
deserialize,865,0
mult,394072,0
deserialize,1099,0
mult,398667,0
deserialize,1190,0
mult,394013,0
deserialize,970,0
mult,392839,0
deserialize,874,0
mult,393749,0
deserialize,912,0
mult,396985,0
deserialize,926,0
mult,396828,0
deserialize,915,0
mult,405443,0
deserialize,869,0
mult,398359,0
deserialize,965,0
mult,399498,0
deserialize,935,0
mult,407813,0
deserialize,1040,0
mult,415413,0
deserialize,1003,0
mult,403926,0
deserialize,951,0
mult,395169,0
deserialize,950,0
mult,394105,0
deserialize,1067,0
mult,392185,0
deserialize,906,0
mult,392230,0
deserialize,1245,0
mult,391723,0
deserialize,1041,0
mult,392328,0
deserialize,1198,0
mult,392011,0
deserialize,973,0
mult,391999,0
deserialize,870,0
mult,396690,0
deserialize,1391,0
mult,391921,0
deserialize,941,0
mult,393373,0
deserialize,1047,0
mult,392542,0
deserialize,860,0
mult,393527,0
deserialize,880,0
mult,393420,0
deserialize,917,0
mult,394153,0
deserialize,968,0
mult,392822,0
deserialize,825,0
mult,394905,0
deserialize,964,0
mult,395669,0
deserialize,890,0
mult,395006,0
deserialize,889,0
mult,409792,0
deserialize,1056,0
mult,398037,0
deserialize,990,0
mult,398965,0
deserialize,1094,0
mult,408122,0
gemm,9.12926e+08,0
wait_all,7.18004e+08,0
deserialize,3127,0
mult,408426,0
deserialize,1187,0
mult,406210,0
deserialize,970,0
mult,401017,0
deserialize,1203,0
mult,409404,0
deserialize,978,0
mult,401964,0
deserialize,890,0
mult,403171,0
deserialize,889,0
mult,395166,0
deserialize,940,0
mult,393635,0
deserialize,830,0
mult,393631,0
deserialize,891,0
mult,393421,0
deserialize,850,0
mult,393363,0
deserialize,950,0
mult,398812,0
deserialize,1194,0
mult,392345,0
deserialize,993,0
mult,392741,0
deserialize,801,0
mult,392960,0
deserialize,914,0
mult,393076,0
deserialize,884,0
mult,393207,0
deserialize,900,0
mult,393925,0
deserialize,836,0
mult,394400,0
deserialize,921,0
mult,394515,0
deserialize,895,0
mult,395314,0
deserialize,859,0
mult,400089,0
deserialize,1000,0
mult,394297,0
deserialize,954,0
mult,396572,0
deserialize,910,0
mult,398270,0
deserialize,861,0
mult,405612,0
deserialize,876,0
mult,399719,0
deserialize,905,0
mult,401132,0
deserialize,939,0
mult,410303,0
deserialize,934,0
mult,403591,0
deserialize,906,0
mult,405370,0
deserialize,890,0
mult,402737,0
deserialize,1062,0
mult,393609,0
deserialize,1002,0
mult,393463,0
deserialize,965,0
mult,392691,0
deserialize,830,0
mult,392844,0
deserialize,1037,0
mult,393737,0
deserialize,909,0
mult,393290,0
deserialize,826,0
mult,393197,0
deserialize,914,0
mult,392644,0
deserialize,902,0
mult,393865,0
deserialize,903,0
mult,398254,0
deserialize,960,0
mult,391998,0
deserialize,975,0
mult,394342,0
deserialize,863,0
mult,394722,0
deserialize,890,0
mult,395199,0
deserialize,874,0
mult,394742,0
deserialize,1026,0
mult,395724,0
deserialize,895,0
mult,395877,0
deserialize,884,0
mult,395880,0
deserialize,903,0
mult,406344,0
deserialize,942,0
mult,398565,0
deserialize,848,0
mult,414676,0
deserialize,994,0
mult,407860,0
deserialize,863,0
mult,404238,0
deserialize,931,0
mult,406032,0
deserialize,850,0
mult,394372,0
deserialize,932,0
mult,393365,0
deserialize,1043,0
mult,1.66955e+06,0
deserialize,1053,0
mult,1.77166e+06,0
deserialize,872,0
mult,1.61204e+06,0
deserialize,939,0
mult,1.33037e+06,0
deserialize,1126,0
mult,402105,0
deserialize,966,0
mult,394960,0
deserialize,916,0
mult,393027,0
deserialize,892,0
mult,392899,0
deserialize,972,0
mult,392217,0
deserialize,845,0
mult,392874,0
deserialize,930,0
mult,392136,0
deserialize,965,0
mult,392734,0
deserialize,904,0
mult,401420,0
deserialize,994,0
mult,395073,0
deserialize,1017,0
mult,393205,0
deserialize,936,0
mult,395484,0
deserialize,896,0
mult,393140,0
deserialize,881,0
mult,393605,0
deserialize,967,0
mult,400307,0
deserialize,1014,0
mult,398187,0
deserialize,968,0
mult,404707,0
deserialize,913,0
mult,401956,0
deserialize,1141,0
mult,426160,0
deserialize,1100,0
mult,409991,0
deserialize,931,0
mult,400673,0
deserialize,913,0
mult,400949,0
deserialize,925,0
mult,394293,0
deserialize,815,0
mult,393060,0
deserialize,877,0
mult,393024,0
deserialize,887,0
mult,393053,0
deserialize,974,0
mult,392606,0
deserialize,1252,0
mult,392390,0
deserialize,871,0
mult,397432,0
deserialize,1001,0
mult,391209,0
deserialize,1013,0
mult,392881,0
deserialize,933,0
mult,392307,0
deserialize,920,0
mult,393240,0
deserialize,931,0
mult,392933,0
deserialize,876,0
mult,394421,0
deserialize,998,0
mult,393706,0
deserialize,885,0
mult,394780,0
deserialize,976,0
mult,393742,0
deserialize,862,0
mult,400117,0
deserialize,1143,0
mult,398736,0
deserialize,895,0
mult,397263,0
deserialize,968,0
mult,405653,0
deserialize,905,0
mult,401066,0
deserialize,1290,0
mult,401108,0
deserialize,853,0
mult,410355,0
deserialize,902,0
mult,401673,0
deserialize,900,0
mult,402118,0
deserialize,1289,0
mult,394775,0
deserialize,874,0
mult,399597,0
deserialize,1049,0
mult,392317,0
deserialize,883,0
mult,393063,0
deserialize,899,0
mult,392373,0
deserialize,887,0
mult,392617,0
deserialize,860,0
mult,392949,0
deserialize,860,0
mult,392844,0
deserialize,21762,0
mult,394576,0
deserialize,1013,0
mult,363104,0
deserialize,913,0
mult,362687,0
deserialize,850,0
mult,366584,0
deserialize,1074,0
mult,359597,0
deserialize,978,0
mult,358562,0
deserialize,899,0
mult,359337,0
deserialize,879,0
mult,363642,0
deserialize,984,0
mult,358591,0
deserialize,985,0
mult,358207,0
deserialize,952,0
mult,361813,0
deserialize,927,0
mult,359473,0
deserialize,956,0
mult,367101,0
deserialize,870,0
mult,359485,0
deserialize,936,0
mult,367629,0
deserialize,1039,0
mult,367326,0
deserialize,1012,0
mult,361989,0
deserialize,865,0
mult,362683,0
deserialize,873,0
mult,365898,0
deserialize,895,0
mult,359835,0
deserialize,1270,0
mult,359752,0
deserialize,878,0
mult,364421,0
deserialize,907,0
mult,359261,0
deserialize,919,0
mult,358369,0
deserialize,900,0
mult,359103,0
deserialize,857,0
mult,367026,0
deserialize,997,0
mult,357930,0
deserialize,943,0
mult,361914,0
deserialize,903,0
mult,361109,0
deserialize,885,0
mult,362275,0
deserialize,1403,0
mult,358887,0
deserialize,852,0
mult,359884,0
deserialize,858,0
mult,362963,0
deserialize,846,0
mult,359504,0
deserialize,851,0
mult,358453,0
deserialize,890,0
mult,361614,0
deserialize,853,0
mult,367439,0
deserialize,1076,0
mult,365744,0
deserialize,929,0
mult,359404,0
deserialize,1202,0
mult,359604,0
deserialize,870,0
mult,366883,0
deserialize,965,0
mult,362533,0
deserialize,889,0
mult,363285,0
deserialize,920,0
mult,366714,0
deserialize,990,0
mult,360582,0
deserialize,946,0
mult,359788,0
deserialize,874,0
mult,364112,0
deserialize,943,0
mult,366447,0
deserialize,997,0
mult,358576,0
deserialize,1028,0
mult,359388,0
deserialize,885,0
mult,360765,0
deserialize,875,0
mult,358311,0
deserialize,869,0
mult,362578,0
deserialize,908,0
mult,360588,0
deserialize,848,0
mult,362813,0
deserialize,870,0
mult,358468,0
deserialize,988,0
mult,359337,0
deserialize,918,0
mult,363896,0
deserialize,1014,0
mult,366575,0
deserialize,962,0
mult,358131,0
deserialize,883,0
mult,360539,0
deserialize,890,0
mult,360958,0
deserialize,862,0
mult,366177,0
deserialize,888,0
mult,359677,0
deserialize,870,0
mult,360604,0
deserialize,914,0
mult,366674,0
deserialize,909,0
mult,363587,0
deserialize,981,0
mult,364970,0
deserialize,1115,0
mult,366386,0
deserialize,914,0
mult,367140,0
deserialize,1010,0
mult,360252,0
deserialize,1136,0
mult,363451,0
deserialize,901,0
mult,361061,0
deserialize,892,0
mult,361961,0
deserialize,954,0
mult,358124,0
deserialize,1134,0
mult,359846,0
deserialize,975,0
mult,359112,0
deserialize,890,0
mult,360578,0
deserialize,943,0
mult,359548,0
deserialize,835,0
mult,363652,0
deserialize,956,0
mult,364216,0
deserialize,1476,0
mult,358016,0
deserialize,1016,0
mult,362533,0
deserialize,992,0
mult,360148,0
deserialize,911,0
mult,359926,0
deserialize,868,0
mult,359565,0
deserialize,855,0
mult,360381,0
deserialize,913,0
mult,364975,0
deserialize,837,0
mult,360827,0
deserialize,960,0
mult,361627,0
deserialize,874,0
mult,363740,0
deserialize,900,0
mult,369370,0
deserialize,980,0
mult,365904,0
deserialize,960,0
mult,365073,0
deserialize,871,0
mult,361631,0
deserialize,865,0
mult,362129,0
deserialize,932,0
mult,361428,0
deserialize,927,0
mult,361999,0
deserialize,887,0
mult,361478,0
deserialize,958,0
mult,358128,0
deserialize,853,0
mult,359477,0
deserialize,913,0
mult,359032,0
deserialize,869,0
mult,367674,0
deserialize,1047,0
mult,358837,0
deserialize,957,0
mult,363549,0
deserialize,984,0
mult,357600,0
deserialize,860,0
mult,358651,0
deserialize,886,0
mult,362544,0
deserialize,888,0
mult,360568,0
deserialize,928,0
mult,360522,0
deserialize,898,0
mult,358160,0
deserialize,961,0
mult,360382,0
deserialize,1141,0
mult,363252,0
deserialize,1037,0
mult,366074,0
deserialize,1019,0
mult,361874,0
deserialize,959,0
mult,363294,0
deserialize,900,0
mult,362832,0
deserialize,1158,0
mult,367177,0
deserialize,934,0
mult,363244,0
deserialize,1127,0
mult,362925,0
deserialize,913,0
mult,363173,0
deserialize,1016,0
mult,361106,0
deserialize,857,0
mult,361341,0
deserialize,867,0
mult,361996,0
deserialize,882,0
mult,363822,0
deserialize,1042,0
mult,358507,0
deserialize,861,0
mult,358997,0
deserialize,866,0
mult,360409,0
deserialize,866,0
mult,359584,0
deserialize,855,0
mult,363656,0
deserialize,1101,0
mult,359284,0
deserialize,934,0
mult,358502,0
deserialize,862,0
mult,360740,0
deserialize,897,0
mult,360250,0
deserialize,866,0
mult,361788,0
deserialize,869,0
mult,363963,0
deserialize,979,0
mult,359105,0
deserialize,1237,0
mult,362312,0
deserialize,828,0
mult,360587,0
deserialize,1246,0
mult,364447,0
deserialize,930,0
mult,360860,0
deserialize,986,0
mult,361867,0
deserialize,953,0
mult,367314,0
deserialize,874,0
mult,362721,0
deserialize,951,0
mult,362673,0
deserialize,880,0
mult,363957,0
deserialize,976,0
mult,364863,0
deserialize,954,0
mult,359907,0
deserialize,969,0
mult,363063,0
deserialize,969,0
mult,357950,0
deserialize,933,0
mult,358408,0
deserialize,845,0
mult,359743,0
deserialize,831,0
mult,360063,0
deserialize,874,0
mult,358452,0
deserialize,867,0
mult,364017,0
deserialize,870,0
mult,359278,0
deserialize,851,0
mult,359191,0
deserialize,1236,0
mult,365208,0
deserialize,978,0
mult,358868,0
deserialize,908,0
mult,362496,0
deserialize,846,0
mult,357829,0
deserialize,958,0
mult,358731,0
deserialize,861,0
mult,361648,0
deserialize,946,0
mult,360122,0
deserialize,934,0
mult,365534,0
deserialize,974,0
mult,360377,0
deserialize,898,0
mult,360576,0
deserialize,920,0
mult,366770,0
deserialize,867,0
mult,366667,0
deserialize,1030,0
mult,361405,0
deserialize,889,0
mult,364012,0
deserialize,1077,0
mult,358380,0
deserialize,937,0
mult,358608,0
deserialize,927,0
mult,363317,0
deserialize,1049,0
mult,358163,0
deserialize,934,0
mult,357794,0
deserialize,853,0
mult,358255,0
deserialize,938,0
mult,360829,0
deserialize,850,0
mult,357960,0
deserialize,954,0
mult,368987,0
deserialize,1084,0
mult,358227,0
deserialize,1031,0
mult,360110,0
deserialize,880,0
mult,358742,0
deserialize,960,0
mult,359747,0
deserialize,892,0
mult,362782,0
deserialize,883,0
mult,358190,0
deserialize,860,0
mult,357712,0
deserialize,872,0
mult,361212,0
deserialize,900,0
mult,359712,0
deserialize,926,0
mult,365037,0
deserialize,874,0
mult,364412,0
deserialize,985,0
mult,358922,0
deserialize,937,0
mult,367014,0
deserialize,961,0
mult,361137,0
deserialize,851,0
mult,361094,0
deserialize,967,0
mult,364788,0
deserialize,856,0
mult,489677,0
deserialize,997,0
mult,357611,0
deserialize,853,0
mult,362471,0
deserialize,900,0
mult,357990,0
deserialize,854,0
mult,357345,0
deserialize,862,0
mult,363812,0
deserialize,1095,0
mult,358977,0
deserialize,875,0
mult,357796,0
deserialize,904,0
mult,361197,0
deserialize,952,0
mult,359322,0
deserialize,883,0
mult,360743,0
deserialize,853,0
mult,357524,0
deserialize,881,0
mult,357619,0
deserialize,951,0
mult,362586,0
deserialize,963,0
mult,357791,0
deserialize,886,0
mult,356930,0
deserialize,979,0
mult,366406,0
deserialize,1043,0
mult,359276,0
deserialize,1249,0
mult,365627,0
deserialize,948,0
mult,358408,0
deserialize,938,0
mult,357967,0
deserialize,890,0
mult,365763,0
deserialize,900,0
mult,360195,0
deserialize,874,0
mult,361654,0
deserialize,877,0
mult,364687,0
deserialize,956,0
mult,358937,0
deserialize,869,0
mult,358493,0
deserialize,884,0
mult,368040,0
deserialize,1140,0
mult,359560,0
deserialize,853,0
mult,357762,0
deserialize,890,0
mult,357206,0
deserialize,932,0
mult,360141,0
deserialize,987,0
mult,357739,0
deserialize,880,0
mult,360665,0
deserialize,855,0
mult,359373,0
deserialize,884,0
mult,360927,0
deserialize,1154,0
mult,357044,0
deserialize,1150,0
mult,357459,0
deserialize,985,0
mult,368434,0
deserialize,983,0
mult,359187,0
deserialize,926,0
mult,357241,0
deserialize,887,0
mult,359731,0
deserialize,1040,0
mult,359406,0
deserialize,865,0
mult,365191,0
deserialize,900,0
mult,359455,0
deserialize,962,0
mult,359922,0
deserialize,943,0
mult,365022,0
deserialize,985,0
mult,362171,0
deserialize,878,0
mult,363364,0
deserialize,1057,0
mult,369471,0
deserialize,1167,0
mult,359261,0
deserialize,951,0
mult,359174,0
deserialize,857,0
mult,361107,0
deserialize,1090,0
mult,360200,0
deserialize,945,0
mult,358770,0
deserialize,867,0
mult,356726,0
deserialize,858,0
mult,358408,0
deserialize,982,0
mult,358363,0
deserialize,885,0
mult,359734,0
deserialize,881,0
mult,359011,0
deserialize,874,0
mult,370971,0
deserialize,1403,0
mult,357122,0
deserialize,984,0
mult,357055,0
deserialize,976,0
mult,361018,0
deserialize,886,0
mult,359090,0
deserialize,1056,0
mult,358615,0
deserialize,860,0
mult,358198,0
deserialize,1005,0
mult,359597,0
deserialize,914,0
mult,363514,0
deserialize,966,0
mult,359238,0
deserialize,839,0
mult,361379,0
deserialize,877,0
mult,368823,0
deserialize,981,0
mult,361145,0
deserialize,1127,0
mult,364562,0
deserialize,836,0
mult,363747,0
deserialize,860,0
mult,360648,0
deserialize,869,0
mult,359991,0
deserialize,877,0
mult,360860,0
deserialize,1345,0
mult,360418,0
deserialize,906,0
mult,360288,0
deserialize,930,0
mult,356936,0
deserialize,943,0
mult,358616,0
deserialize,1226,0
mult,364051,0
deserialize,1000,0
mult,359450,0
deserialize,974,0
mult,358756,0
deserialize,874,0
mult,362508,0
deserialize,1150,0
mult,356867,0
deserialize,1183,0
mult,356858,0
deserialize,1029,0
mult,360431,0
deserialize,874,0
mult,359460,0
deserialize,876,0
mult,359306,0
deserialize,1143,0
mult,357425,0
deserialize,928,0
mult,358242,0
deserialize,878,0
mult,367591,0
deserialize,1025,0
mult,359728,0
deserialize,1031,0
mult,362350,0
deserialize,920,0
mult,360911,0
deserialize,1124,0
mult,360416,0
deserialize,944,0
mult,366414,0
deserialize,878,0
mult,362931,0
deserialize,866,0
mult,360931,0
deserialize,913,0
mult,361997,0
deserialize,853,0
mult,358965,0
deserialize,855,0
mult,359935,0
deserialize,866,0
mult,366935,0
deserialize,1282,0
mult,357057,0
deserialize,959,0
mult,357796,0
deserialize,945,0
mult,357707,0
deserialize,859,0
mult,359367,0
deserialize,924,0
mult,358168,0
deserialize,881,0
mult,362790,0
deserialize,1010,0
mult,357784,0
deserialize,870,0
mult,356964,0
deserialize,960,0
mult,359681,0
deserialize,869,0
mult,359697,0
deserialize,1234,0
mult,365816,0
deserialize,999,0
mult,357051,0
deserialize,1317,0
mult,358240,0
deserialize,945,0
mult,360811,0
deserialize,1028,0
mult,359522,0
deserialize,1127,0
mult,363277,0
deserialize,1037,0
mult,360401,0
deserialize,820,0
mult,360390,0
deserialize,921,0
mult,366414,0
deserialize,880,0
mult,361191,0
deserialize,860,0
mult,360364,0
deserialize,901,0
mult,368174,0
deserialize,1093,0
mult,358161,0
deserialize,822,0
mult,358840,0
deserialize,858,0
mult,362255,0
deserialize,1112,0
mult,357025,0
deserialize,853,0
mult,357557,0
deserialize,1128,0
mult,358446,0
deserialize,879,0
mult,359672,0
deserialize,829,0
mult,357355,0
deserialize,863,0
mult,362797,0
deserialize,887,0
mult,358175,0
deserialize,893,0
mult,363961,0
deserialize,978,0
mult,357557,0
deserialize,920,0
mult,359333,0
deserialize,890,0
mult,361220,0
deserialize,903,0
mult,356725,0
deserialize,1300,0
mult,358261,0
deserialize,977,0
mult,361510,0
deserialize,877,0
mult,359142,0
deserialize,1424,0
mult,364079,0
deserialize,1000,0
mult,358790,0
deserialize,853,0
mult,359609,0
deserialize,920,0
mult,373624,0
deserialize,1102,0
mult,359643,0
deserialize,965,0
mult,360504,0
deserialize,883,0
mult,363011,0
deserialize,891,0
mult,357624,0
deserialize,980,0
mult,358299,0
deserialize,930,0
mult,362101,0
deserialize,870,0
mult,356983,0
deserialize,874,0
mult,357119,0
deserialize,877,0
mult,358416,0
deserialize,982,0
mult,359598,0
deserialize,976,0
mult,363100,0
deserialize,953,0
mult,361498,0
deserialize,1022,0
mult,358495,0
deserialize,891,0
mult,359002,0
deserialize,855,0
mult,357472,0
deserialize,970,0
mult,358393,0
deserialize,1234,0
mult,361996,0
deserialize,878,0
mult,357204,0
deserialize,886,0
mult,357493,0
deserialize,875,0
mult,360934,0
deserialize,887,0
mult,358370,0
deserialize,900,0
mult,370894,0
deserialize,1001,0
mult,357974,0
deserialize,934,0
mult,357922,0
deserialize,861,0
mult,366720,0
deserialize,863,0
mult,359827,0
deserialize,1003,0
mult,360727,0
deserialize,912,0
mult,364736,0
deserialize,962,0
mult,358000,0
deserialize,862,0
mult,357795,0
deserialize,900,0
mult,363457,0
deserialize,945,0
mult,358943,0
deserialize,1028,0
mult,362545,0
deserialize,993,0
mult,357528,0
deserialize,981,0
mult,359554,0
deserialize,854,0
mult,356925,0
deserialize,924,0
mult,360455,0
deserialize,863,0
mult,358690,0
deserialize,978,0
mult,360474,0
deserialize,858,0
mult,356893,0
deserialize,879,0
mult,357352,0
deserialize,927,0
mult,362460,0
deserialize,1227,0
mult,357941,0
deserialize,870,0
mult,356935,0
deserialize,922,0
mult,366242,0
deserialize,1070,0
mult,358581,0
deserialize,928,0
mult,365844,0
deserialize,852,0
mult,357999,0
deserialize,981,0
mult,358385,0
deserialize,883,0
mult,365834,0
gemm,9.25771e+08,0
wait_all,7.17139e+08,0
deserialize,3990,0
mult,405273,0
deserialize,1074,0
mult,399613,0
deserialize,831,0
mult,399680,0
deserialize,943,0
mult,408903,0
deserialize,861,0
mult,405775,0
deserialize,1042,0
mult,402903,0
deserialize,927,0
mult,393864,0
deserialize,915,0
mult,392999,0
deserialize,909,0
mult,392642,0
deserialize,908,0
mult,391875,0
deserialize,954,0
mult,391111,0
deserialize,940,0
mult,391347,0
deserialize,884,0
mult,391689,0
deserialize,925,0
mult,391022,0
deserialize,802,0
mult,397926,0
deserialize,940,0
mult,390179,0
deserialize,1011,0
mult,391592,0
deserialize,897,0
mult,391706,0
deserialize,827,0
mult,393051,0
deserialize,887,0
mult,391627,0
deserialize,824,0
mult,393097,0
deserialize,887,0
mult,391746,0
deserialize,851,0
mult,393137,0
deserialize,886,0
mult,394417,0
deserialize,1013,0
mult,399781,0
deserialize,1009,0
mult,401151,0
deserialize,1062,0
mult,397172,0
deserialize,961,0
mult,398730,0
deserialize,1023,0
mult,409024,0
deserialize,874,0
mult,401737,0
deserialize,915,0
mult,404541,0
deserialize,880,0
mult,395973,0
deserialize,1435,0
mult,394022,0
deserialize,893,0
mult,393228,0
deserialize,925,0
mult,399363,0
deserialize,963,0
mult,390541,0
deserialize,1106,0
mult,392082,0
deserialize,991,0
mult,391112,0
deserialize,822,0
mult,390930,0
deserialize,979,0
mult,391912,0
deserialize,853,0
mult,390921,0
deserialize,927,0
mult,391776,0
deserialize,909,0
mult,391562,0
deserialize,1016,0
mult,392167,0
deserialize,892,0
mult,398795,0
deserialize,1143,0
mult,392194,0
deserialize,988,0
mult,391687,0
deserialize,910,0
mult,393003,0
deserialize,1166,0
mult,391918,0
deserialize,897,0
mult,392686,0
deserialize,926,0
mult,401753,0
deserialize,924,0
mult,395735,0
deserialize,921,0
mult,397977,0
deserialize,978,0
mult,406779,0
deserialize,911,0
mult,409393,0
deserialize,1142,0
mult,404774,0
deserialize,1064,0
mult,391209,0
deserialize,937,0
mult,390587,0
deserialize,988,0
mult,1.68347e+06,0
deserialize,944,0
mult,1.80265e+06,0
deserialize,977,0
mult,1.61976e+06,0
deserialize,878,0
mult,1.30674e+06,0
deserialize,1212,0
mult,407392,0
deserialize,1115,0
mult,392434,0
deserialize,973,0
mult,389991,0
deserialize,1080,0
mult,390483,0
deserialize,1088,0
mult,390354,0
deserialize,881,0
mult,389694,0
deserialize,904,0
mult,390655,0
deserialize,1063,0
mult,391358,0
deserialize,901,0
mult,391427,0
deserialize,1000,0
mult,392823,0
deserialize,942,0
mult,397816,0
deserialize,1157,0
mult,392021,0
deserialize,1273,0
mult,390856,0
deserialize,900,0
mult,392083,0
deserialize,881,0
mult,397123,0
deserialize,907,0
mult,394641,0
deserialize,936,0
mult,401128,0
deserialize,912,0
mult,401017,0
deserialize,1049,0
mult,400092,0
deserialize,1028,0
mult,408469,0
deserialize,892,0
mult,405095,0
deserialize,1030,0
mult,399215,0
deserialize,942,0
mult,392643,0
deserialize,836,0
mult,392862,0
deserialize,908,0
mult,391251,0
deserialize,1098,0
mult,391276,0
deserialize,1042,0
mult,390920,0
deserialize,1029,0
mult,390334,0
deserialize,962,0
mult,391257,0
deserialize,1093,0
mult,390581,0
deserialize,973,0
mult,395966,0
deserialize,1152,0
mult,389445,0
deserialize,1068,0
mult,390893,0
deserialize,1016,0
mult,391418,0
deserialize,900,0
mult,392726,0
deserialize,988,0
mult,391254,0
deserialize,954,0
mult,392502,0
deserialize,1357,0
mult,391776,0
deserialize,850,0
mult,392724,0
deserialize,1184,0
mult,395813,0
deserialize,1160,0
mult,401002,0
deserialize,1347,0
mult,401085,0
deserialize,1043,0
mult,398130,0
deserialize,897,0
mult,399763,0
deserialize,1039,0
mult,408476,0
deserialize,967,0
mult,401489,0
deserialize,871,0
mult,401619,0
deserialize,1343,0
mult,393988,0
deserialize,1008,0
mult,392836,0
deserialize,965,0
mult,391855,0
deserialize,872,0
mult,397563,0
deserialize,1168,0
mult,389094,0
deserialize,1205,0
mult,389944,0
deserialize,942,0
mult,390277,0
deserialize,918,0
mult,390844,0
deserialize,18112,0
mult,384465,0
deserialize,1082,0
mult,394482,0
deserialize,979,0
mult,392362,0
deserialize,938,0
mult,393998,0
deserialize,951,0
mult,393542,0
deserialize,986,0
mult,401656,0
deserialize,1073,0
mult,393497,0
deserialize,1008,0
mult,394133,0
deserialize,897,0
mult,393871,0
deserialize,1627,0
mult,394515,0
deserialize,948,0
mult,397094,0
deserialize,988,0
mult,397304,0
deserialize,966,0
mult,405425,0
deserialize,919,0
mult,398846,0
deserialize,920,0
mult,400277,0
deserialize,1066,0
mult,415723,0
deserialize,1080,0
mult,402940,0
deserialize,1060,0
mult,404237,0
deserialize,895,0
mult,395894,0
deserialize,903,0
mult,394517,0
deserialize,893,0
mult,393097,0
deserialize,944,0
mult,392335,0
deserialize,920,0
mult,392790,0
deserialize,1195,0
mult,392556,0
deserialize,830,0
mult,392770,0
deserialize,1427,0
mult,397837,0
deserialize,1036,0
mult,391763,0
deserialize,968,0
mult,391834,0
deserialize,859,0
mult,393371,0
deserialize,888,0
mult,393033,0
deserialize,837,0
mult,393659,0
deserialize,954,0
mult,393946,0
deserialize,905,0
mult,394875,0
deserialize,881,0
mult,394258,0
deserialize,826,0
mult,394979,0
deserialize,1042,0
mult,396377,0
deserialize,980,0
mult,401793,0
deserialize,1182,0
mult,405058,0
deserialize,1124,0
mult,397653,0
deserialize,983,0
mult,399317,0
deserialize,966,0
mult,408438,0
deserialize,1121,0
mult,404047,0
deserialize,864,0
mult,405930,0
deserialize,946,0
mult,397344,0
deserialize,896,0
mult,395097,0
deserialize,1100,0
mult,399344,0
deserialize,1097,0
mult,392504,0
deserialize,1010,0
mult,392338,0
deserialize,870,0
mult,392090,0
deserialize,1039,0
mult,392941,0
deserialize,832,0
mult,392756,0
deserialize,911,0
mult,393656,0
deserialize,1048,0
mult,393036,0
deserialize,909,0
mult,393172,0
deserialize,837,0
mult,393416,0
deserialize,901,0
mult,393907,0
deserialize,956,0
mult,399998,0
deserialize,1210,0
mult,394350,0
deserialize,955,0
mult,393852,0
deserialize,899,0
mult,395117,0
deserialize,878,0
mult,394313,0
deserialize,979,0
mult,395025,0
deserialize,1223,0
mult,404225,0
deserialize,1177,0
mult,397900,0
deserialize,940,0
mult,399681,0
deserialize,947,0
mult,406663,0
deserialize,1327,0
mult,409757,0
deserialize,1077,0
mult,407328,0
deserialize,926,0
mult,398040,0
deserialize,977,0
mult,395774,0
deserialize,1004,0
mult,394058,0
deserialize,890,0
mult,393558,0
deserialize,930,0
mult,393620,0
deserialize,997,0
mult,392988,0
deserialize,1097,0
mult,392433,0
deserialize,884,0
mult,392780,0
deserialize,1178,0
mult,397548,0
deserialize,1128,0
mult,392006,0
deserialize,995,0
mult,392451,0
deserialize,957,0
mult,392926,0
deserialize,1426,0
mult,394574,0
deserialize,967,0
mult,394414,0
deserialize,1006,0
mult,395100,0
deserialize,887,0
mult,394306,0
deserialize,881,0
mult,395563,0
deserialize,984,0
mult,393310,0
deserialize,916,0
mult,401482,0
deserialize,1112,0
mult,402822,0
deserialize,1084,0
mult,399098,0
deserialize,1044,0
mult,401932,0
deserialize,949,0
mult,405337,0
deserialize,1004,0
mult,403654,0
deserialize,984,0
mult,408942,0
deserialize,1114,0
mult,398693,0
deserialize,843,0
mult,397313,0
deserialize,885,0
mult,393125,0
deserialize,914,0
mult,399188,0
deserialize,1107,0
mult,392028,0
deserialize,1426,0
mult,392256,0
deserialize,1070,0
mult,392210,0
deserialize,895,0
mult,392549,0
deserialize,943,0
mult,392743,0
deserialize,885,0
mult,392041,0
deserialize,1024,0
mult,392347,0
deserialize,870,0
mult,392991,0
deserialize,1133,0
mult,393771,0
deserialize,919,0
mult,399315,0
deserialize,1238,0
mult,394806,0
deserialize,991,0
mult,393807,0
deserialize,1290,0
mult,395194,0
deserialize,961,0
mult,392861,0
deserialize,1019,0
mult,394082,0
deserialize,853,0
mult,402963,0
deserialize,1180,0
mult,398370,0
deserialize,912,0
mult,403190,0
deserialize,1089,0
mult,404685,0
deserialize,1013,0
mult,408999,0
deserialize,1246,0
mult,410006,0
deserialize,1033,0
mult,399915,0
deserialize,972,0
mult,399081,0
deserialize,1202,0
mult,393630,0
deserialize,1153,0
mult,392942,0
deserialize,907,0
mult,393219,0
deserialize,963,0
mult,392360,0
deserialize,917,0
mult,392901,0
deserialize,966,0
mult,392198,0
deserialize,867,0
mult,398110,0
deserialize,1094,0
mult,391472,0
deserialize,1046,0
mult,392363,0
deserialize,997,0
mult,393165,0
deserialize,898,0
mult,393622,0
deserialize,1059,0
mult,393286,0
deserialize,912,0
mult,394374,0
deserialize,1021,0
mult,393545,0
deserialize,882,0
mult,394549,0
deserialize,982,0
mult,393879,0
deserialize,920,0
mult,399520,0
deserialize,1084,0
mult,399698,0
deserialize,1039,0
mult,398453,0
deserialize,901,0
mult,404073,0
deserialize,978,0
mult,402182,0
deserialize,963,0
mult,403123,0
deserialize,928,0
mult,410027,0
deserialize,1173,0
mult,400603,0
deserialize,1046,0
mult,400388,0
deserialize,985,0
mult,393445,0
deserialize,963,0
mult,402236,0
deserialize,1006,0
mult,392265,0
deserialize,1317,0
mult,393016,0
deserialize,1004,0
mult,392790,0
deserialize,1059,0
mult,392553,0
deserialize,929,0
mult,393064,0
deserialize,840,0
mult,392696,0
deserialize,963,0
mult,392151,0
deserialize,900,0
mult,392386,0
deserialize,961,0
mult,393467,0
deserialize,910,0
mult,508247,0
deserialize,1136,0
mult,394260,0
deserialize,933,0
mult,392654,0
deserialize,1067,0
mult,395374,0
deserialize,1127,0
mult,393023,0
deserialize,1108,0
mult,394437,0
deserialize,948,0
mult,399010,0
deserialize,982,0
mult,397916,0
deserialize,1265,0
mult,404159,0
deserialize,1413,0
mult,400374,0
deserialize,883,0
mult,409097,0
deserialize,1046,0
mult,409639,0
deserialize,1177,0
mult,401081,0
deserialize,1104,0
mult,402658,0
deserialize,880,0
mult,394678,0
deserialize,1126,0
mult,393433,0
deserialize,960,0
mult,393127,0
deserialize,980,0
mult,392874,0
deserialize,931,0
mult,392313,0
deserialize,1110,0
mult,392140,0
deserialize,1071,0
mult,398384,0
deserialize,1276,0
mult,391664,0
deserialize,970,0
mult,391931,0
deserialize,1120,0
mult,391786,0
deserialize,855,0
mult,392492,0
deserialize,1096,0
mult,392740,0
deserialize,928,0
mult,393993,0
deserialize,1057,0
mult,393346,0
deserialize,946,0
mult,394223,0
deserialize,1463,0
mult,392932,0
deserialize,922,0
mult,399731,0
deserialize,1058,0
mult,396687,0
deserialize,887,0
mult,396963,0
deserialize,978,0
mult,404850,0
deserialize,940,0
mult,398516,0
deserialize,941,0
mult,400117,0
deserialize,959,0
mult,408656,0
deserialize,1043,0
mult,401863,0
deserialize,955,0
mult,403466,0
deserialize,1034,0
mult,394994,0
deserialize,832,0
mult,399487,0
deserialize,1133,0
mult,393178,0
deserialize,974,0
mult,391550,0
deserialize,965,0
mult,392246,0
deserialize,902,0
mult,392190,0
deserialize,958,0
mult,391809,0
deserialize,1081,0
mult,391813,0
deserialize,924,0
mult,391922,0
deserialize,820,0
mult,391971,0
deserialize,950,0
mult,392420,0
deserialize,913,0
mult,398143,0
deserialize,1251,0
mult,393481,0
deserialize,1106,0
mult,392988,0
deserialize,1024,0
mult,393776,0
deserialize,1080,0
mult,392016,0
deserialize,929,0
mult,394942,0
deserialize,1085,0
mult,395573,0
deserialize,898,0
mult,395921,0
deserialize,1089,0
mult,404505,0
deserialize,919,0
mult,397218,0
deserialize,1264,0
mult,404646,0
deserialize,1078,0
mult,408009,0
deserialize,1024,0
mult,402743,0
deserialize,1211,0
mult,405363,0
deserialize,914,0
mult,395757,0
deserialize,912,0
mult,394238,0
deserialize,868,0
mult,392797,0
deserialize,970,0
mult,392182,0
deserialize,934,0
mult,392056,0
deserialize,840,0
mult,391670,0
deserialize,962,0
mult,397740,0
deserialize,1530,0
mult,391953,0
deserialize,1036,0
mult,391480,0
deserialize,897,0
mult,391594,0
deserialize,900,0
mult,392149,0
deserialize,961,0
mult,392258,0
deserialize,947,0
mult,393391,0
deserialize,1068,0
mult,393380,0
deserialize,914,0
mult,393561,0
deserialize,971,0
mult,393250,0
deserialize,921,0
mult,400448,0
deserialize,1287,0
mult,393182,0
deserialize,1038,0
mult,393854,0
deserialize,934,0
mult,404570,0
deserialize,972,0
mult,397813,0
deserialize,1459,0
mult,399659,0
deserialize,1076,0
mult,406375,0
deserialize,1157,0
mult,403160,0
deserialize,949,0
mult,407470,0
deserialize,1034,0
mult,396961,0
deserialize,839,0
mult,400904,0
deserialize,1148,0
mult,392741,0
deserialize,913,0
mult,392727,0
deserialize,1403,0
mult,392110,0
deserialize,915,0
mult,392277,0
deserialize,931,0
mult,391627,0
deserialize,837,0
mult,391947,0
deserialize,892,0
mult,392224,0
deserialize,864,0
mult,392074,0
deserialize,951,0
mult,392497,0
deserialize,897,0
mult,397490,0
deserialize,1106,0
mult,392984,0
deserialize,1057,0
mult,393154,0
deserialize,956,0
mult,394622,0
deserialize,956,0
mult,392883,0
deserialize,1032,0
mult,394499,0
deserialize,949,0
mult,392308,0
deserialize,1024,0
mult,393683,0
deserialize,930,0
mult,403128,0
deserialize,1075,0
mult,398408,0
deserialize,910,0
mult,407407,0
deserialize,986,0
mult,405137,0
deserialize,1087,0
mult,403164,0
deserialize,1036,0
mult,408632,0
deserialize,874,0
mult,397690,0
deserialize,947,0
mult,397577,0
deserialize,892,0
mult,393540,0
deserialize,941,0
mult,391792,0
deserialize,962,0
mult,392583,0
deserialize,903,0
mult,392234,0
deserialize,898,0
mult,397637,0
deserialize,1240,0
mult,392194,0
deserialize,1118,0
mult,391332,0
deserialize,908,0
mult,391598,0
deserialize,1008,0
mult,392209,0
deserialize,939,0
mult,392102,0
deserialize,1092,0
mult,392157,0
deserialize,1057,0
mult,392757,0
deserialize,916,0
mult,394603,0
deserialize,1240,0
mult,393145,0
deserialize,839,0
mult,399884,0
deserialize,1099,0
mult,392209,0
deserialize,927,0
mult,392644,0
deserialize,1020,0
mult,402178,0
deserialize,929,0
mult,398553,0
deserialize,1019,0
mult,402696,0
deserialize,1228,0
mult,403364,0
deserialize,997,0
mult,402663,0
deserialize,1070,0
mult,408893,0
deserialize,963,0
mult,400000,0
deserialize,932,0
mult,404380,0
deserialize,1298,0
mult,392711,0
deserialize,1047,0
mult,392681,0
deserialize,874,0
mult,391955,0
deserialize,826,0
mult,391782,0
deserialize,1063,0
mult,391943,0
deserialize,835,0
mult,391960,0
deserialize,948,0
mult,392300,0
deserialize,834,0
mult,391928,0
deserialize,968,0
mult,392057,0
deserialize,902,0
mult,392046,0
deserialize,928,0
mult,399779,0
deserialize,981,0
mult,392535,0
deserialize,1066,0
mult,394178,0
deserialize,939,0
mult,393299,0
deserialize,1194,0
mult,394430,0
deserialize,901,0
mult,392275,0
deserialize,1150,0
mult,393966,0
deserialize,957,0
mult,400775,0
deserialize,1096,0
mult,398304,0
deserialize,1150,0
mult,403448,0
deserialize,1196,0
mult,407609,0
deserialize,1077,0
mult,401874,0
deserialize,950,0
mult,408727,0
deserialize,862,0
mult,400258,0
deserialize,900,0
mult,399877,0
deserialize,876,0
mult,394109,0
deserialize,1030,0
mult,393276,0
deserialize,854,0
mult,391867,0
deserialize,901,0
mult,392214,0
deserialize,1109,0
mult,391958,0
deserialize,980,0
mult,398027,0
deserialize,1042,0
mult,392263,0
deserialize,992,0
mult,391549,0
deserialize,830,0
mult,391564,0
deserialize,1127,0
mult,391890,0
deserialize,934,0
mult,392140,0
deserialize,913,0
mult,392310,0
deserialize,837,0
mult,394066,0
deserialize,912,0
mult,393387,0
deserialize,940,0
mult,394021,0
deserialize,904,0
mult,398450,0
deserialize,1086,0
mult,393766,0
deserialize,1030,0
mult,398857,0
deserialize,929,0
mult,397297,0
deserialize,902,0
mult,404502,0
deserialize,1351,0
mult,399833,0
deserialize,856,0
mult,401054,0
deserialize,980,0
mult,408999,0
deserialize,968,0
mult,402144,0
deserialize,881,0
mult,402087,0
deserialize,879,0
mult,400271,0
deserialize,993,0
mult,393292,0
deserialize,1040,0
mult,392287,0
deserialize,1033,0
mult,391597,0
deserialize,891,0
mult,392084,0
deserialize,905,0
mult,391983,0
deserialize,874,0
mult,392268,0
deserialize,831,0
mult,392017,0
deserialize,978,0
mult,391714,0
deserialize,897,0
mult,391305,0
deserialize,1365,0
mult,398350,0
deserialize,986,0
mult,392522,0
deserialize,979,0
mult,393476,0
deserialize,916,0
mult,393270,0
deserialize,1336,0
mult,393874,0
deserialize,854,0
mult,393357,0
deserialize,883,0
mult,393792,0
deserialize,867,0
mult,396836,0
deserialize,900,0
mult,396637,0
deserialize,862,0
mult,405309,0
deserialize,1040,0
mult,403747,0
deserialize,980,0
mult,399653,0
deserialize,1059,0
mult,408772,0
deserialize,817,0
mult,401902,0
deserialize,902,0
mult,403311,0
deserialize,1211,0
mult,395167,0
deserialize,1170,0
mult,393554,0
deserialize,893,0
mult,392284,0
deserialize,1176,0
mult,392189,0
deserialize,845,0
mult,391786,0
deserialize,1435,0
mult,397761,0
deserialize,1000,0
mult,392027,0
deserialize,1132,0
mult,391833,0
deserialize,838,0
mult,391754,0
deserialize,1016,0
mult,391587,0
deserialize,853,0
mult,392352,0
deserialize,1045,0
mult,393067,0
deserialize,864,0
mult,393481,0
deserialize,897,0
mult,392973,0
deserialize,923,0
mult,394240,0
deserialize,1057,0
mult,399617,0
deserialize,1014,0
mult,394200,0
deserialize,1034,0
mult,394958,0
deserialize,871,0
mult,395857,0
deserialize,981,0
mult,404429,0
deserialize,880,0
mult,397204,0
deserialize,1000,0
mult,398713,0
deserialize,860,0
mult,407670,0
gemm,9.18577e+08,0
wait_all,7.19045e+08,0
deserialize,2729,0
mult,410079,0
deserialize,1153,0
mult,405097,0
deserialize,962,0
mult,401380,0
deserialize,979,0
mult,410387,0
deserialize,873,0
mult,402794,0
deserialize,863,0
mult,402849,0
deserialize,943,0
mult,395079,0
deserialize,937,0
mult,394610,0
deserialize,864,0
mult,394113,0
deserialize,992,0
mult,393352,0
deserialize,1083,0
mult,392921,0
deserialize,913,0
mult,398920,0
deserialize,1172,0
mult,392102,0
deserialize,989,0
mult,392395,0
deserialize,1000,0
mult,392002,0
deserialize,911,0
mult,393124,0
deserialize,1147,0
mult,393920,0
deserialize,905,0
mult,394863,0
deserialize,851,0
mult,395697,0
deserialize,885,0
mult,394061,0
deserialize,849,0
mult,395480,0
deserialize,1050,0
mult,399733,0
deserialize,986,0
mult,394617,0
deserialize,990,0
mult,397557,0
deserialize,906,0
mult,398238,0
deserialize,870,0
mult,406469,0
deserialize,850,0
mult,398668,0
deserialize,925,0
mult,400430,0
deserialize,882,0
mult,410045,0
deserialize,914,0
mult,403246,0
deserialize,982,0
mult,404947,0
deserialize,895,0
mult,403387,0
deserialize,1057,0
mult,394234,0
deserialize,984,0
mult,393274,0
deserialize,1086,0
mult,393070,0
deserialize,842,0
mult,394491,0
deserialize,950,0
mult,393631,0
deserialize,897,0
mult,392597,0
deserialize,797,0
mult,393100,0
deserialize,904,0
mult,392947,0
deserialize,872,0
mult,392864,0
deserialize,900,0
mult,399658,0
deserialize,951,0
mult,392442,0
deserialize,1078,0
mult,393748,0
deserialize,922,0
mult,395087,0
deserialize,898,0
mult,395601,0
deserialize,874,0
mult,393750,0
deserialize,867,0
mult,395473,0
deserialize,863,0
mult,396501,0
deserialize,1007,0
mult,396338,0
deserialize,1183,0
mult,405878,0
deserialize,932,0
mult,403466,0
deserialize,1064,0
mult,398165,0
deserialize,996,0
mult,408670,0
deserialize,860,0
mult,404694,0
deserialize,881,0
mult,406738,0
deserialize,834,0
mult,394496,0
deserialize,929,0
mult,393186,0
deserialize,1194,0
mult,1.70035e+06,0
deserialize,1040,0
mult,1.80305e+06,0
deserialize,929,0
mult,1.62427e+06,0
deserialize,1125,0
mult,1.30244e+06,0
deserialize,1141,0
mult,402137,0
deserialize,1185,0
mult,394583,0
deserialize,990,0
mult,392281,0
deserialize,962,0
mult,392461,0
deserialize,1198,0
mult,391654,0
deserialize,835,0
mult,392561,0
deserialize,906,0
mult,392339,0
deserialize,949,0
mult,399771,0
deserialize,1050,0
mult,392634,0
deserialize,907,0
mult,393707,0
deserialize,986,0
mult,392909,0
deserialize,952,0
mult,394448,0
deserialize,956,0
mult,393654,0
deserialize,906,0
mult,393898,0
deserialize,926,0
mult,401647,0
deserialize,886,0
mult,398357,0
deserialize,932,0
mult,404485,0
deserialize,891,0
mult,407900,0
deserialize,1040,0
mult,401300,0
deserialize,1090,0
mult,409405,0
deserialize,914,0
mult,400922,0
deserialize,900,0
mult,401488,0
deserialize,903,0
mult,393946,0
deserialize,1032,0
mult,393622,0
deserialize,863,0
mult,393063,0
deserialize,885,0
mult,392359,0
deserialize,1163,0
mult,392531,0
deserialize,1207,0
mult,398027,0
deserialize,1008,0
mult,391730,0
deserialize,958,0
mult,391877,0
deserialize,876,0
mult,392628,0
deserialize,1050,0
mult,392310,0
deserialize,926,0
mult,393674,0
deserialize,921,0
mult,393107,0
deserialize,837,0
mult,394641,0
deserialize,959,0
mult,393705,0
deserialize,984,0
mult,394690,0
deserialize,926,0
mult,393129,0
deserialize,907,0
mult,399733,0
deserialize,1073,0
mult,398867,0
deserialize,903,0
mult,397561,0
deserialize,893,0
mult,405289,0
deserialize,917,0
mult,399658,0
deserialize,925,0
mult,401654,0
deserialize,898,0
mult,410437,0
deserialize,913,0
mult,402336,0
deserialize,1067,0
mult,403051,0
deserialize,1230,0
mult,400617,0
deserialize,1060,0
mult,393482,0
deserialize,997,0
mult,392497,0
deserialize,876,0
mult,392178,0
deserialize,999,0
mult,392186,0
deserialize,862,0
mult,392742,0
deserialize,886,0
mult,392883,0
deserialize,845,0
mult,392540,0
deserialize,17698,0
mult,386565,0
deserialize,1213,0
mult,377523,0
deserialize,918,0
mult,381158,0
deserialize,893,0
mult,383111,0
deserialize,1302,0
mult,374107,0
deserialize,1038,0
mult,376024,0
deserialize,877,0
mult,370065,0
deserialize,877,0
mult,371224,0
deserialize,873,0
mult,370621,0
deserialize,954,0
mult,371131,0
deserialize,964,0
mult,370864,0
deserialize,872,0
mult,372781,0
deserialize,938,0
mult,370574,0
deserialize,1000,0
mult,378489,0
deserialize,1122,0
mult,368786,0
deserialize,953,0
mult,370694,0
deserialize,1054,0
mult,369210,0
deserialize,901,0
mult,371014,0
deserialize,859,0
mult,369624,0
deserialize,908,0
mult,369716,0
deserialize,906,0
mult,370030,0
deserialize,905,0
mult,369465,0
deserialize,913,0
mult,371653,0
deserialize,870,0
mult,377384,0
deserialize,872,0
mult,384239,0
deserialize,1027,0
mult,383698,0
deserialize,1211,0
mult,376321,0
deserialize,890,0
mult,381055,0
deserialize,920,0
mult,378119,0
deserialize,893,0
mult,376104,0
deserialize,868,0
mult,375950,0
deserialize,1135,0
mult,369895,0
deserialize,847,0
mult,372944,0
deserialize,878,0
mult,371144,0
deserialize,862,0
mult,370751,0
deserialize,981,0
mult,377636,0
deserialize,1035,0
mult,372204,0
deserialize,1050,0
mult,369820,0
deserialize,933,0
mult,371739,0
deserialize,910,0
mult,370012,0
deserialize,857,0
mult,370490,0
deserialize,1080,0
mult,369485,0
deserialize,1034,0
mult,371982,0
deserialize,940,0
mult,370028,0
deserialize,894,0
mult,369765,0
deserialize,969,0
mult,376200,0
deserialize,987,0
mult,368629,0
deserialize,999,0
mult,370561,0
deserialize,900,0
mult,375194,0
deserialize,946,0
mult,376422,0
deserialize,883,0
mult,383469,0
deserialize,1160,0
mult,377490,0
deserialize,879,0
mult,381985,0
deserialize,906,0
mult,376988,0
deserialize,856,0
mult,377778,0
deserialize,881,0
mult,376211,0
deserialize,867,0
mult,375845,0
deserialize,1059,0
mult,373060,0
deserialize,899,0
mult,371027,0
deserialize,890,0
mult,370143,0
deserialize,844,0
mult,371285,0
deserialize,907,0
mult,371252,0
deserialize,855,0
mult,370170,0
deserialize,923,0
mult,371874,0
deserialize,916,0
mult,369866,0
deserialize,1060,0
mult,370747,0
deserialize,886,0
mult,369426,0
deserialize,929,0
mult,377865,0
deserialize,1058,0
mult,369703,0
deserialize,974,0
mult,369997,0
deserialize,960,0
mult,369917,0
deserialize,903,0
mult,369979,0
deserialize,905,0
mult,370857,0
deserialize,917,0
mult,372749,0
deserialize,885,0
mult,375652,0
deserialize,921,0
mult,384062,0
deserialize,1184,0
mult,378210,0
deserialize,899,0
mult,391391,0
deserialize,1077,0
mult,374925,0
deserialize,932,0
mult,378078,0
deserialize,972,0
mult,377279,0
deserialize,884,0
mult,371115,0
deserialize,940,0
mult,374470,0
deserialize,890,0
mult,370220,0
deserialize,931,0
mult,370281,0
deserialize,1038,0
mult,371320,0
deserialize,886,0
mult,370296,0
deserialize,930,0
mult,370364,0
deserialize,921,0
mult,377760,0
deserialize,1045,0
mult,369422,0
deserialize,891,0
mult,370590,0
deserialize,988,0
mult,369934,0
deserialize,894,0
mult,371095,0
deserialize,904,0
mult,368805,0
deserialize,904,0
mult,370675,0
deserialize,910,0
mult,369487,0
deserialize,854,0
mult,369407,0
deserialize,879,0
mult,370174,0
deserialize,873,0
mult,372677,0
deserialize,976,0
mult,379917,0
deserialize,1052,0
mult,382694,0
deserialize,1020,0
mult,378808,0
deserialize,862,0
mult,381688,0
deserialize,944,0
mult,374883,0
deserialize,845,0
mult,379019,0
deserialize,982,0
mult,376905,0
deserialize,1044,0
mult,371322,0
deserialize,882,0
mult,374341,0
deserialize,974,0
mult,369337,0
deserialize,1009,0
mult,375899,0
deserialize,996,0
mult,370498,0
deserialize,993,0
mult,368971,0
deserialize,829,0
mult,370761,0
deserialize,995,0
mult,372357,0
deserialize,848,0
mult,370076,0
deserialize,955,0
mult,370709,0
deserialize,880,0
mult,369487,0
deserialize,967,0
mult,370725,0
deserialize,887,0
mult,368557,0
deserialize,933,0
mult,369689,0
deserialize,950,0
mult,375769,0
deserialize,1261,0
mult,369196,0
deserialize,943,0
mult,370145,0
deserialize,919,0
mult,371044,0
deserialize,1002,0
mult,374743,0
deserialize,889,0
mult,381079,0
deserialize,824,0
mult,379485,0
deserialize,1113,0
mult,381773,0
deserialize,858,0
mult,374229,0
deserialize,891,0
mult,379601,0
deserialize,864,0
mult,376677,0
deserialize,977,0
mult,378723,0
deserialize,1016,0
mult,375348,0
deserialize,988,0
mult,368921,0
deserialize,866,0
mult,368990,0
deserialize,923,0
mult,370916,0
deserialize,908,0
mult,370309,0
deserialize,1036,0
mult,370057,0
deserialize,868,0
mult,371676,0
deserialize,902,0
mult,369479,0
deserialize,921,0
mult,370478,0
deserialize,1025,0
mult,375238,0
deserialize,1075,0
mult,369462,0
deserialize,1163,0
mult,368714,0
deserialize,948,0
mult,369552,0
deserialize,1156,0
mult,368630,0
deserialize,992,0
mult,369569,0
deserialize,880,0
mult,370242,0
deserialize,946,0
mult,369977,0
deserialize,894,0
mult,372914,0
deserialize,952,0
mult,380065,0
deserialize,897,0
mult,378446,0
deserialize,930,0
mult,389240,0
deserialize,1160,0
mult,374895,0
deserialize,921,0
mult,379957,0
deserialize,917,0
mult,376621,0
deserialize,835,0
mult,373134,0
deserialize,889,0
mult,375237,0
deserialize,882,0
mult,368909,0
deserialize,889,0
mult,369651,0
deserialize,861,0
mult,370041,0
deserialize,918,0
mult,369895,0
deserialize,902,0
mult,370569,0
deserialize,960,0
mult,378233,0
deserialize,1142,0
mult,368957,0
deserialize,968,0
mult,370368,0
deserialize,938,0
mult,368804,0
deserialize,878,0
mult,370888,0
deserialize,955,0
mult,368922,0
deserialize,898,0
mult,369729,0
deserialize,860,0
mult,369558,0
deserialize,1009,0
mult,368895,0
deserialize,880,0
mult,368901,0
deserialize,990,0
mult,375971,0
deserialize,977,0
mult,371194,0
deserialize,956,0
mult,378148,0
deserialize,851,0
mult,378294,0
deserialize,957,0
mult,382132,0
deserialize,858,0
mult,375748,0
deserialize,992,0
mult,380326,0
deserialize,1087,0
mult,376523,0
deserialize,995,0
mult,374451,0
deserialize,864,0
mult,375187,0
deserialize,947,0
mult,369321,0
deserialize,890,0
mult,375840,0
deserialize,1574,0
mult,370593,0
deserialize,910,0
mult,369223,0
deserialize,885,0
mult,370929,0
deserialize,900,0
mult,372031,0
deserialize,896,0
mult,369868,0
deserialize,873,0
mult,371337,0
deserialize,890,0
mult,369425,0
deserialize,895,0
mult,371037,0
deserialize,993,0
mult,368840,0
deserialize,862,0
mult,370483,0
deserialize,1149,0
mult,374364,0
deserialize,1051,0
mult,369146,0
deserialize,1010,0
mult,368778,0
deserialize,857,0
mult,369031,0
deserialize,878,0
mult,370865,0
deserialize,865,0
mult,376577,0
deserialize,896,0
mult,377436,0
deserialize,870,0
mult,382870,0
deserialize,857,0
mult,375921,0
deserialize,1104,0
mult,380794,0
deserialize,869,0
mult,382317,0
deserialize,1019,0
mult,374577,0
deserialize,888,0
mult,375347,0
deserialize,880,0
mult,369254,0
deserialize,959,0
mult,371649,0
deserialize,955,0
mult,370039,0
deserialize,1156,0
mult,369657,0
deserialize,970,0
mult,370547,0
deserialize,887,0
mult,371672,0
deserialize,953,0
mult,369674,0
deserialize,912,0
mult,370744,0
deserialize,944,0
mult,374801,0
deserialize,1056,0
mult,369456,0
deserialize,947,0
mult,368891,0
deserialize,873,0
mult,370332,0
deserialize,918,0
mult,369310,0
deserialize,1010,0
mult,369383,0
deserialize,889,0
mult,369177,0
deserialize,879,0
mult,368755,0
deserialize,883,0
mult,370287,0
deserialize,838,0
mult,374374,0
deserialize,837,0
mult,376206,0
deserialize,1178,0
mult,388482,0
deserialize,1103,0
mult,376866,0
deserialize,984,0
mult,380622,0
deserialize,892,0
mult,375961,0
deserialize,896,0
mult,376762,0
deserialize,896,0
mult,376124,0
deserialize,908,0
mult,369859,0
deserialize,871,0
mult,372364,0
deserialize,894,0
mult,370548,0
deserialize,990,0
mult,370177,0
deserialize,917,0
mult,377081,0
deserialize,1019,0
mult,370483,0
deserialize,1465,0
mult,369632,0
deserialize,899,0
mult,371735,0
deserialize,1080,0
mult,369611,0
deserialize,1081,0
mult,369909,0
deserialize,1076,0
mult,369890,0
deserialize,879,0
mult,370828,0
deserialize,1043,0
mult,368728,0
deserialize,844,0
mult,368052,0
deserialize,988,0
mult,368256,0
deserialize,883,0
mult,374305,0
deserialize,1127,0
mult,369602,0
deserialize,897,0
mult,372902,0
deserialize,890,0
mult,374821,0
deserialize,853,0
mult,382103,0
deserialize,888,0
mult,377765,0
deserialize,840,0
mult,380931,0
deserialize,890,0
mult,374965,0
deserialize,892,0
mult,376940,0
deserialize,1071,0
mult,376550,0
deserialize,883,0
mult,370280,0
deserialize,972,0
mult,382294,0
deserialize,998,0
mult,369575,0
deserialize,1260,0
mult,369580,0
deserialize,928,0
mult,370544,0
deserialize,888,0
mult,370483,0
deserialize,876,0
mult,370531,0
deserialize,930,0
mult,371146,0
deserialize,894,0
mult,369181,0
deserialize,899,0
mult,370254,0
deserialize,853,0
mult,369196,0
deserialize,929,0
mult,377632,0
deserialize,1502,0
mult,368834,0
deserialize,913,0
mult,368719,0
deserialize,1076,0
mult,368890,0
deserialize,882,0
mult,369844,0
deserialize,905,0
mult,369487,0
deserialize,907,0
mult,372059,0
deserialize,921,0
mult,374364,0
deserialize,1040,0
mult,382013,0
deserialize,1152,0
mult,378116,0
deserialize,911,0
mult,381128,0
deserialize,955,0
mult,380668,0
deserialize,1065,0
mult,378494,0
deserialize,1004,0
mult,376751,0
deserialize,1436,0
mult,370820,0
deserialize,843,0
mult,373844,0
deserialize,935,0
mult,368858,0
deserialize,906,0
mult,368776,0
deserialize,1159,0
mult,370600,0
deserialize,894,0
mult,369742,0
deserialize,908,0
mult,370170,0
deserialize,937,0
mult,371780,0
deserialize,969,0
mult,374495,0
deserialize,1200,0
mult,369987,0
deserialize,966,0
mult,368390,0
deserialize,963,0
mult,369521,0
deserialize,899,0
mult,368699,0
deserialize,879,0
mult,368840,0
deserialize,920,0
mult,369051,0
deserialize,833,0
mult,369025,0
deserialize,863,0
mult,369191,0
deserialize,865,0
mult,370148,0
deserialize,885,0
mult,373519,0
deserialize,863,0
mult,387034,0
deserialize,1037,0
mult,378568,0
deserialize,880,0
mult,381882,0
deserialize,964,0
mult,374011,0
deserialize,900,0
mult,379904,0
deserialize,977,0
mult,376874,0
deserialize,865,0
mult,371460,0
deserialize,1242,0
mult,374257,0
deserialize,884,0
mult,368864,0
deserialize,968,0
mult,369157,0
deserialize,852,0
mult,375968,0
deserialize,1147,0
mult,368904,0
deserialize,914,0
mult,370186,0
deserialize,1068,0
mult,370832,0
deserialize,933,0
mult,369339,0
deserialize,1063,0
mult,369685,0
deserialize,852,0
mult,368728,0
deserialize,907,0
mult,369325,0
deserialize,893,0
mult,368697,0
deserialize,949,0
mult,368827,0
deserialize,850,0
mult,369649,0
deserialize,982,0
mult,375357,0
deserialize,951,0
mult,368852,0
deserialize,903,0
mult,369987,0
deserialize,863,0
mult,373481,0
deserialize,909,0
mult,379890,0
deserialize,875,0
mult,377750,0
deserialize,887,0
mult,381424,0
deserialize,834,0
mult,374985,0
deserialize,882,0
mult,380467,0
deserialize,877,0
mult,376894,0
deserialize,933,0
mult,372838,0
deserialize,877,0
mult,381221,0
deserialize,1009,0
mult,368739,0
deserialize,874,0
mult,368874,0
deserialize,972,0
mult,370955,0
deserialize,1336,0
mult,369615,0
deserialize,908,0
mult,369896,0
deserialize,984,0
mult,370834,0
deserialize,1000,0
mult,369789,0
deserialize,1028,0
mult,369294,0
deserialize,857,0
mult,369154,0
deserialize,984,0
mult,376770,0
deserialize,1147,0
mult,368412,0
deserialize,930,0
mult,369760,0
deserialize,919,0
mult,368829,0
deserialize,931,0
mult,368850,0
deserialize,879,0
mult,368704,0
deserialize,953,0
mult,369519,0
deserialize,887,0
mult,371634,0
deserialize,869,0
mult,378244,0
deserialize,905,0
mult,377264,0
deserialize,953,0
mult,381534,0
deserialize,984,0
mult,383131,0
deserialize,1032,0
mult,379920,0
deserialize,1045,0
mult,377131,0
deserialize,872,0
mult,374156,0
deserialize,869,0
mult,375404,0
deserialize,893,0
mult,369187,0
deserialize,1000,0
mult,370676,0
deserialize,876,0
mult,370201,0
deserialize,900,0
mult,369618,0
deserialize,940,0
mult,369997,0
deserialize,964,0
mult,371730,0
deserialize,914,0
mult,375039,0
deserialize,987,0
mult,370564,0
deserialize,880,0
mult,368151,0
deserialize,925,0
mult,370414,0
deserialize,911,0
mult,368929,0
deserialize,946,0
mult,369180,0
deserialize,854,0
mult,369106,0
deserialize,892,0
mult,368985,0
deserialize,929,0
mult,368447,0
deserialize,919,0
mult,368821,0
deserialize,957,0
mult,376092,0
deserialize,1173,0
mult,376509,0
deserialize,972,0
mult,376876,0
deserialize,943,0
mult,382840,0
deserialize,874,0
mult,375573,0
deserialize,928,0
mult,380603,0
deserialize,1123,0
mult,375884,0
deserialize,979,0
mult,375433,0
deserialize,880,0
mult,375415,0
deserialize,871,0
mult,369381,0
deserialize,893,0
mult,371904,0
deserialize,1006,0
mult,375859,0
deserialize,1001,0
mult,369907,0
deserialize,1011,0
mult,371036,0
deserialize,893,0
mult,370204,0
deserialize,938,0
mult,369625,0
deserialize,850,0
mult,370683,0
deserialize,989,0
mult,368791,0
deserialize,845,0
mult,369611,0
gemm,9.09942e+08,0
wait_all,7.17665e+08,0
deserialize,2410,0
mult,372883,0
deserialize,1102,0
mult,371802,0
deserialize,907,0
mult,370684,0
deserialize,948,0
mult,371988,0
deserialize,945,0
mult,369805,0
deserialize,889,0
mult,376412,0
deserialize,985,0
mult,369864,0
deserialize,996,0
mult,370071,0
deserialize,894,0
mult,370331,0
deserialize,901,0
mult,371128,0
deserialize,840,0
mult,372817,0
deserialize,946,0
mult,379637,0
deserialize,823,0
mult,378829,0
deserialize,905,0
mult,383933,0
deserialize,1341,0
mult,377196,0
deserialize,866,0
mult,381498,0
deserialize,900,0
mult,383378,0
deserialize,1275,0
mult,374868,0
deserialize,918,0
mult,376568,0
deserialize,942,0
mult,370370,0
deserialize,823,0
mult,371891,0
deserialize,865,0
mult,370924,0
deserialize,1069,0
mult,371227,0
deserialize,907,0
mult,372330,0
deserialize,935,0
mult,374338,0
deserialize,1017,0
mult,372294,0
deserialize,915,0
mult,377240,0
deserialize,1067,0
mult,369138,0
deserialize,1128,0
mult,370921,0
deserialize,929,0
mult,370154,0
deserialize,960,0
mult,371442,0
deserialize,849,0
mult,370181,0
deserialize,1242,0
mult,370270,0
deserialize,900,0
mult,370221,0
deserialize,901,0
mult,370261,0
deserialize,1161,0
mult,372385,0
deserialize,1173,0
mult,377084,0
deserialize,874,0
mult,385586,0
deserialize,964,0
mult,383382,0
deserialize,997,0
mult,377643,0
deserialize,886,0
mult,382604,0
deserialize,873,0
mult,376674,0
deserialize,1245,0
mult,377034,0
deserialize,888,0
mult,376336,0
deserialize,1039,0
mult,371889,0
deserialize,865,0
mult,372748,0
deserialize,839,0
mult,370839,0
deserialize,878,0
mult,372367,0
deserialize,911,0
mult,378095,0
deserialize,1030,0
mult,371898,0
deserialize,993,0
mult,370591,0
deserialize,890,0
mult,373057,0
deserialize,831,0
mult,370011,0
deserialize,907,0
mult,371076,0
deserialize,834,0
mult,370211,0
deserialize,890,0
mult,372554,0
deserialize,868,0
mult,371104,0
deserialize,923,0
mult,370700,0
deserialize,988,0
mult,1.69047e+06,0
deserialize,983,0
mult,1.79847e+06,0
deserialize,1328,0
mult,1.63784e+06,0
deserialize,957,0
mult,1.29734e+06,0
deserialize,1054,0
mult,368238,0
deserialize,961,0
mult,369223,0
deserialize,964,0
mult,381276,0
deserialize,854,0
mult,378540,0
deserialize,971,0
mult,382287,0
deserialize,849,0
mult,381204,0
deserialize,966,0
mult,379812,0
deserialize,1018,0
mult,377075,0
deserialize,879,0
mult,371327,0
deserialize,1138,0
mult,374621,0
deserialize,999,0
mult,369646,0
deserialize,896,0
mult,369505,0
deserialize,844,0
mult,371331,0
deserialize,875,0
mult,369957,0
deserialize,937,0
mult,371000,0
deserialize,886,0
mult,378467,0
deserialize,1062,0
mult,369917,0
deserialize,1001,0
mult,370345,0
deserialize,875,0
mult,370011,0
deserialize,861,0
mult,371120,0
deserialize,873,0
mult,370194,0
deserialize,899,0
mult,369644,0
deserialize,864,0
mult,369154,0
deserialize,972,0
mult,369830,0
deserialize,899,0
mult,370165,0
deserialize,1127,0
mult,371719,0
deserialize,1339,0
mult,379713,0
deserialize,1066,0
mult,380386,0
deserialize,921,0
mult,378481,0
deserialize,940,0
mult,383330,0
deserialize,945,0
mult,376101,0
deserialize,1056,0
mult,380908,0
deserialize,910,0
mult,378047,0
deserialize,929,0
mult,373506,0
deserialize,847,0
mult,376415,0
deserialize,953,0
mult,369957,0
deserialize,862,0
mult,375449,0
deserialize,1093,0
mult,371281,0
deserialize,946,0
mult,370004,0
deserialize,994,0
mult,370956,0
deserialize,842,0
mult,371988,0
deserialize,930,0
mult,369652,0
deserialize,900,0
mult,370948,0
deserialize,1255,0
mult,370057,0
deserialize,842,0
mult,371626,0
deserialize,890,0
mult,370207,0
deserialize,881,0
mult,370950,0
deserialize,1319,0
mult,379381,0
deserialize,1021,0
mult,369290,0
deserialize,998,0
mult,369707,0
deserialize,1153,0
mult,370624,0
deserialize,956,0
mult,371871,0
deserialize,858,0
mult,378955,0
deserialize,848,0
mult,377877,0
deserialize,1015,0
mult,383435,0
deserialize,15499,0
mult,393463,0
deserialize,1080,0
mult,361777,0
deserialize,900,0
mult,363241,0
deserialize,1035,0
mult,490547,0
deserialize,1243,0
mult,359502,0
deserialize,974,0
mult,357879,0
deserialize,853,0
mult,357782,0
deserialize,936,0
mult,362565,0
deserialize,900,0
mult,357461,0
deserialize,880,0
mult,359977,0
deserialize,957,0
mult,361617,0
deserialize,909,0
mult,365009,0
deserialize,920,0
mult,365813,0
deserialize,903,0
mult,366212,0
deserialize,1143,0
mult,365451,0
deserialize,976,0
mult,366753,0
deserialize,965,0
mult,360717,0
deserialize,959,0
mult,360396,0
deserialize,840,0
mult,361058,0
deserialize,904,0
mult,363827,0
deserialize,1143,0
mult,359724,0
deserialize,996,0
mult,357859,0
deserialize,852,0
mult,357607,0
deserialize,854,0
mult,358956,0
deserialize,837,0
mult,365399,0
deserialize,1079,0
mult,361651,0
deserialize,952,0
mult,358865,0
deserialize,895,0
mult,363060,0
deserialize,900,0
mult,360199,0
deserialize,893,0
mult,360841,0
deserialize,882,0
mult,358085,0
deserialize,919,0
mult,358148,0
deserialize,859,0
mult,362825,0
deserialize,875,0
mult,357765,0
deserialize,1203,0
mult,359791,0
deserialize,927,0
mult,361282,0
deserialize,836,0
mult,372934,0
deserialize,1044,0
mult,364990,0
deserialize,918,0
mult,359181,0
deserialize,1103,0
mult,365721,0
deserialize,853,0
mult,366757,0
deserialize,981,0
mult,361375,0
deserialize,874,0
mult,361269,0
deserialize,937,0
mult,359931,0
deserialize,845,0
mult,364166,0
deserialize,1045,0
mult,360421,0
deserialize,865,0
mult,364642,0
deserialize,1100,0
mult,357158,0
deserialize,1088,0
mult,358291,0
deserialize,959,0
mult,359525,0
deserialize,846,0
mult,361605,0
deserialize,1271,0
mult,359523,0
deserialize,873,0
mult,362468,0
deserialize,1103,0
mult,359842,0
deserialize,837,0
mult,362049,0
deserialize,1202,0
mult,357971,0
deserialize,897,0
mult,358079,0
deserialize,953,0
mult,362898,0
deserialize,880,0
mult,363784,0
deserialize,1032,0
mult,357517,0
deserialize,873,0
mult,359581,0
deserialize,1046,0
mult,366349,0
deserialize,845,0
mult,365754,0
deserialize,941,0
mult,359599,0
deserialize,855,0
mult,365060,0
deserialize,887,0
mult,365419,0
deserialize,853,0
mult,362458,0
deserialize,913,0
mult,362768,0
deserialize,1143,0
mult,361308,0
deserialize,904,0
mult,369624,0
deserialize,1030,0
mult,360265,0
deserialize,914,0
mult,359836,0
deserialize,1181,0
mult,357510,0
deserialize,1146,0
mult,358376,0
deserialize,899,0
mult,358189,0
deserialize,910,0
mult,361058,0
deserialize,925,0
mult,360607,0
deserialize,957,0
mult,361507,0
deserialize,892,0
mult,359357,0
deserialize,887,0
mult,362661,0
deserialize,934,0
mult,363516,0
deserialize,1074,0
mult,357457,0
deserialize,995,0
mult,361764,0
deserialize,913,0
mult,358916,0
deserialize,904,0
mult,359854,0
deserialize,898,0
mult,359902,0
deserialize,1118,0
mult,365655,0
deserialize,916,0
mult,364285,0
deserialize,1244,0
mult,361223,0
deserialize,986,0
mult,364490,0
deserialize,917,0
mult,362236,0
deserialize,893,0
mult,368541,0
deserialize,997,0
mult,363781,0
deserialize,950,0
mult,358928,0
deserialize,862,0
mult,363724,0
deserialize,880,0
mult,360951,0
deserialize,963,0
mult,360976,0
deserialize,974,0
mult,357994,0
deserialize,854,0
mult,357675,0
deserialize,971,0
mult,358174,0
deserialize,826,0
mult,359955,0
deserialize,891,0
mult,361128,0
deserialize,821,0
mult,366931,0
deserialize,1069,0
mult,359735,0
deserialize,1075,0
mult,363054,0
deserialize,1030,0
mult,357509,0
deserialize,813,0
mult,358377,0
deserialize,916,0
mult,361409,0
deserialize,872,0
mult,359340,0
deserialize,954,0
mult,359788,0
deserialize,1130,0
mult,358572,0
deserialize,997,0
mult,364720,0
deserialize,843,0
mult,362701,0
deserialize,974,0
mult,368594,0
deserialize,960,0
mult,362025,0
deserialize,994,0
mult,362111,0
deserialize,894,0
mult,363895,0
deserialize,1050,0
mult,364719,0
deserialize,841,0
mult,358418,0
deserialize,965,0
mult,363179,0
deserialize,847,0
mult,362031,0
deserialize,1224,0
mult,360891,0
deserialize,816,0
mult,356725,0
deserialize,887,0
mult,357781,0
deserialize,835,0
mult,363906,0
deserialize,1093,0
mult,359497,0
deserialize,834,0
mult,360443,0
deserialize,916,0
mult,361735,0
deserialize,827,0
mult,359041,0
deserialize,894,0
mult,363261,0
deserialize,836,0
mult,358007,0
deserialize,962,0
mult,357602,0
deserialize,859,0
mult,359573,0
deserialize,916,0
mult,358933,0
deserialize,871,0
mult,360490,0
deserialize,878,0
mult,364051,0
deserialize,1023,0
mult,362254,0
deserialize,1167,0
mult,361982,0
deserialize,837,0
mult,363001,0
deserialize,880,0
mult,363855,0
deserialize,949,0
mult,360682,0
deserialize,942,0
mult,364712,0
deserialize,931,0
mult,366283,0
deserialize,872,0
mult,358435,0
deserialize,1218,0
mult,361178,0
deserialize,892,0
mult,360957,0
deserialize,1164,0
mult,368127,0
deserialize,973,0
mult,357010,0
deserialize,936,0
mult,357206,0
deserialize,986,0
mult,357819,0
deserialize,965,0
mult,359128,0
deserialize,865,0
mult,360003,0
deserialize,858,0
mult,360771,0
deserialize,890,0
mult,358858,0
deserialize,839,0
mult,363058,0
deserialize,888,0
mult,358701,0
deserialize,856,0
mult,358531,0
deserialize,882,0
mult,364562,0
deserialize,956,0
mult,358306,0
deserialize,931,0
mult,360972,0
deserialize,845,0
mult,357301,0
deserialize,1071,0
mult,361179,0
deserialize,862,0
mult,361952,0
deserialize,998,0
mult,364679,0
deserialize,934,0
mult,364565,0
deserialize,984,0
mult,360267,0
deserialize,846,0
mult,365337,0
deserialize,882,0
mult,366392,0
deserialize,860,0
mult,364118,0
deserialize,1083,0
mult,359425,0
deserialize,828,0
mult,359951,0
deserialize,957,0
mult,363300,0
deserialize,827,0
mult,358157,0
deserialize,903,0
mult,357185,0
deserialize,837,0
mult,356867,0
deserialize,952,0
mult,357791,0
deserialize,816,0
mult,359381,0
deserialize,971,0
mult,361035,0
deserialize,1059,0
mult,358341,0
deserialize,1062,0
mult,368858,0
deserialize,946,0
mult,359102,0
deserialize,1046,0
mult,359316,0
deserialize,837,0
mult,357499,0
deserialize,960,0
mult,357910,0
deserialize,879,0
mult,362102,0
deserialize,1124,0
mult,356908,0
deserialize,847,0
mult,360215,0
deserialize,919,0
mult,361066,0
deserialize,874,0
mult,364333,0
deserialize,923,0
mult,364652,0
deserialize,881,0
mult,365326,0
deserialize,966,0
mult,363809,0
deserialize,926,0
mult,366427,0
deserialize,994,0
mult,359247,0
deserialize,830,0
mult,359637,0
deserialize,1030,0
mult,360201,0
deserialize,877,0
mult,363041,0
deserialize,911,0
mult,358621,0
deserialize,827,0
mult,357110,0
deserialize,896,0
mult,356749,0
deserialize,879,0
mult,357840,0
deserialize,893,0
mult,364996,0
deserialize,980,0
mult,360761,0
deserialize,921,0
mult,358937,0
deserialize,1097,0
mult,361643,0
deserialize,950,0
mult,358974,0
deserialize,833,0
mult,360459,0
deserialize,858,0
mult,357048,0
deserialize,887,0
mult,357593,0
deserialize,970,0
mult,361263,0
deserialize,932,0
mult,357189,0
deserialize,927,0
mult,359459,0
deserialize,1192,0
mult,366707,0
deserialize,1077,0
mult,365468,0
deserialize,900,0
mult,364865,0
deserialize,939,0
mult,358888,0
deserialize,1041,0
mult,364481,0
deserialize,1027,0
mult,366006,0
deserialize,900,0
mult,360224,0
deserialize,1094,0
mult,360197,0
deserialize,884,0
mult,359697,0
deserialize,880,0
mult,362937,0
deserialize,856,0
mult,360147,0
deserialize,873,0
mult,364394,0
deserialize,981,0
mult,356729,0
deserialize,886,0
mult,357655,0
deserialize,886,0
mult,357268,0
deserialize,967,0
mult,360957,0
deserialize,936,0
mult,359198,0
deserialize,881,0
mult,361416,0
deserialize,842,0
mult,359268,0
deserialize,897,0
mult,361333,0
deserialize,854,0
mult,357364,0
deserialize,941,0
mult,356831,0
deserialize,878,0
mult,369638,0
deserialize,1052,0
mult,356722,0
deserialize,887,0
mult,357258,0
deserialize,976,0
mult,359638,0
deserialize,834,0
mult,364561,0
deserialize,899,0
mult,364401,0
deserialize,863,0
mult,359699,0
deserialize,1068,0
mult,364359,0
deserialize,847,0
mult,364398,0
deserialize,985,0
mult,361631,0
deserialize,977,0
mult,362495,0
deserialize,967,0
mult,364234,0
deserialize,971,0
mult,363558,0
deserialize,1046,0
mult,359691,0
deserialize,833,0
mult,358955,0
deserialize,1311,0
mult,356661,0
deserialize,1034,0
mult,356826,0
deserialize,922,0
mult,357808,0
deserialize,838,0
mult,360063,0
deserialize,890,0
mult,359676,0
deserialize,839,0
mult,360653,0
deserialize,1093,0
mult,359408,0
deserialize,843,0
mult,368133,0
deserialize,1115,0
mult,356888,0
deserialize,902,0
mult,357251,0
deserialize,975,0
mult,360658,0
deserialize,851,0
mult,358237,0
deserialize,972,0
mult,358289,0
deserialize,867,0
mult,358558,0
deserialize,922,0
mult,365237,0
deserialize,893,0
mult,363622,0
deserialize,1031,0
mult,359733,0
deserialize,884,0
mult,362921,0
deserialize,867,0
mult,368575,0
deserialize,1023,0
mult,361765,0
deserialize,1040,0
mult,363827,0
deserialize,813,0
mult,358348,0
deserialize,874,0
mult,362746,0
deserialize,844,0
mult,360938,0
deserialize,977,0
mult,360823,0
deserialize,901,0
mult,357236,0
deserialize,1185,0
mult,357231,0
deserialize,1080,0
mult,357614,0
deserialize,870,0
mult,359378,0
deserialize,967,0
mult,365734,0
deserialize,1028,0
mult,360984,0
deserialize,1027,0
mult,358493,0
deserialize,890,0
mult,363085,0
deserialize,1117,0
mult,356822,0
deserialize,898,0
mult,357010,0
deserialize,863,0
mult,361360,0
deserialize,908,0
mult,358113,0
deserialize,833,0
mult,358999,0
deserialize,866,0
mult,357643,0
deserialize,862,0
mult,363731,0
deserialize,985,0
mult,367778,0
deserialize,962,0
mult,360803,0
deserialize,1026,0
mult,362047,0
deserialize,1211,0
mult,361811,0
deserialize,977,0
mult,362789,0
deserialize,994,0
mult,364873,0
deserialize,908,0
mult,357845,0
deserialize,856,0
mult,362413,0
deserialize,1038,0
mult,360970,0
deserialize,880,0
mult,361561,0
deserialize,900,0
mult,356796,0
deserialize,920,0
mult,364537,0
deserialize,1520,0
mult,357524,0
deserialize,946,0
mult,358718,0
deserialize,965,0
mult,360384,0
deserialize,826,0
mult,360710,0
deserialize,935,0
mult,358671,0
deserialize,847,0
mult,362754,0
deserialize,1183,0
mult,357077,0
deserialize,845,0
mult,357142,0
deserialize,970,0
mult,359451,0
deserialize,824,0
mult,358685,0
deserialize,976,0
mult,366334,0
deserialize,966,0
mult,357039,0
deserialize,1060,0
mult,362414,0
deserialize,852,0
mult,361614,0
deserialize,952,0
mult,362180,0
deserialize,927,0
mult,363231,0
deserialize,1075,0
mult,361202,0
deserialize,837,0
mult,363707,0
deserialize,910,0
mult,365763,0
deserialize,858,0
mult,358224,0
deserialize,885,0
mult,360574,0
deserialize,812,0
mult,366819,0
deserialize,1130,0
mult,361699,0
deserialize,1095,0
mult,357743,0
deserialize,893,0
mult,356663,0
deserialize,929,0
mult,357125,0
deserialize,897,0
mult,358503,0
deserialize,812,0
mult,359814,0
deserialize,884,0
mult,361560,0
deserialize,842,0
mult,359112,0
deserialize,876,0
mult,362387,0
deserialize,869,0
mult,358507,0
deserialize,1274,0
mult,364031,0
deserialize,1007,0
mult,359404,0
deserialize,938,0
mult,357743,0
deserialize,838,0
mult,362144,0
deserialize,1034,0
mult,356478,0
deserialize,863,0
mult,361545,0
deserialize,893,0
mult,361207,0
deserialize,847,0
mult,363074,0
deserialize,909,0
mult,364666,0
deserialize,997,0
mult,359707,0
deserialize,914,0
mult,364992,0
deserialize,880,0
mult,375061,0
deserialize,1123,0
mult,358693,0
deserialize,959,0
mult,359924,0
deserialize,878,0
mult,360766,0
deserialize,898,0
mult,362910,0
deserialize,891,0
mult,358030,0
deserialize,944,0
mult,356848,0
deserialize,891,0
mult,357347,0
deserialize,840,0
mult,357614,0
deserialize,1335,0
mult,359043,0
deserialize,850,0
mult,360765,0
deserialize,988,0
mult,364434,0
deserialize,965,0
mult,362916,0
deserialize,992,0
mult,357895,0
deserialize,946,0
mult,359101,0
deserialize,875,0
mult,357771,0
deserialize,912,0
mult,358219,0
deserialize,1120,0
mult,361708,0
deserialize,849,0
mult,357071,0
deserialize,894,0
mult,359702,0
deserialize,875,0
mult,360828,0
deserialize,1107,0
mult,364184,0
deserialize,1284,0
mult,371527,0
deserialize,1043,0
mult,358543,0
deserialize,948,0
mult,364696,0
deserialize,1094,0
mult,366166,0
deserialize,816,0
mult,359484,0
deserialize,912,0
mult,359470,0
deserialize,875,0
mult,359895,0
deserialize,893,0
mult,363147,0
deserialize,1007,0
mult,358600,0
deserialize,947,0
mult,356970,0
deserialize,892,0
mult,356968,0
deserialize,1058,0
mult,357538,0
deserialize,840,0
mult,364244,0
deserialize,1178,0
mult,360722,0
deserialize,908,0
mult,359064,0
deserialize,985,0
mult,361664,0
deserialize,840,0
mult,358386,0
deserialize,973,0
mult,360300,0
deserialize,908,0
mult,356826,0
deserialize,947,0
mult,357210,0
deserialize,870,0
mult,361078,0
deserialize,967,0
mult,356702,0
deserialize,838,0
mult,359340,0
deserialize,981,0
mult,366552,0
deserialize,952,0
mult,365723,0
deserialize,945,0
mult,365058,0
deserialize,874,0
mult,358736,0
deserialize,1553,0
mult,365111,0
deserialize,1202,0
mult,364584,0
gemm,9.0792e+08,0
wait_all,7.17545e+08,0
deserialize,2625,0
mult,368940,0
deserialize,1153,0
mult,361392,0
deserialize,898,0
mult,366244,0
deserialize,943,0
mult,372808,0
deserialize,1381,0
mult,360265,0
deserialize,913,0
mult,360166,0
deserialize,856,0
mult,361363,0
deserialize,914,0
mult,363682,0
deserialize,860,0
mult,359507,0
deserialize,897,0
mult,358849,0
deserialize,880,0
mult,357822,0
deserialize,928,0
mult,358670,0
deserialize,1174,0
mult,360212,0
deserialize,904,0
mult,361924,0
deserialize,805,0
mult,366065,0
deserialize,1091,0
mult,362426,0
deserialize,866,0
mult,360544,0
deserialize,907,0
mult,359839,0
deserialize,816,0
mult,358835,0
deserialize,908,0
mult,359571,0
deserialize,917,0
mult,362471,0
deserialize,855,0
mult,358581,0
deserialize,898,0
mult,360343,0
deserialize,887,0
mult,361817,0
deserialize,922,0
mult,367493,0
deserialize,1047,0
mult,372326,0
deserialize,1017,0
mult,359497,0
deserialize,903,0
mult,365970,0
deserialize,968,0
mult,367595,0
deserialize,860,0
mult,361467,0
deserialize,990,0
mult,360469,0
deserialize,848,0
mult,361362,0
deserialize,927,0
mult,364578,0
deserialize,860,0
mult,359492,0
deserialize,945,0
mult,358663,0
deserialize,886,0
mult,358078,0
deserialize,916,0
mult,364708,0
deserialize,987,0
mult,358925,0
deserialize,903,0
mult,362029,0
deserialize,883,0
mult,359941,0
deserialize,859,0
mult,362855,0
deserialize,826,0
mult,360453,0
deserialize,863,0
mult,361642,0
deserialize,967,0
mult,357878,0
deserialize,967,0
mult,358342,0
deserialize,856,0
mult,362518,0
deserialize,841,0
mult,358202,0
deserialize,842,0
mult,368161,0
deserialize,1057,0
mult,360857,0
deserialize,890,0
mult,366838,0
deserialize,897,0
mult,365774,0
deserialize,880,0
mult,359707,0
deserialize,877,0
mult,365493,0
deserialize,895,0
mult,366446,0
deserialize,1083,0
mult,361270,0
deserialize,903,0
mult,361505,0
deserialize,910,0
mult,357856,0
deserialize,978,0
mult,360222,0
deserialize,1018,0
mult,1.68798e+06,0
deserialize,940,0
mult,1.79179e+06,0
deserialize,830,0
mult,1.6363e+06,0
deserialize,994,0
mult,1.29684e+06,0
deserialize,1110,0
mult,359433,0
deserialize,1188,0
mult,360718,0
deserialize,873,0
mult,359727,0
deserialize,886,0
mult,360078,0
deserialize,887,0
mult,367927,0
deserialize,1085,0
mult,358974,0
deserialize,917,0
mult,363039,0
deserialize,952,0
mult,358332,0
deserialize,878,0
mult,357604,0
deserialize,920,0
mult,359916,0
deserialize,915,0
mult,358846,0
deserialize,896,0
mult,361351,0
deserialize,858,0
mult,357714,0
deserialize,894,0
mult,363068,0
deserialize,914,0
mult,361882,0
deserialize,1036,0
mult,369315,0
deserialize,993,0
mult,363826,0
deserialize,1008,0
mult,361016,0
deserialize,941,0
mult,364491,0
deserialize,906,0
mult,366717,0
deserialize,823,0
mult,359926,0
deserialize,904,0
mult,360737,0
deserialize,881,0
mult,361357,0
deserialize,837,0
mult,362699,0
deserialize,1015,0
mult,357784,0
deserialize,894,0
mult,357324,0
deserialize,1071,0
mult,365480,0
deserialize,1084,0
mult,358580,0
deserialize,967,0
mult,359939,0
deserialize,960,0
mult,360981,0
deserialize,831,0
mult,360474,0
deserialize,999,0
mult,362992,0
deserialize,810,0
mult,358593,0
deserialize,938,0
mult,358422,0
deserialize,816,0
mult,358719,0
deserialize,975,0
mult,358608,0
deserialize,1093,0
mult,361749,0
deserialize,927,0
mult,363985,0
deserialize,1043,0
mult,361204,0
deserialize,1195,0
mult,362766,0
deserialize,800,0
mult,363929,0
deserialize,909,0
mult,365243,0
deserialize,858,0
mult,360231,0
deserialize,981,0
mult,365548,0
deserialize,1148,0
mult,367013,0
deserialize,912,0
mult,359724,0
deserialize,855,0
mult,360326,0
deserialize,1048,0
mult,361127,0
deserialize,830,0
mult,369321,0
deserialize,1033,0
mult,358334,0
deserialize,1027,0
mult,356912,0
deserialize,1204,0
mult,357712,0
deserialize,840,0
mult,358938,0
deserialize,936,0
mult,359849,0
deserialize,860,0
mult,361445,0
deserialize,17902,0
mult,395428,0
deserialize,1041,0
mult,359665,0
deserialize,902,0
mult,363733,0
deserialize,883,0
mult,359615,0
deserialize,840,0
mult,367253,0
deserialize,1073,0
mult,357884,0
deserialize,1146,0
mult,357490,0
deserialize,931,0
mult,362344,0
deserialize,849,0
mult,357494,0
deserialize,986,0
mult,358246,0
deserialize,948,0
mult,361258,0
deserialize,901,0
mult,359354,0
deserialize,927,0
mult,366374,0
deserialize,901,0
mult,359140,0
deserialize,913,0
mult,359819,0
deserialize,885,0
mult,376111,0
deserialize,1094,0
mult,359319,0
deserialize,1201,0
mult,358915,0
deserialize,862,0
mult,357168,0
deserialize,913,0
mult,357380,0
deserialize,868,0
mult,357271,0
deserialize,906,0
mult,357533,0
deserialize,932,0
mult,357059,0
deserialize,873,0
mult,357611,0
deserialize,892,0
mult,357685,0
deserialize,910,0
mult,359768,0
deserialize,908,0
mult,363640,0
deserialize,1061,0
mult,361631,0
deserialize,1235,0
mult,359528,0
deserialize,927,0
mult,362284,0
deserialize,842,0
mult,358155,0
deserialize,928,0
mult,357778,0
deserialize,878,0
mult,362434,0
deserialize,1030,0
mult,358508,0
deserialize,1015,0
mult,357495,0
deserialize,1254,0
mult,359872,0
deserialize,840,0
mult,358916,0
deserialize,943,0
mult,371511,0
deserialize,1021,0
mult,358329,0
deserialize,1085,0
mult,358235,0
deserialize,883,0
mult,365778,0
deserialize,1384,0
mult,360674,0
deserialize,865,0
mult,361561,0
deserialize,951,0
mult,357184,0
deserialize,864,0
mult,357994,0
deserialize,976,0
mult,357102,0
deserialize,1010,0
mult,357921,0
deserialize,978,0
mult,357088,0
deserialize,1102,0
mult,364071,0
deserialize,1144,0
mult,357302,0
deserialize,1477,0
mult,359401,0
deserialize,897,0
mult,358027,0
deserialize,828,0
mult,361548,0
deserialize,891,0
mult,359516,0
deserialize,825,0
mult,362521,0
deserialize,905,0
mult,357566,0
deserialize,853,0
mult,358288,0
deserialize,1400,0
mult,362357,0
deserialize,814,0
mult,358375,0
deserialize,916,0
mult,363786,0
deserialize,1027,0
mult,360256,0
deserialize,1080,0
mult,358288,0
deserialize,812,0
mult,364995,0
deserialize,930,0
mult,359555,0
deserialize,864,0
mult,359174,0
deserialize,944,0
mult,365345,0
deserialize,918,0
mult,361622,0
deserialize,916,0
mult,362761,0
deserialize,829,0
mult,358036,0
deserialize,964,0
mult,357874,0
deserialize,916,0
mult,357042,0
deserialize,950,0
mult,362504,0
deserialize,1049,0
mult,356879,0
deserialize,994,0
mult,357600,0
deserialize,906,0
mult,357805,0
deserialize,957,0
mult,360271,0
deserialize,916,0
mult,358937,0
deserialize,929,0
mult,361464,0
deserialize,1119,0
mult,360028,0
deserialize,927,0
mult,363715,0
deserialize,934,0
mult,357722,0
deserialize,886,0
mult,357718,0
deserialize,964,0
mult,367842,0
deserialize,1030,0
mult,358582,0
deserialize,920,0
mult,358748,0
deserialize,967,0
mult,358506,0
deserialize,860,0
mult,358709,0
deserialize,894,0
mult,364303,0
deserialize,879,0
mult,360124,0
deserialize,960,0
mult,360881,0
deserialize,1024,0
mult,363523,0
deserialize,882,0
mult,361415,0
deserialize,857,0
mult,364947,0
deserialize,902,0
mult,363737,0
deserialize,970,0
mult,356869,0
deserialize,915,0
mult,356389,0
deserialize,1083,0
mult,357218,0
deserialize,886,0
mult,357062,0
deserialize,1328,0
mult,356917,0
deserialize,973,0
mult,357438,0
deserialize,807,0
mult,358422,0
deserialize,890,0
mult,359433,0
deserialize,873,0
mult,360265,0
deserialize,956,0
mult,358943,0
deserialize,1148,0
mult,373477,0
deserialize,1227,0
mult,357648,0
deserialize,857,0
mult,357272,0
deserialize,938,0
mult,360745,0
deserialize,874,0
mult,358609,0
deserialize,1046,0
mult,360347,0
deserialize,838,0
mult,357799,0
deserialize,967,0
mult,358069,0
deserialize,846,0
mult,362931,0
deserialize,1037,0
mult,359980,0
deserialize,855,0
mult,362597,0
deserialize,996,0
mult,369745,0
deserialize,948,0
mult,360494,0
deserialize,1081,0
mult,365998,0
deserialize,967,0
mult,358391,0
deserialize,893,0
mult,357688,0
deserialize,873,0
mult,357627,0
deserialize,1001,0
mult,357102,0
deserialize,822,0
mult,357310,0
deserialize,916,0
mult,357205,0
deserialize,846,0
mult,357035,0
deserialize,893,0
mult,358166,0
deserialize,865,0
mult,363678,0
deserialize,1040,0
mult,359098,0
deserialize,870,0
mult,358460,0
deserialize,862,0
mult,363518,0
deserialize,832,0
mult,358069,0
deserialize,970,0
mult,357492,0
deserialize,829,0
mult,359731,0
deserialize,924,0
mult,358394,0
deserialize,837,0
mult,361655,0
deserialize,926,0
mult,357569,0
deserialize,855,0
mult,357961,0
deserialize,968,0
mult,367435,0
deserialize,1003,0
mult,358937,0
deserialize,963,0
mult,363567,0
deserialize,909,0
mult,359887,0
deserialize,878,0
mult,361414,0
deserialize,1172,0
mult,366455,0
deserialize,900,0
mult,358734,0
deserialize,923,0
mult,357298,0
deserialize,956,0
mult,356602,0
deserialize,931,0
mult,356776,0
deserialize,912,0
mult,356725,0
deserialize,914,0
mult,363089,0
deserialize,1301,0
mult,356693,0
deserialize,955,0
mult,356804,0
deserialize,876,0
mult,358134,0
deserialize,857,0
mult,359862,0
deserialize,889,0
mult,358378,0
deserialize,826,0
mult,363301,0
deserialize,892,0
mult,359021,0
deserialize,810,0
mult,358297,0
deserialize,901,0
mult,359563,0
deserialize,857,0
mult,358817,0
deserialize,912,0
mult,369861,0
deserialize,1038,0
mult,357006,0
deserialize,1148,0
mult,357266,0
deserialize,874,0
mult,361096,0
deserialize,1013,0
mult,358924,0
deserialize,878,0
mult,364354,0
deserialize,1023,0
mult,359117,0
deserialize,879,0
mult,360101,0
deserialize,878,0
mult,366308,0
deserialize,1291,0
mult,359728,0
deserialize,937,0
mult,358718,0
deserialize,833,0
mult,362775,0
deserialize,1064,0
mult,356718,0
deserialize,896,0
mult,356326,0
deserialize,1185,0
mult,356565,0
deserialize,1034,0
mult,357102,0
deserialize,1088,0
mult,357698,0
deserialize,1057,0
mult,358303,0
deserialize,959,0
mult,360200,0
deserialize,826,0
mult,358027,0
deserialize,974,0
mult,362678,0
deserialize,831,0
mult,359586,0
deserialize,953,0
mult,365701,0
deserialize,1046,0
mult,357483,0
deserialize,983,0
mult,358155,0
deserialize,1104,0
mult,362108,0
deserialize,924,0
mult,356408,0
deserialize,847,0
mult,357277,0
deserialize,890,0
mult,360674,0
deserialize,873,0
mult,358259,0
deserialize,1027,0
mult,365350,0
deserialize,1009,0
mult,357188,0
deserialize,1206,0
mult,358481,0
deserialize,886,0
mult,371632,0
deserialize,1118,0
mult,359907,0
deserialize,907,0
mult,359082,0
deserialize,1036,0
mult,356370,0
deserialize,846,0
mult,356829,0
deserialize,1063,0
mult,356602,0
deserialize,824,0
mult,356789,0
deserialize,905,0
mult,356538,0
deserialize,830,0
mult,356963,0
deserialize,881,0
mult,357422,0
deserialize,848,0
mult,359618,0
deserialize,854,0
mult,363050,0
deserialize,1119,0
mult,361673,0
deserialize,1044,0
mult,359321,0
deserialize,886,0
mult,361051,0
deserialize,869,0
mult,357303,0
deserialize,880,0
mult,357848,0
deserialize,988,0
mult,361491,0
deserialize,937,0
mult,357082,0
deserialize,1000,0
mult,356890,0
deserialize,934,0
mult,359906,0
deserialize,989,0
mult,358167,0
deserialize,883,0
mult,371703,0
deserialize,1047,0
mult,358419,0
deserialize,1047,0
mult,357970,0
deserialize,1014,0
mult,365327,0
deserialize,883,0
mult,360388,0
deserialize,893,0
mult,359428,0
deserialize,870,0
mult,357159,0
deserialize,892,0
mult,356944,0
deserialize,836,0
mult,356011,0
deserialize,870,0
mult,356338,0
deserialize,860,0
mult,356531,0
deserialize,843,0
mult,356204,0
deserialize,843,0
mult,362091,0
deserialize,1072,0
mult,358749,0
deserialize,975,0
mult,357583,0
deserialize,885,0
mult,360569,0
deserialize,1117,0
mult,359710,0
deserialize,924,0
mult,362436,0
deserialize,997,0
mult,357702,0
deserialize,944,0
mult,356906,0
deserialize,1008,0
mult,361514,0
deserialize,916,0
mult,357664,0
deserialize,880,0
mult,357144,0
deserialize,911,0
mult,365011,0
deserialize,1051,0
mult,357900,0
deserialize,978,0
mult,364539,0
deserialize,873,0
mult,358565,0
deserialize,1004,0
mult,358704,0
deserialize,890,0
mult,363614,0
deserialize,1017,0
mult,361724,0
deserialize,894,0
mult,361887,0
deserialize,1143,0
mult,357040,0
deserialize,833,0
mult,356941,0
deserialize,1151,0
mult,356173,0
deserialize,864,0
mult,362588,0
deserialize,1026,0
mult,356521,0
deserialize,883,0
mult,356207,0
deserialize,890,0
mult,356458,0
deserialize,839,0
mult,358466,0
deserialize,891,0
mult,358131,0
deserialize,850,0
mult,359364,0
deserialize,912,0
mult,359497,0
deserialize,833,0
mult,362642,0
deserialize,944,0
mult,357037,0
deserialize,906,0
mult,356729,0
deserialize,1020,0
mult,366818,0
deserialize,967,0
mult,357683,0
deserialize,1073,0
mult,357867,0
deserialize,888,0
mult,357964,0
deserialize,926,0
mult,358438,0
deserialize,844,0
mult,363335,0
deserialize,919,0
mult,359530,0
deserialize,870,0
mult,359497,0
deserialize,870,0
mult,362901,0
deserialize,999,0
mult,361304,0
deserialize,954,0
mult,364298,0
deserialize,807,0
mult,365384,0
deserialize,995,0
mult,356711,0
deserialize,815,0
mult,356631,0
deserialize,902,0
mult,356272,0
deserialize,897,0
mult,356202,0
deserialize,963,0
mult,356653,0
deserialize,974,0
mult,356478,0
deserialize,889,0
mult,358015,0
deserialize,1049,0
mult,357784,0
deserialize,897,0
mult,359253,0
deserialize,911,0
mult,357817,0
deserialize,897,0
mult,509226,0
deserialize,1069,0
mult,357110,0
deserialize,941,0
mult,356128,0
deserialize,867,0
mult,360323,0
deserialize,908,0
mult,357810,0
deserialize,887,0
mult,359655,0
deserialize,889,0
mult,357397,0
deserialize,864,0
mult,358024,0
deserialize,886,0
mult,362174,0
deserialize,923,0
mult,359118,0
deserialize,959,0
mult,361936,0
deserialize,1192,0
mult,368717,0
deserialize,1013,0
mult,361149,0
deserialize,1190,0
mult,364774,0
deserialize,921,0
mult,357274,0
deserialize,1114,0
mult,356968,0
deserialize,1118,0
mult,356274,0
deserialize,1133,0
mult,356204,0
deserialize,880,0
mult,356504,0
deserialize,841,0
mult,356406,0
deserialize,889,0
mult,356455,0
deserialize,857,0
mult,357961,0
deserialize,934,0
mult,364405,0
deserialize,1027,0
mult,359876,0
deserialize,1038,0
mult,358354,0
deserialize,924,0
mult,363260,0
deserialize,996,0
mult,358454,0
deserialize,1112,0
mult,357300,0
deserialize,1037,0
mult,360163,0
deserialize,846,0
mult,358531,0
deserialize,971,0
mult,360951,0
deserialize,908,0
mult,357230,0
deserialize,1102,0
mult,357729,0
deserialize,1076,0
mult,366260,0
deserialize,1076,0
mult,359234,0
deserialize,924,0
mult,364432,0
deserialize,1094,0
mult,360046,0
deserialize,860,0
mult,360604,0
deserialize,934,0
mult,366202,0
deserialize,864,0
mult,357431,0
deserialize,981,0
mult,356917,0
deserialize,842,0
mult,356208,0
deserialize,1010,0
mult,356650,0
deserialize,820,0
mult,356771,0
deserialize,1045,0
mult,362564,0
deserialize,1009,0
mult,356432,0
deserialize,883,0
mult,357488,0
deserialize,803,0
mult,358688,0
deserialize,913,0
mult,359994,0
deserialize,827,0
mult,357971,0
deserialize,907,0
mult,363111,0
deserialize,1166,0
mult,357888,0
deserialize,909,0
mult,358324,0
deserialize,880,0
mult,358503,0
deserialize,946,0
mult,357267,0
deserialize,840,0
mult,365624,0
deserialize,1096,0
mult,356506,0
deserialize,936,0
mult,356515,0
deserialize,901,0
mult,360955,0
deserialize,886,0
mult,358935,0
deserialize,1232,0
mult,364838,0
deserialize,1566,0
mult,358934,0
deserialize,851,0
mult,359300,0
deserialize,982,0
mult,366212,0
deserialize,1024,0
mult,358656,0
deserialize,883,0
mult,358012,0
deserialize,1335,0
mult,362641,0
deserialize,1056,0
mult,356247,0
deserialize,992,0
mult,356330,0
deserialize,893,0
mult,356254,0
deserialize,891,0
mult,356291,0
deserialize,834,0
mult,356433,0
deserialize,1172,0
mult,357881,0
deserialize,848,0
mult,359250,0
deserialize,987,0
mult,357370,0
deserialize,834,0
mult,362497,0
deserialize,904,0
mult,359252,0
deserialize,865,0
mult,364008,0
deserialize,1023,0
mult,357701,0
deserialize,907,0
mult,358120,0
deserialize,1034,0
mult,361508,0
deserialize,1233,0
mult,356877,0
deserialize,896,0
mult,356623,0
deserialize,887,0
mult,360151,0
deserialize,911,0
mult,357972,0
deserialize,881,0
mult,365985,0
deserialize,951,0
mult,357488,0
deserialize,838,0
mult,358450,0
deserialize,938,0
mult,372424,0
deserialize,929,0
mult,359351,0
deserialize,1018,0
mult,359167,0
deserialize,1106,0
mult,356658,0
deserialize,1428,0
mult,356501,0
deserialize,874,0
mult,356261,0
deserialize,953,0
mult,356440,0
deserialize,884,0
mult,356830,0
deserialize,1062,0
mult,356862,0
deserialize,834,0
mult,357225,0
deserialize,941,0
mult,359348,0
deserialize,833,0
mult,362445,0
deserialize,1168,0
mult,361491,0
deserialize,1142,0
mult,358924,0
deserialize,1005,0
mult,360828,0
deserialize,875,0
mult,356911,0
deserialize,886,0
mult,357008,0
deserialize,884,0
mult,361070,0
deserialize,1017,0
mult,357047,0
deserialize,867,0
mult,356596,0
deserialize,1183,0
mult,359005,0
deserialize,870,0
mult,358074,0
deserialize,937,0
mult,371084,0
deserialize,1033,0
mult,357911,0
deserialize,1157,0
mult,357416,0
deserialize,846,0
mult,366124,0
gemm,9.15088e+08,0
wait_all,7.10625e+08,0
deserialize,2516,0
mult,369047,0
deserialize,1087,0
mult,359377,0
deserialize,805,0
mult,360980,0
deserialize,946,0
mult,374511,0
deserialize,984,0
mult,358990,0
deserialize,881,0
mult,358289,0
deserialize,829,0
mult,357748,0
deserialize,1070,0
mult,357887,0
deserialize,871,0
mult,357473,0
deserialize,892,0
mult,358194,0
deserialize,897,0
mult,357690,0
deserialize,923,0
mult,358069,0
deserialize,826,0
mult,358973,0
deserialize,913,0
mult,360820,0
deserialize,831,0
mult,364818,0
deserialize,953,0
mult,362720,0
deserialize,957,0
mult,360938,0
deserialize,908,0
mult,361446,0
deserialize,824,0
mult,358806,0
deserialize,883,0
mult,358889,0
deserialize,1337,0
mult,362991,0
deserialize,880,0
mult,357981,0
deserialize,809,0
mult,357783,0
deserialize,811,0
mult,362233,0
deserialize,879,0
mult,360042,0
deserialize,890,0
mult,373106,0
deserialize,994,0
mult,358424,0
deserialize,1110,0
mult,358555,0
deserialize,950,0
mult,367922,0
deserialize,875,0
mult,361217,0
deserialize,901,0
mult,360881,0
deserialize,830,0
mult,357495,0
deserialize,921,0
mult,358123,0
deserialize,895,0
mult,358401,0
deserialize,954,0
mult,357581,0
deserialize,894,0
mult,357921,0
deserialize,913,0
mult,364888,0
deserialize,1042,0
mult,357259,0
deserialize,890,0
mult,359282,0
deserialize,974,0
mult,358794,0
deserialize,827,0
mult,362977,0
deserialize,842,0
mult,360875,0
deserialize,862,0
mult,361965,0
deserialize,1094,0
mult,357680,0
deserialize,910,0
mult,358771,0
deserialize,867,0
mult,362298,0
deserialize,837,0
mult,358145,0
deserialize,829,0
mult,363997,0
deserialize,992,0
mult,360395,0
deserialize,903,0
mult,359360,0
deserialize,897,0
mult,366046,0
deserialize,905,0
mult,359144,0
deserialize,900,0
mult,359126,0
deserialize,905,0
mult,366198,0
deserialize,851,0
mult,360974,0
deserialize,884,0
mult,361511,0
deserialize,853,0
mult,357624,0
deserialize,920,0
mult,357545,0
deserialize,982,0
mult,1.67903e+06,0
deserialize,890,0
mult,1.78558e+06,0
deserialize,1104,0
mult,1.62244e+06,0
deserialize,962,0
mult,1.27964e+06,0
deserialize,1076,0
mult,359545,0
deserialize,982,0
mult,361319,0
deserialize,915,0
mult,358208,0
deserialize,957,0
mult,359194,0
deserialize,957,0
mult,378956,0
deserialize,1006,0
mult,358318,0
deserialize,946,0
mult,363407,0
deserialize,938,0
mult,357775,0
deserialize,904,0
mult,357922,0
deserialize,880,0
mult,360004,0
deserialize,1199,0
mult,358866,0
deserialize,877,0
mult,361114,0
deserialize,860,0
mult,357374,0
deserialize,888,0
mult,357834,0
deserialize,905,0
mult,361657,0
deserialize,971,0
mult,368475,0
deserialize,1056,0
mult,362845,0
deserialize,1093,0
mult,359696,0
deserialize,892,0
mult,360592,0
deserialize,864,0
mult,366735,0
deserialize,831,0
mult,357815,0
deserialize,879,0
mult,358238,0
deserialize,870,0
mult,357082,0
deserialize,872,0
mult,357048,0
deserialize,906,0
mult,356917,0
deserialize,948,0
mult,357441,0
deserialize,1002,0
mult,365627,0
deserialize,1045,0
mult,356902,0
deserialize,970,0
mult,358052,0
deserialize,925,0
mult,358913,0
deserialize,828,0
mult,358796,0
deserialize,1267,0
mult,363551,0
deserialize,892,0
mult,358847,0
deserialize,1027,0
mult,358966,0
deserialize,819,0
mult,359253,0
deserialize,989,0
mult,357931,0
deserialize,857,0
mult,361361,0
deserialize,916,0
mult,357449,0
deserialize,920,0
mult,363444,0
deserialize,1366,0
mult,360900,0
deserialize,881,0
mult,359105,0
deserialize,945,0
mult,365586,0
deserialize,892,0
mult,359696,0
deserialize,870,0
mult,360004,0
deserialize,798,0
mult,365992,0
deserialize,930,0
mult,360320,0
deserialize,850,0
mult,358590,0
deserialize,1012,0
mult,356843,0
deserialize,1217,0
mult,357271,0
deserialize,892,0
mult,362657,0
deserialize,1067,0
mult,356610,0
deserialize,1083,0
mult,357008,0
deserialize,835,0
mult,357639,0
deserialize,885,0
mult,358682,0
deserialize,860,0
mult,360030,0
deserialize,14507,0
mult,384961,0
deserialize,1022,0
mult,393930,0
deserialize,913,0
mult,392747,0
deserialize,901,0
mult,393198,0
deserialize,877,0
mult,399347,0
deserialize,1088,0
mult,393858,0
deserialize,983,0
mult,393791,0
deserialize,869,0
mult,394878,0
deserialize,906,0
mult,393303,0
deserialize,917,0
mult,393997,0
deserialize,943,0
mult,397613,0
deserialize,923,0
mult,396680,0
deserialize,903,0
mult,405987,0
deserialize,903,0
mult,398364,0
deserialize,924,0
mult,409906,0
deserialize,991,0
mult,409283,0
deserialize,1000,0
mult,402625,0
deserialize,920,0
mult,403439,0
deserialize,832,0
mult,395371,0
deserialize,914,0
mult,394634,0
deserialize,870,0
mult,394045,0
deserialize,1007,0
mult,393155,0
deserialize,1247,0
mult,392290,0
deserialize,846,0
mult,392869,0
deserialize,845,0
mult,398524,0
deserialize,1013,0
mult,392459,0
deserialize,1170,0
mult,392072,0
deserialize,880,0
mult,392410,0
deserialize,1053,0
mult,393820,0
deserialize,971,0
mult,392275,0
deserialize,858,0
mult,394297,0
deserialize,860,0
mult,394204,0
deserialize,854,0
mult,394367,0
deserialize,866,0
mult,392950,0
deserialize,823,0
mult,406396,0
deserialize,1065,0
mult,395320,0
deserialize,947,0
mult,396199,0
deserialize,939,0
mult,404461,0
deserialize,869,0
mult,397847,0
deserialize,870,0
mult,399401,0
deserialize,850,0
mult,408430,0
deserialize,1000,0
mult,404320,0
deserialize,857,0
mult,407014,0
deserialize,918,0
mult,395951,0
deserialize,850,0
mult,400171,0
deserialize,1110,0
mult,393022,0
deserialize,897,0
mult,392968,0
deserialize,938,0
mult,392167,0
deserialize,910,0
mult,392439,0
deserialize,929,0
mult,392656,0
deserialize,857,0
mult,392065,0
deserialize,860,0
mult,392867,0
deserialize,848,0
mult,393011,0
deserialize,959,0
mult,392685,0
deserialize,837,0
mult,401154,0
deserialize,1020,0
mult,392340,0
deserialize,1399,0
mult,393938,0
deserialize,875,0
mult,395011,0
deserialize,837,0
mult,393647,0
deserialize,875,0
mult,394419,0
deserialize,866,0
mult,394313,0
deserialize,879,0
mult,394901,0
deserialize,913,0
mult,403981,0
deserialize,855,0
mult,398088,0
deserialize,860,0
mult,405726,0
deserialize,1137,0
mult,406419,0
deserialize,994,0
mult,402946,0
deserialize,881,0
mult,408289,0
deserialize,850,0
mult,398346,0
deserialize,1147,0
mult,395986,0
deserialize,1206,0
mult,394012,0
deserialize,929,0
mult,392680,0
deserialize,871,0
mult,392899,0
deserialize,967,0
mult,392871,0
deserialize,900,0
mult,398221,0
deserialize,1014,0
mult,391635,0
deserialize,952,0
mult,391911,0
deserialize,882,0
mult,392294,0
deserialize,1200,0
mult,392229,0
deserialize,837,0
mult,392602,0
deserialize,1390,0
mult,394299,0
deserialize,910,0
mult,394094,0
deserialize,913,0
mult,394687,0
deserialize,875,0
mult,394121,0
deserialize,876,0
mult,394600,0
deserialize,984,0
mult,398116,0
deserialize,1314,0
mult,393154,0
deserialize,927,0
mult,403437,0
deserialize,860,0
mult,399363,0
deserialize,1119,0
mult,401910,0
deserialize,888,0
mult,405836,0
deserialize,1126,0
mult,404277,0
deserialize,897,0
mult,408819,0
deserialize,860,0
mult,399243,0
deserialize,1003,0
mult,402587,0
deserialize,1013,0
mult,392738,0
deserialize,973,0
mult,392812,0
deserialize,860,0
mult,392677,0
deserialize,853,0
mult,391185,0
deserialize,1004,0
mult,392610,0
deserialize,819,0
mult,393211,0
deserialize,980,0
mult,392968,0
deserialize,865,0
mult,392639,0
deserialize,928,0
mult,392826,0
deserialize,885,0
mult,392978,0
deserialize,930,0
mult,399416,0
deserialize,1059,0
mult,393252,0
deserialize,941,0
mult,394789,0
deserialize,1104,0
mult,393926,0
deserialize,955,0
mult,395112,0
deserialize,870,0
mult,393541,0
deserialize,941,0
mult,394064,0
deserialize,1360,0
mult,403084,0
deserialize,1040,0
mult,398970,0
deserialize,873,0
mult,403237,0
deserialize,935,0
mult,410783,0
deserialize,1001,0
mult,402402,0
deserialize,1048,0
mult,409917,0
deserialize,900,0
mult,399849,0
deserialize,917,0
mult,398847,0
deserialize,842,0
mult,394441,0
deserialize,988,0
mult,391935,0
deserialize,834,0
mult,392754,0
deserialize,1032,0
mult,392396,0
deserialize,842,0
mult,392351,0
deserialize,878,0
mult,398154,0
deserialize,1000,0
mult,391994,0
deserialize,921,0
mult,392095,0
deserialize,820,0
mult,392469,0
deserialize,843,0
mult,392424,0
deserialize,847,0
mult,393620,0
deserialize,965,0
mult,393180,0
deserialize,866,0
mult,394455,0
deserialize,912,0
mult,393677,0
deserialize,850,0
mult,394419,0
deserialize,856,0
mult,398357,0
deserialize,1046,0
mult,394210,0
deserialize,992,0
mult,400555,0
deserialize,890,0
mult,398677,0
deserialize,929,0
mult,404467,0
deserialize,877,0
mult,402303,0
deserialize,914,0
mult,402339,0
deserialize,935,0
mult,410187,0
deserialize,893,0
mult,400748,0
deserialize,1048,0
mult,400027,0
deserialize,1385,0
mult,398744,0
deserialize,1053,0
mult,393112,0
deserialize,1077,0
mult,392394,0
deserialize,908,0
mult,392992,0
deserialize,870,0
mult,392635,0
deserialize,899,0
mult,392432,0
deserialize,849,0
mult,392482,0
deserialize,853,0
mult,391831,0
deserialize,985,0
mult,391776,0
deserialize,860,0
mult,392693,0
deserialize,1187,0
mult,399273,0
deserialize,988,0
mult,392613,0
deserialize,967,0
mult,394056,0
deserialize,917,0
mult,393368,0
deserialize,926,0
mult,394737,0
deserialize,863,0
mult,393434,0
deserialize,942,0
mult,393997,0
deserialize,918,0
mult,398464,0
deserialize,934,0
mult,397350,0
deserialize,934,0
mult,404869,0
deserialize,1127,0
mult,406467,0
deserialize,989,0
mult,400907,0
deserialize,862,0
mult,409474,0
deserialize,876,0
mult,401207,0
deserialize,876,0
mult,401800,0
deserialize,855,0
mult,394725,0
deserialize,965,0
mult,393403,0
deserialize,818,0
mult,392598,0
deserialize,893,0
mult,392419,0
deserialize,904,0
mult,391995,0
deserialize,927,0
mult,397770,0
deserialize,1130,0
mult,391538,0
deserialize,1053,0
mult,392250,0
deserialize,1106,0
mult,391272,0
deserialize,1067,0
mult,392006,0
deserialize,848,0
mult,392178,0
deserialize,945,0
mult,392572,0
deserialize,833,0
mult,394454,0
deserialize,978,0
mult,393340,0
deserialize,889,0
mult,393946,0
deserialize,902,0
mult,403274,0
deserialize,972,0
mult,393567,0
deserialize,922,0
mult,396624,0
deserialize,900,0
mult,396550,0
deserialize,941,0
mult,404185,0
deserialize,853,0
mult,398261,0
deserialize,865,0
mult,399773,0
deserialize,852,0
mult,409396,0
deserialize,1296,0
mult,402923,0
deserialize,851,0
mult,403728,0
deserialize,990,0
mult,401040,0
deserialize,1129,0
mult,392966,0
deserialize,1073,0
mult,392395,0
deserialize,847,0
mult,392114,0
deserialize,873,0
mult,391738,0
deserialize,896,0
mult,392068,0
deserialize,1019,0
mult,392061,0
deserialize,841,0
mult,391838,0
deserialize,830,0
mult,391901,0
deserialize,828,0
mult,391953,0
deserialize,860,0
mult,399349,0
deserialize,994,0
mult,391840,0
deserialize,887,0
mult,393405,0
deserialize,899,0
mult,393239,0
deserialize,983,0
mult,394141,0
deserialize,960,0
mult,393118,0
deserialize,979,0
mult,393812,0
deserialize,967,0
mult,394782,0
deserialize,868,0
mult,395606,0
deserialize,903,0
mult,404621,0
deserialize,895,0
mult,403084,0
deserialize,1120,0
mult,398434,0
deserialize,1002,0
mult,407863,0
deserialize,880,0
mult,402311,0
deserialize,1073,0
mult,405233,0
deserialize,888,0
mult,396341,0
deserialize,894,0
mult,393831,0
deserialize,896,0
mult,392869,0
deserialize,870,0
mult,391937,0
deserialize,861,0
mult,391699,0
deserialize,815,0
mult,397158,0
deserialize,1004,0
mult,391238,0
deserialize,972,0
mult,391904,0
deserialize,973,0
mult,392004,0
deserialize,897,0
mult,391980,0
deserialize,1016,0
mult,392095,0
deserialize,912,0
mult,391542,0
deserialize,882,0
mult,393448,0
deserialize,859,0
mult,393426,0
deserialize,883,0
mult,394175,0
deserialize,891,0
mult,399697,0
deserialize,975,0
mult,394509,0
deserialize,1057,0
mult,393292,0
deserialize,956,0
mult,394217,0
deserialize,857,0
mult,403487,0
deserialize,871,0
mult,397560,0
deserialize,983,0
mult,399557,0
deserialize,893,0
mult,406493,0
deserialize,951,0
mult,402665,0
deserialize,871,0
mult,407390,0
deserialize,937,0
mult,402857,0
deserialize,978,0
mult,395209,0
deserialize,932,0
mult,392715,0
deserialize,835,0
mult,392099,0
deserialize,925,0
mult,391554,0
deserialize,863,0
mult,391430,0
deserialize,881,0
mult,391712,0
deserialize,833,0
mult,392099,0
deserialize,872,0
mult,391698,0
deserialize,834,0
mult,391716,0
deserialize,857,0
mult,397659,0
deserialize,962,0
mult,392325,0
deserialize,1021,0
mult,392497,0
deserialize,887,0
mult,393126,0
deserialize,996,0
mult,393995,0
deserialize,874,0
mult,392875,0
deserialize,957,0
mult,394668,0
deserialize,872,0
mult,392184,0
deserialize,957,0
mult,393205,0
deserialize,850,0
mult,402564,0
deserialize,881,0
mult,398261,0
deserialize,883,0
mult,406872,0
deserialize,1088,0
mult,405265,0
deserialize,883,0
mult,403132,0
deserialize,1100,0
mult,408491,0
deserialize,885,0
mult,398381,0
deserialize,853,0
mult,396716,0
deserialize,963,0
mult,393054,0
deserialize,871,0
mult,392773,0
deserialize,890,0
mult,391952,0
deserialize,903,0
mult,398093,0
deserialize,1093,0
mult,392027,0
deserialize,899,0
mult,391680,0
deserialize,914,0
mult,391791,0
deserialize,910,0
mult,391600,0
deserialize,938,0
mult,391767,0
deserialize,896,0
mult,392037,0
deserialize,955,0
mult,392105,0
deserialize,875,0
mult,393212,0
deserialize,904,0
mult,393867,0
deserialize,895,0
mult,392506,0
deserialize,828,0
mult,402166,0
deserialize,1000,0
mult,391665,0
deserialize,867,0
mult,392910,0
deserialize,880,0
mult,402367,0
deserialize,909,0
mult,398230,0
deserialize,976,0
mult,402630,0
deserialize,917,0
mult,403199,0
deserialize,1260,0
mult,402943,0
deserialize,983,0
mult,409424,0
deserialize,883,0
mult,399094,0
deserialize,862,0
mult,404065,0
deserialize,1154,0
mult,392413,0
deserialize,891,0
mult,392580,0
deserialize,918,0
mult,392152,0
deserialize,853,0
mult,391992,0
deserialize,867,0
mult,391701,0
deserialize,863,0
mult,392021,0
deserialize,926,0
mult,391806,0
deserialize,823,0
mult,392558,0
deserialize,905,0
mult,392088,0
deserialize,843,0
mult,398004,0
deserialize,1046,0
mult,392375,0
deserialize,1173,0
mult,393012,0
deserialize,1101,0
mult,394192,0
deserialize,846,0
mult,393244,0
deserialize,976,0
mult,393750,0
deserialize,839,0
mult,393282,0
deserialize,980,0
mult,392867,0
deserialize,856,0
mult,400450,0
deserialize,954,0
mult,398027,0
deserialize,906,0
mult,409713,0
deserialize,1077,0
mult,401941,0
deserialize,894,0
mult,401122,0
deserialize,890,0
mult,409591,0
deserialize,873,0
mult,400084,0
deserialize,885,0
mult,399942,0
deserialize,889,0
mult,393011,0
deserialize,952,0
mult,392879,0
deserialize,810,0
mult,392263,0
deserialize,876,0
mult,392391,0
deserialize,872,0
mult,397587,0
deserialize,1017,0
mult,391922,0
deserialize,1100,0
mult,391900,0
deserialize,879,0
mult,391846,0
deserialize,813,0
mult,392367,0
deserialize,843,0
mult,392121,0
deserialize,854,0
mult,392833,0
deserialize,904,0
mult,392606,0
deserialize,860,0
mult,393876,0
deserialize,899,0
mult,392841,0
deserialize,1083,0
mult,400714,0
deserialize,1046,0
mult,392861,0
deserialize,927,0
mult,393373,0
deserialize,944,0
mult,399221,0
deserialize,900,0
mult,397271,0
deserialize,973,0
mult,404987,0
deserialize,1013,0
mult,399547,0
deserialize,1411,0
mult,401496,0
deserialize,928,0
mult,408944,0
deserialize,992,0
mult,401664,0
deserialize,1004,0
mult,407738,0
deserialize,978,0
mult,393901,0
deserialize,984,0
mult,392611,0
deserialize,967,0
mult,392261,0
deserialize,899,0
mult,391419,0
deserialize,950,0
mult,391497,0
deserialize,914,0
mult,392075,0
deserialize,904,0
mult,391622,0
deserialize,850,0
mult,391405,0
deserialize,957,0
mult,392318,0
deserialize,860,0
mult,398128,0
deserialize,1325,0
mult,392152,0
deserialize,914,0
mult,392313,0
deserialize,1104,0
mult,394155,0
deserialize,916,0
mult,393049,0
deserialize,973,0
mult,394114,0
deserialize,983,0
mult,393123,0
deserialize,890,0
mult,394498,0
deserialize,918,0
mult,396800,0
deserialize,880,0
mult,396817,0
deserialize,904,0
mult,409611,0
deserialize,973,0
mult,398225,0
deserialize,916,0
mult,399550,0
deserialize,938,0
mult,408622,0
deserialize,844,0
mult,402117,0
deserialize,922,0
mult,403601,0
deserialize,826,0
mult,395449,0
deserialize,1314,0
mult,393074,0
deserialize,812,0
mult,392444,0
deserialize,911,0
mult,392115,0
deserialize,872,0
mult,399274,0
deserialize,1183,0
mult,392128,0
deserialize,894,0
mult,391477,0
deserialize,1129,0
mult,391951,0
deserialize,829,0
mult,391906,0
deserialize,938,0
mult,391598,0
deserialize,845,0
mult,391955,0
deserialize,967,0
mult,392344,0
deserialize,971,0
mult,392755,0
deserialize,903,0
mult,393304,0
deserialize,913,0
mult,400066,0
deserialize,1082,0
mult,392495,0
deserialize,864,0
mult,393731,0
deserialize,1078,0
mult,395026,0
deserialize,901,0
mult,395386,0
deserialize,932,0
mult,404897,0
deserialize,858,0
mult,397141,0
deserialize,1096,0
mult,398436,0
deserialize,901,0
mult,407931,0
gemm,9.1564e+08,0
wait_all,7.18265e+08,0
deserialize,3324,0
mult,395938,0
deserialize,1125,0
mult,381102,0
deserialize,882,0
mult,377385,0
deserialize,1014,0
mult,387560,0
deserialize,996,0
mult,371167,0
deserialize,874,0
mult,372283,0
deserialize,875,0
mult,373289,0
deserialize,906,0
mult,371559,0
deserialize,1076,0
mult,371697,0
deserialize,900,0
mult,372182,0
deserialize,878,0
mult,373369,0
deserialize,943,0
mult,372539,0
deserialize,866,0
mult,371881,0
deserialize,927,0
mult,372134,0
deserialize,815,0
mult,378482,0
deserialize,938,0
mult,372734,0
deserialize,949,0
mult,374045,0
deserialize,904,0
mult,373151,0
deserialize,817,0
mult,371923,0
deserialize,910,0
mult,375842,0
deserialize,860,0
mult,372325,0
deserialize,885,0
mult,373204,0
deserialize,795,0
mult,373209,0
deserialize,817,0
mult,383267,0
deserialize,952,0
mult,382306,0
deserialize,872,0
mult,399105,0
deserialize,1067,0
mult,380905,0
deserialize,898,0
mult,379484,0
deserialize,923,0
mult,382057,0
deserialize,883,0
mult,372968,0
deserialize,916,0
mult,374060,0
deserialize,866,0
mult,374702,0
deserialize,1082,0
mult,372374,0
deserialize,880,0
mult,373340,0
deserialize,1060,0
mult,372073,0
deserialize,855,0
mult,379527,0
deserialize,1033,0
mult,371772,0
deserialize,947,0
mult,373907,0
deserialize,798,0
mult,373277,0
deserialize,890,0
mult,372724,0
deserialize,1065,0
mult,374612,0
deserialize,857,0
mult,372346,0
deserialize,1050,0
mult,375240,0
deserialize,858,0
mult,373003,0
deserialize,902,0
mult,375238,0
deserialize,883,0
mult,372804,0
deserialize,858,0
mult,380218,0
deserialize,980,0
mult,373388,0
deserialize,953,0
mult,380222,0
deserialize,877,0
mult,381455,0
deserialize,932,0
mult,392157,0
deserialize,921,0
mult,381063,0
deserialize,937,0
mult,382553,0
deserialize,877,0
mult,379557,0
deserialize,891,0
mult,372563,0
deserialize,910,0
mult,375449,0
deserialize,868,0
mult,379107,0
deserialize,1030,0
mult,373756,0
deserialize,1001,0
mult,1.69679e+06,0
deserialize,881,0
mult,1.80737e+06,0
deserialize,857,0
mult,1.62147e+06,0
deserialize,1060,0
mult,1.28291e+06,0
deserialize,1084,0
mult,371975,0
deserialize,984,0
mult,371570,0
deserialize,971,0
mult,371709,0
deserialize,876,0
mult,384765,0
deserialize,1033,0
mult,372555,0
deserialize,914,0
mult,372689,0
deserialize,919,0
mult,372866,0
deserialize,939,0
mult,371759,0
deserialize,878,0
mult,374118,0
deserialize,866,0
mult,370767,0
deserialize,1027,0
mult,373665,0
deserialize,874,0
mult,371580,0
deserialize,1138,0
mult,374195,0
deserialize,896,0
mult,381849,0
deserialize,1052,0
mult,385527,0
deserialize,1152,0
mult,382570,0
deserialize,902,0
mult,390770,0
deserialize,873,0
mult,377567,0
deserialize,885,0
mult,374983,0
deserialize,874,0
mult,381531,0
deserialize,896,0
mult,373082,0
deserialize,877,0
mult,372081,0
deserialize,888,0
mult,372877,0
deserialize,1013,0
mult,372069,0
deserialize,883,0
mult,378819,0
deserialize,1026,0
mult,370975,0
deserialize,1364,0
mult,371598,0
deserialize,979,0
mult,372032,0
deserialize,880,0
mult,371724,0
deserialize,932,0
mult,372457,0
deserialize,863,0
mult,373364,0
deserialize,977,0
mult,373133,0
deserialize,851,0
mult,373256,0
deserialize,923,0
mult,374538,0
deserialize,847,0
mult,378206,0
deserialize,1119,0
mult,373170,0
deserialize,1000,0
mult,370699,0
deserialize,918,0
mult,373216,0
deserialize,866,0
mult,374899,0
deserialize,943,0
mult,384724,0
deserialize,856,0
mult,382667,0
deserialize,866,0
mult,392190,0
deserialize,1154,0
mult,380071,0
deserialize,1252,0
mult,377285,0
deserialize,883,0
mult,382455,0
deserialize,893,0
mult,378640,0
deserialize,1036,0
mult,373048,0
deserialize,1041,0
mult,371859,0
deserialize,863,0
mult,372632,0
deserialize,868,0
mult,371588,0
deserialize,923,0
mult,371315,0
deserialize,901,0
mult,373910,0
deserialize,878,0
mult,371861,0
deserialize,1130,0
mult,371371,0
deserialize,1141,0
mult,373062,0
deserialize,17303,0
mult,420768,0
deserialize,1154,0
mult,376400,0
deserialize,960,0
mult,374924,0
deserialize,950,0
mult,376868,0
deserialize,913,0
mult,371553,0
deserialize,937,0
mult,371583,0
deserialize,1212,0
mult,370249,0
deserialize,893,0
mult,369558,0
deserialize,882,0
mult,371201,0
deserialize,967,0
mult,370620,0
deserialize,968,0
mult,371393,0
deserialize,843,0
mult,378389,0
deserialize,1083,0
mult,369121,0
deserialize,984,0
mult,371291,0
deserialize,936,0
mult,370378,0
deserialize,917,0
mult,370611,0
deserialize,1011,0
mult,371966,0
deserialize,1197,0
mult,371101,0
deserialize,892,0
mult,370095,0
deserialize,982,0
mult,370411,0
deserialize,906,0
mult,370006,0
deserialize,895,0
mult,370147,0
deserialize,891,0
mult,376997,0
deserialize,1234,0
mult,376580,0
deserialize,897,0
mult,377704,0
deserialize,866,0
mult,383241,0
deserialize,882,0
mult,376892,0
deserialize,873,0
mult,375703,0
deserialize,917,0
mult,377401,0
deserialize,871,0
mult,373111,0
deserialize,886,0
mult,372591,0
deserialize,874,0
mult,369227,0
deserialize,835,0
mult,376552,0
deserialize,1300,0
mult,373684,0
deserialize,1119,0
mult,369933,0
deserialize,950,0
mult,371508,0
deserialize,853,0
mult,371694,0
deserialize,1024,0
mult,370232,0
deserialize,930,0
mult,371338,0
deserialize,897,0
mult,369861,0
deserialize,890,0
mult,370405,0
deserialize,1066,0
mult,371063,0
deserialize,907,0
mult,370412,0
deserialize,919,0
mult,377713,0
deserialize,1031,0
mult,369287,0
deserialize,1046,0
mult,369324,0
deserialize,874,0
mult,369170,0
deserialize,1105,0
mult,370958,0
deserialize,911,0
mult,375552,0
deserialize,1164,0
mult,376684,0
deserialize,890,0
mult,382868,0
deserialize,862,0
mult,377328,0
deserialize,866,0
mult,377080,0
deserialize,1341,0
mult,376935,0
deserialize,854,0
mult,379176,0
deserialize,971,0
mult,373076,0
deserialize,913,0
mult,370337,0
deserialize,891,0
mult,370921,0
deserialize,891,0
mult,371439,0
deserialize,895,0
mult,371463,0
deserialize,861,0
mult,371084,0
deserialize,880,0
mult,371757,0
deserialize,1077,0
mult,370514,0
deserialize,1018,0
mult,371991,0
deserialize,867,0
mult,375630,0
deserialize,1190,0
mult,369832,0
deserialize,998,0
mult,370877,0
deserialize,900,0
mult,370919,0
deserialize,883,0
mult,370613,0
deserialize,880,0
mult,369264,0
deserialize,935,0
mult,369825,0
deserialize,1067,0
mult,369972,0
deserialize,928,0
mult,371401,0
deserialize,945,0
mult,373387,0
deserialize,943,0
mult,375651,0
deserialize,900,0
mult,388850,0
deserialize,1270,0
mult,377455,0
deserialize,1053,0
mult,379244,0
deserialize,968,0
mult,375961,0
deserialize,844,0
mult,373033,0
deserialize,954,0
mult,375515,0
deserialize,920,0
mult,370740,0
deserialize,917,0
mult,370588,0
deserialize,882,0
mult,370991,0
deserialize,861,0
mult,370999,0
deserialize,948,0
mult,371814,0
deserialize,1126,0
mult,377034,0
deserialize,1011,0
mult,370207,0
deserialize,877,0
mult,372487,0
deserialize,945,0
mult,370478,0
deserialize,896,0
mult,370748,0
deserialize,880,0
mult,371363,0
deserialize,874,0
mult,371697,0
deserialize,866,0
mult,370213,0
deserialize,924,0
mult,368297,0
deserialize,870,0
mult,369706,0
deserialize,935,0
mult,369573,0
deserialize,863,0
mult,376108,0
deserialize,1140,0
mult,371992,0
deserialize,924,0
mult,375514,0
deserialize,879,0
mult,382526,0
deserialize,860,0
mult,377741,0
deserialize,930,0
mult,379924,0
deserialize,1030,0
mult,374634,0
deserialize,850,0
mult,373460,0
deserialize,960,0
mult,376644,0
deserialize,874,0
mult,369633,0
deserialize,891,0
mult,379128,0
deserialize,1012,0
mult,369455,0
deserialize,971,0
mult,369152,0
deserialize,879,0
mult,371573,0
deserialize,982,0
mult,370344,0
deserialize,902,0
mult,371173,0
deserialize,1001,0
mult,372838,0
deserialize,920,0
mult,370331,0
deserialize,937,0
mult,371212,0
deserialize,915,0
mult,371021,0
deserialize,936,0
mult,370612,0
deserialize,865,0
mult,505593,0
deserialize,1000,0
mult,369781,0
deserialize,910,0
mult,369707,0
deserialize,966,0
mult,370088,0
deserialize,865,0
mult,368771,0
deserialize,890,0
mult,371130,0
deserialize,893,0
mult,373252,0
deserialize,915,0
mult,381390,0
deserialize,838,0
mult,379331,0
deserialize,880,0
mult,380127,0
deserialize,862,0
mult,381068,0
deserialize,1015,0
mult,372031,0
deserialize,896,0
mult,376403,0
deserialize,1075,0
mult,369748,0
deserialize,887,0
mult,371406,0
deserialize,909,0
mult,369968,0
deserialize,957,0
mult,368815,0
deserialize,864,0
mult,371087,0
deserialize,888,0
mult,369397,0
deserialize,940,0
mult,370183,0
deserialize,878,0
mult,372077,0
deserialize,880,0
mult,374993,0
deserialize,1050,0
mult,370044,0
deserialize,906,0
mult,370706,0
deserialize,1227,0
mult,370744,0
deserialize,896,0
mult,370286,0
deserialize,1008,0
mult,369874,0
deserialize,935,0
mult,369215,0
deserialize,970,0
mult,369815,0
deserialize,879,0
mult,369713,0
deserialize,948,0
mult,370950,0
deserialize,885,0
mult,372895,0
deserialize,939,0
mult,386040,0
deserialize,979,0
mult,378494,0
deserialize,926,0
mult,381377,0
deserialize,900,0
mult,373770,0
deserialize,905,0
mult,373701,0
deserialize,887,0
mult,376437,0
deserialize,975,0
mult,370334,0
deserialize,971,0
mult,371065,0
deserialize,894,0
mult,369244,0
deserialize,1072,0
mult,369421,0
deserialize,875,0
mult,377071,0
deserialize,1174,0
mult,369391,0
deserialize,1050,0
mult,370267,0
deserialize,932,0
mult,371725,0
deserialize,929,0
mult,369625,0
deserialize,980,0
mult,370456,0
deserialize,907,0
mult,370519,0
deserialize,907,0
mult,371103,0
deserialize,859,0
mult,371027,0
deserialize,877,0
mult,369846,0
deserialize,895,0
mult,369299,0
deserialize,923,0
mult,376043,0
deserialize,987,0
mult,369139,0
deserialize,992,0
mult,369997,0
deserialize,867,0
mult,371608,0
deserialize,937,0
mult,379112,0
deserialize,842,0
mult,378635,0
deserialize,953,0
mult,381282,0
deserialize,844,0
mult,374924,0
deserialize,959,0
mult,374188,0
deserialize,850,0
mult,377201,0
deserialize,952,0
mult,371449,0
deserialize,831,0
mult,376776,0
deserialize,1025,0
mult,368923,0
deserialize,915,0
mult,368925,0
deserialize,1001,0
mult,370150,0
deserialize,851,0
mult,370063,0
deserialize,864,0
mult,370380,0
deserialize,868,0
mult,371483,0
deserialize,880,0
mult,369931,0
deserialize,871,0
mult,370416,0
deserialize,893,0
mult,369430,0
deserialize,1086,0
mult,384288,0
deserialize,1042,0
mult,370317,0
deserialize,975,0
mult,370094,0
deserialize,1019,0
mult,368440,0
deserialize,885,0
mult,369618,0
deserialize,894,0
mult,369333,0
deserialize,852,0
mult,369656,0
deserialize,1104,0
mult,370949,0
deserialize,885,0
mult,376808,0
deserialize,864,0
mult,377280,0
deserialize,904,0
mult,382515,0
deserialize,845,0
mult,381438,0
deserialize,1070,0
mult,375684,0
deserialize,951,0
mult,376507,0
deserialize,1004,0
mult,371451,0
deserialize,845,0
mult,372521,0
deserialize,897,0
mult,370077,0
deserialize,1003,0
mult,369748,0
deserialize,963,0
mult,370302,0
deserialize,947,0
mult,370175,0
deserialize,992,0
mult,370431,0
deserialize,883,0
mult,371804,0
deserialize,948,0
mult,375581,0
deserialize,1055,0
mult,370633,0
deserialize,1062,0
mult,369838,0
deserialize,1025,0
mult,369529,0
deserialize,876,0
mult,370716,0
deserialize,1145,0
mult,371314,0
deserialize,1025,0
mult,369207,0
deserialize,887,0
mult,369145,0
deserialize,910,0
mult,369331,0
deserialize,868,0
mult,369044,0
deserialize,919,0
mult,376772,0
deserialize,1041,0
mult,375184,0
deserialize,961,0
mult,375866,0
deserialize,932,0
mult,382086,0
deserialize,983,0
mult,375624,0
deserialize,945,0
mult,376418,0
deserialize,902,0
mult,375505,0
deserialize,868,0
mult,372921,0
deserialize,890,0
mult,373364,0
deserialize,886,0
mult,370047,0
deserialize,897,0
mult,370267,0
deserialize,981,0
mult,376138,0
deserialize,961,0
mult,370189,0
deserialize,1028,0
mult,370396,0
deserialize,869,0
mult,370818,0
deserialize,892,0
mult,370183,0
deserialize,923,0
mult,371246,0
deserialize,1258,0
mult,370094,0
deserialize,848,0
mult,369668,0
deserialize,964,0
mult,371029,0
deserialize,1093,0
mult,371185,0
deserialize,1126,0
mult,369064,0
deserialize,864,0
mult,374376,0
deserialize,1022,0
mult,369074,0
deserialize,888,0
mult,369628,0
deserialize,926,0
mult,370282,0
deserialize,885,0
mult,372716,0
deserialize,883,0
mult,375255,0
deserialize,873,0
mult,382258,0
deserialize,884,0
mult,377183,0
deserialize,887,0
mult,378225,0
deserialize,897,0
mult,375667,0
deserialize,877,0
mult,377605,0
deserialize,1096,0
mult,374627,0
deserialize,912,0
mult,369578,0
deserialize,937,0
mult,370697,0
deserialize,882,0
mult,369943,0
deserialize,950,0
mult,369545,0
deserialize,918,0
mult,370237,0
deserialize,900,0
mult,370586,0
deserialize,877,0
mult,369517,0
deserialize,869,0
mult,372308,0
deserialize,887,0
mult,369736,0
deserialize,880,0
mult,374928,0
deserialize,1007,0
mult,370759,0
deserialize,1028,0
mult,370619,0
deserialize,1102,0
mult,369648,0
deserialize,900,0
mult,369404,0
deserialize,895,0
mult,368926,0
deserialize,878,0
mult,369485,0
deserialize,933,0
mult,370012,0
deserialize,903,0
mult,371896,0
deserialize,921,0
mult,374522,0
deserialize,1322,0
mult,382234,0
deserialize,944,0
mult,384299,0
deserialize,1035,0
mult,379003,0
deserialize,972,0
mult,373887,0
deserialize,934,0
mult,372135,0
deserialize,969,0
mult,375608,0
deserialize,877,0
mult,369365,0
deserialize,889,0
mult,371075,0
deserialize,885,0
mult,368532,0
deserialize,882,0
mult,369000,0
deserialize,890,0
mult,370811,0
deserialize,887,0
mult,369416,0
deserialize,888,0
mult,377500,0
deserialize,1371,0
mult,370837,0
deserialize,988,0
mult,369647,0
deserialize,929,0
mult,370406,0
deserialize,871,0
mult,370987,0
deserialize,960,0
mult,369624,0
deserialize,907,0
mult,370131,0
deserialize,883,0
mult,368382,0
deserialize,919,0
mult,369209,0
deserialize,916,0
mult,369464,0
deserialize,853,0
mult,377038,0
deserialize,1077,0
mult,371206,0
deserialize,1034,0
mult,373732,0
deserialize,905,0
mult,380764,0
deserialize,916,0
mult,378180,0
deserialize,1046,0
mult,379930,0
deserialize,951,0
mult,372872,0
deserialize,887,0
mult,372525,0
deserialize,965,0
mult,375487,0
deserialize,846,0
mult,369472,0
deserialize,984,0
mult,370977,0
deserialize,862,0
mult,374082,0
deserialize,1019,0
mult,368854,0
deserialize,873,0
mult,369605,0
deserialize,960,0
mult,369427,0
deserialize,886,0
mult,370218,0
deserialize,1047,0
mult,371288,0
deserialize,908,0
mult,369099,0
deserialize,1088,0
mult,370482,0
deserialize,856,0
mult,635125,0
deserialize,951,0
mult,370757,0
deserialize,907,0
mult,376134,0
deserialize,1013,0
mult,368949,0
deserialize,864,0
mult,368196,0
deserialize,934,0
mult,369387,0
deserialize,842,0
mult,369160,0
deserialize,870,0
mult,370157,0
deserialize,873,0
mult,372421,0
deserialize,865,0
mult,380197,0
deserialize,840,0
mult,378372,0
deserialize,1033,0
mult,381307,0
deserialize,853,0
mult,373426,0
deserialize,847,0
mult,378571,0
deserialize,973,0
mult,376742,0
deserialize,988,0
mult,370138,0
deserialize,970,0
mult,370880,0
deserialize,877,0
mult,368818,0
deserialize,900,0
mult,368602,0
deserialize,869,0
mult,370782,0
deserialize,860,0
mult,369829,0
deserialize,861,0
mult,370383,0
deserialize,893,0
mult,372007,0
deserialize,1006,0
mult,375781,0
deserialize,1350,0
mult,369790,0
deserialize,934,0
mult,370072,0
deserialize,902,0
mult,371080,0
deserialize,994,0
mult,370297,0
deserialize,915,0
mult,369407,0
deserialize,852,0
mult,368687,0
deserialize,968,0
mult,369490,0
deserialize,861,0
mult,369002,0
deserialize,943,0
mult,369938,0
deserialize,860,0
mult,370981,0
deserialize,874,0
mult,383322,0
deserialize,1001,0
mult,377676,0
deserialize,883,0
mult,381175,0
deserialize,958,0
mult,373933,0
deserialize,883,0
mult,374319,0
deserialize,861,0
mult,376682,0
deserialize,893,0
mult,370817,0
deserialize,856,0
mult,370276,0
deserialize,913,0
mult,368717,0
deserialize,1197,0
mult,368718,0
deserialize,892,0
mult,370512,0
deserialize,896,0
mult,375907,0
deserialize,988,0
mult,370753,0
deserialize,904,0
mult,370874,0
deserialize,1423,0
mult,370097,0
deserialize,868,0
mult,370351,0
deserialize,837,0
mult,369161,0
deserialize,900,0
mult,371843,0
deserialize,862,0
mult,370620,0
deserialize,999,0
mult,370193,0
deserialize,832,0
mult,369094,0
deserialize,908,0
mult,368990,0
deserialize,9660,0
mult,370089,0
deserialize,1436,0
mult,369084,0
deserialize,888,0
mult,370333,0
deserialize,1043,0
mult,376447,0
deserialize,854,0
mult,376732,0
deserialize,978,0
mult,381806,0
deserialize,893,0
mult,375220,0
deserialize,911,0
mult,375720,0
deserialize,847,0
mult,376607,0
deserialize,971,0
mult,372038,0
deserialize,837,0
mult,377340,0
deserialize,997,0
mult,369324,0
deserialize,923,0
mult,369682,0
deserialize,985,0
mult,370437,0
deserialize,849,0
mult,369973,0
deserialize,916,0
mult,371136,0
deserialize,904,0
mult,371648,0
deserialize,1012,0
mult,370037,0
deserialize,977,0
mult,371039,0
deserialize,1007,0
mult,369792,0
deserialize,1133,0
mult,369880,0
gemm,9.39958e+08,0
wait_all,7.32704e+08,0
deserialize,2118,0
mult,410504,0
deserialize,1027,0
mult,394722,0
deserialize,867,0
mult,395224,0
deserialize,1204,0
mult,404068,0
deserialize,870,0
mult,395590,0
deserialize,859,0
mult,396643,0
deserialize,885,0
mult,388169,0
deserialize,895,0
mult,387482,0
deserialize,863,0
mult,387174,0
deserialize,882,0
mult,386794,0
deserialize,926,0
mult,402273,0
deserialize,1242,0
mult,385583,0
deserialize,870,0
mult,387148,0
deserialize,879,0
mult,388630,0
deserialize,791,0
mult,389560,0
deserialize,893,0
mult,398213,0
deserialize,1186,0
mult,392789,0
deserialize,934,0
mult,394515,0
deserialize,837,0
mult,398099,0
deserialize,886,0
mult,395738,0
deserialize,869,0
mult,405541,0
deserialize,965,0
mult,390139,0
deserialize,904,0
mult,388757,0
deserialize,851,0
mult,394875,0
deserialize,902,0
mult,394350,0
deserialize,924,0
mult,402969,0
deserialize,855,0
mult,393163,0
deserialize,879,0
mult,394880,0
deserialize,900,0
mult,403888,0
deserialize,864,0
mult,397834,0
deserialize,915,0
mult,405691,0
deserialize,1286,0
mult,388736,0
deserialize,973,0
mult,388494,0
deserialize,881,0
mult,388361,0
deserialize,991,0
mult,387345,0
deserialize,841,0
mult,386741,0
deserialize,960,0
mult,386436,0
deserialize,855,0
mult,386784,0
deserialize,800,0
mult,387412,0
deserialize,1117,0
mult,389679,0
deserialize,860,0
mult,403310,0
deserialize,982,0
mult,391980,0
deserialize,950,0
mult,395524,0
deserialize,893,0
mult,396960,0
deserialize,882,0
mult,396864,0
deserialize,867,0
mult,400059,0
deserialize,898,0
mult,390910,0
deserialize,875,0
mult,389646,0
deserialize,894,0
mult,393921,0
deserialize,879,0
mult,393077,0
deserialize,911,0
mult,408900,0
deserialize,1006,0
mult,393335,0
deserialize,1018,0
mult,394357,0
deserialize,855,0
mult,402732,0
deserialize,880,0
mult,397693,0
deserialize,907,0
mult,399064,0
deserialize,860,0
mult,390463,0
deserialize,977,0
mult,387413,0
deserialize,1019,0
mult,1.70003e+06,0
deserialize,973,0
mult,1.81023e+06,0
deserialize,877,0
mult,1.64394e+06,0
deserialize,1063,0
mult,1.30445e+06,0
deserialize,1057,0
mult,395959,0
deserialize,1003,0
mult,396158,0
deserialize,941,0
mult,386592,0
deserialize,948,0
mult,386551,0
deserialize,907,0
mult,392258,0
deserialize,820,0
mult,391277,0
deserialize,890,0
mult,405456,0
deserialize,1081,0
mult,390434,0
deserialize,976,0
mult,392647,0
deserialize,873,0
mult,400414,0
deserialize,1077,0
mult,394479,0
deserialize,851,0
mult,395089,0
deserialize,886,0
mult,392811,0
deserialize,882,0
mult,387697,0
deserialize,1306,0
mult,397650,0
deserialize,900,0
mult,394596,0
deserialize,1002,0
mult,407114,0
deserialize,1208,0
mult,395352,0
deserialize,1040,0
mult,396315,0
deserialize,852,0
mult,403838,0
deserialize,890,0
mult,394440,0
deserialize,902,0
mult,394504,0
deserialize,885,0
mult,387550,0
deserialize,824,0
mult,387435,0
deserialize,888,0
mult,386450,0
deserialize,893,0
mult,386638,0
deserialize,1263,0
mult,393844,0
deserialize,1189,0
mult,386041,0
deserialize,968,0
mult,385468,0
deserialize,940,0
mult,390359,0
deserialize,855,0
mult,391182,0
deserialize,940,0
mult,397761,0
deserialize,1202,0
mult,390706,0
deserialize,937,0
mult,392568,0
deserialize,836,0
mult,399461,0
deserialize,970,0
mult,395555,0
deserialize,923,0
mult,397152,0
deserialize,917,0
mult,397005,0
deserialize,996,0
mult,386656,0
deserialize,1168,0
mult,396176,0
deserialize,1064,0
mult,394050,0
deserialize,940,0
mult,401840,0
deserialize,877,0
mult,394237,0
deserialize,855,0
mult,395650,0
deserialize,850,0
mult,403975,0
deserialize,1125,0
mult,396104,0
deserialize,1038,0
mult,395846,0
deserialize,1265,0
mult,394085,0
deserialize,970,0
mult,386597,0
deserialize,906,0
mult,387028,0
deserialize,884,0
mult,386668,0
deserialize,887,0
mult,386139,0
deserialize,858,0
mult,386407,0
deserialize,895,0
mult,386377,0
deserialize,887,0
mult,389565,0
deserialize,16980,0
mult,385759,0
deserialize,1477,0
mult,391419,0
deserialize,907,0
mult,402775,0
deserialize,1002,0
mult,391469,0
deserialize,910,0
mult,393853,0
deserialize,871,0
mult,398028,0
deserialize,890,0
mult,395510,0
deserialize,880,0
mult,398677,0
deserialize,925,0
mult,390244,0
deserialize,879,0
mult,387908,0
deserialize,961,0
mult,393856,0
deserialize,896,0
mult,393077,0
deserialize,929,0
mult,408380,0
deserialize,1057,0
mult,392181,0
deserialize,977,0
mult,393841,0
deserialize,876,0
mult,403195,0
deserialize,939,0
mult,396704,0
deserialize,899,0
mult,397387,0
deserialize,891,0
mult,389575,0
deserialize,1112,0
mult,388127,0
deserialize,899,0
mult,387760,0
deserialize,872,0
mult,386437,0
deserialize,916,0
mult,392234,0
deserialize,970,0
mult,385644,0
deserialize,956,0
mult,386414,0
deserialize,882,0
mult,387434,0
deserialize,892,0
mult,389436,0
deserialize,877,0
mult,396826,0
deserialize,894,0
mult,392726,0
deserialize,884,0
mult,396283,0
deserialize,890,0
mult,397105,0
deserialize,857,0
mult,395685,0
deserialize,846,0
mult,406429,0
deserialize,1053,0
mult,390194,0
deserialize,949,0
mult,388962,0
deserialize,888,0
mult,392524,0
deserialize,945,0
mult,392504,0
deserialize,957,0
mult,402444,0
deserialize,909,0
mult,393413,0
deserialize,880,0
mult,394117,0
deserialize,927,0
mult,402367,0
deserialize,969,0
mult,397175,0
deserialize,881,0
mult,406508,0
deserialize,1098,0
mult,388627,0
deserialize,1210,0
mult,388569,0
deserialize,965,0
mult,387381,0
deserialize,925,0
mult,386543,0
deserialize,962,0
mult,385921,0
deserialize,851,0
mult,386362,0
deserialize,929,0
mult,386376,0
deserialize,876,0
mult,386547,0
deserialize,877,0
mult,388758,0
deserialize,879,0
mult,403622,0
deserialize,1082,0
mult,391724,0
deserialize,921,0
mult,396663,0
deserialize,916,0
mult,396970,0
deserialize,900,0
mult,395752,0
deserialize,925,0
mult,401219,0
deserialize,936,0
mult,391798,0
deserialize,882,0
mult,390109,0
deserialize,871,0
mult,394620,0
deserialize,898,0
mult,392137,0
deserialize,857,0
mult,401520,0
deserialize,904,0
mult,399928,0
deserialize,1031,0
mult,395383,0
deserialize,975,0
mult,400563,0
deserialize,870,0
mult,398070,0
deserialize,903,0
mult,401104,0
deserialize,876,0
mult,391780,0
deserialize,891,0
mult,389819,0
deserialize,942,0
mult,387419,0
deserialize,878,0
mult,386294,0
deserialize,929,0
mult,386532,0
deserialize,919,0
mult,392940,0
deserialize,1040,0
mult,385566,0
deserialize,927,0
mult,386324,0
deserialize,940,0
mult,388014,0
deserialize,914,0
mult,394456,0
deserialize,950,0
mult,392351,0
deserialize,912,0
mult,397991,0
deserialize,968,0
mult,394125,0
deserialize,1042,0
mult,394616,0
deserialize,999,0
mult,401703,0
deserialize,855,0
mult,398567,0
deserialize,957,0
mult,392025,0
deserialize,983,0
mult,393243,0
deserialize,900,0
mult,390702,0
deserialize,1245,0
mult,400707,0
deserialize,860,0
mult,395425,0
deserialize,963,0
mult,398776,0
deserialize,901,0
mult,399777,0
deserialize,916,0
mult,398287,0
deserialize,895,0
mult,402649,0
deserialize,979,0
mult,398770,0
deserialize,1021,0
mult,390514,0
deserialize,919,0
mult,386598,0
deserialize,910,0
mult,387007,0
deserialize,885,0
mult,386504,0
deserialize,870,0
mult,386162,0
deserialize,1116,0
mult,385604,0
deserialize,840,0
mult,386470,0
deserialize,868,0
mult,387193,0
deserialize,880,0
mult,393645,0
deserialize,915,0
mult,397273,0
deserialize,1187,0
mult,397647,0
deserialize,1027,0
mult,391907,0
deserialize,849,0
mult,393045,0
deserialize,913,0
mult,400359,0
deserialize,911,0
mult,393704,0
deserialize,955,0
mult,394027,0
deserialize,850,0
mult,394675,0
deserialize,1207,0
mult,389563,0
deserialize,888,0
mult,400305,0
deserialize,1037,0
mult,401608,0
deserialize,1008,0
mult,399763,0
deserialize,1006,0
mult,398767,0
deserialize,909,0
mult,397327,0
deserialize,952,0
mult,402856,0
deserialize,889,0
mult,393572,0
deserialize,953,0
mult,392337,0
deserialize,907,0
mult,387511,0
deserialize,1027,0
mult,387054,0
deserialize,1351,0
mult,386460,0
deserialize,879,0
mult,402143,0
deserialize,987,0
mult,385096,0
deserialize,1041,0
mult,386372,0
deserialize,830,0
mult,386350,0
deserialize,881,0
mult,391683,0
deserialize,842,0
mult,391465,0
deserialize,1004,0
mult,398099,0
deserialize,942,0
mult,391403,0
deserialize,944,0
mult,392387,0
deserialize,919,0
mult,400647,0
deserialize,890,0
mult,401095,0
deserialize,1026,0
mult,394547,0
deserialize,906,0
mult,392390,0
deserialize,896,0
mult,387788,0
deserialize,973,0
mult,397612,0
deserialize,1121,0
mult,395082,0
deserialize,907,0
mult,400899,0
deserialize,896,0
mult,395447,0
deserialize,1043,0
mult,395993,0
deserialize,943,0
mult,402703,0
deserialize,900,0
mult,399124,0
deserialize,1062,0
mult,393093,0
deserialize,1026,0
mult,386887,0
deserialize,989,0
mult,386671,0
deserialize,858,0
mult,386375,0
deserialize,977,0
mult,386431,0
deserialize,870,0
mult,386484,0
deserialize,937,0
mult,385890,0
deserialize,850,0
mult,386100,0
deserialize,884,0
mult,390247,0
deserialize,920,0
mult,390602,0
deserialize,879,0
mult,402307,0
deserialize,973,0
mult,391050,0
deserialize,1142,0
mult,392003,0
deserialize,882,0
mult,398616,0
deserialize,910,0
mult,394768,0
deserialize,906,0
mult,396820,0
deserialize,949,0
mult,392134,0
deserialize,1052,0
mult,386957,0
deserialize,942,0
mult,395442,0
deserialize,930,0
mult,394394,0
deserialize,873,0
mult,406974,0
deserialize,983,0
mult,393801,0
deserialize,950,0
mult,395375,0
deserialize,900,0
mult,403377,0
deserialize,907,0
mult,394947,0
deserialize,970,0
mult,395122,0
deserialize,1011,0
mult,387373,0
deserialize,941,0
mult,386488,0
deserialize,881,0
mult,386282,0
deserialize,880,0
mult,385839,0
deserialize,1138,0
mult,391432,0
deserialize,1051,0
mult,385223,0
deserialize,1171,0
mult,385710,0
deserialize,950,0
mult,388549,0
deserialize,871,0
mult,389674,0
deserialize,950,0
mult,396351,0
deserialize,884,0
mult,391264,0
deserialize,930,0
mult,392941,0
deserialize,880,0
mult,397626,0
deserialize,1064,0
mult,395073,0
deserialize,897,0
mult,403674,0
deserialize,1027,0
mult,390018,0
deserialize,1220,0
mult,386786,0
deserialize,874,0
mult,393891,0
deserialize,908,0
mult,392381,0
deserialize,1098,0
mult,401260,0
deserialize,913,0
mult,392340,0
deserialize,870,0
mult,392838,0
deserialize,853,0
mult,402790,0
deserialize,898,0
mult,395902,0
deserialize,900,0
mult,402730,0
deserialize,1130,0
mult,388369,0
deserialize,918,0
mult,387439,0
deserialize,891,0
mult,387117,0
deserialize,940,0
mult,385396,0
deserialize,890,0
mult,385569,0
deserialize,860,0
mult,385697,0
deserialize,879,0
mult,386857,0
deserialize,871,0
mult,387877,0
deserialize,837,0
mult,388799,0
deserialize,873,0
mult,401135,0
deserialize,1070,0
mult,391864,0
deserialize,1099,0
mult,394851,0
deserialize,885,0
mult,396785,0
deserialize,907,0
mult,395087,0
deserialize,951,0
mult,399371,0
deserialize,970,0
mult,390727,0
deserialize,971,0
mult,387958,0
deserialize,1043,0
mult,392507,0
deserialize,880,0
mult,392461,0
deserialize,1203,0
mult,401074,0
deserialize,897,0
mult,397349,0
deserialize,1077,0
mult,393264,0
deserialize,920,0
mult,401724,0
deserialize,900,0
mult,396367,0
deserialize,895,0
mult,397562,0
deserialize,857,0
mult,389095,0
deserialize,860,0
mult,387721,0
deserialize,886,0
mult,386413,0
deserialize,1259,0
mult,386095,0
deserialize,897,0
mult,385387,0
deserialize,832,0
mult,391090,0
deserialize,978,0
mult,384929,0
deserialize,996,0
mult,386016,0
deserialize,1045,0
mult,387669,0
deserialize,899,0
mult,395491,0
deserialize,857,0
mult,391698,0
deserialize,899,0
mult,396075,0
deserialize,915,0
mult,395543,0
deserialize,878,0
mult,394376,0
deserialize,899,0
mult,400190,0
deserialize,868,0
mult,397599,0
deserialize,969,0
mult,389367,0
deserialize,1050,0
mult,392577,0
deserialize,1038,0
mult,391620,0
deserialize,900,0
mult,400906,0
deserialize,1173,0
mult,393310,0
deserialize,1024,0
mult,395621,0
deserialize,825,0
mult,400198,0
deserialize,945,0
mult,397003,0
deserialize,861,0
mult,399850,0
deserialize,1059,0
mult,396144,0
deserialize,969,0
mult,388728,0
deserialize,949,0
mult,386931,0
deserialize,900,0
mult,386042,0
deserialize,994,0
mult,385355,0
deserialize,900,0
mult,385697,0
deserialize,862,0
mult,385661,0
deserialize,876,0
mult,385429,0
deserialize,869,0
mult,386524,0
deserialize,870,0
mult,394087,0
deserialize,854,0
mult,397490,0
deserialize,986,0
mult,397133,0
deserialize,1018,0
mult,393961,0
deserialize,916,0
mult,393906,0
deserialize,965,0
mult,400074,0
deserialize,846,0
mult,392247,0
deserialize,982,0
mult,391447,0
deserialize,881,0
mult,392874,0
deserialize,897,0
mult,389655,0
deserialize,872,0
mult,400177,0
deserialize,910,0
mult,400197,0
deserialize,1230,0
mult,397012,0
deserialize,968,0
mult,398987,0
deserialize,860,0
mult,397480,0
deserialize,884,0
mult,401841,0
deserialize,946,0
mult,391179,0
deserialize,884,0
mult,390298,0
deserialize,865,0
mult,387593,0
deserialize,875,0
mult,386477,0
deserialize,905,0
mult,385602,0
deserialize,885,0
mult,394343,0
deserialize,1052,0
mult,384879,0
deserialize,1020,0
mult,385557,0
deserialize,1126,0
mult,386336,0
deserialize,886,0
mult,393223,0
deserialize,963,0
mult,390589,0
deserialize,940,0
mult,397145,0
deserialize,1000,0
mult,392079,0
deserialize,901,0
mult,392870,0
deserialize,899,0
mult,400051,0
deserialize,890,0
mult,393118,0
deserialize,886,0
mult,621816,0
deserialize,983,0
mult,392882,0
deserialize,943,0
mult,387813,0
deserialize,954,0
mult,398221,0
deserialize,914,0
mult,394527,0
deserialize,941,0
mult,399001,0
deserialize,899,0
mult,398178,0
deserialize,943,0
mult,396716,0
deserialize,966,0
mult,402639,0
deserialize,873,0
mult,400155,0
deserialize,969,0
mult,390533,0
deserialize,983,0
mult,387084,0
deserialize,857,0
mult,385667,0
deserialize,845,0
mult,385814,0
deserialize,862,0
mult,385894,0
deserialize,869,0
mult,385847,0
deserialize,880,0
mult,385223,0
deserialize,949,0
mult,385981,0
deserialize,845,0
mult,391634,0
deserialize,924,0
mult,396380,0
deserialize,981,0
mult,397695,0
deserialize,998,0
mult,390449,0
deserialize,1086,0
mult,392128,0
deserialize,1049,0
mult,399506,0
deserialize,836,0
mult,394928,0
deserialize,964,0
mult,394547,0
deserialize,856,0
mult,392726,0
deserialize,1283,0
mult,387014,0
deserialize,899,0
mult,396616,0
deserialize,977,0
mult,399929,0
deserialize,1040,0
mult,400488,0
deserialize,1085,0
mult,395168,0
deserialize,919,0
mult,395670,0
deserialize,941,0
mult,402577,0
deserialize,871,0
mult,392727,0
deserialize,973,0
mult,392530,0
deserialize,903,0
mult,387138,0
deserialize,968,0
mult,386794,0
deserialize,848,0
mult,385752,0
deserialize,961,0
mult,385539,0
deserialize,909,0
mult,392206,0
deserialize,1522,0
mult,385414,0
deserialize,888,0
mult,385964,0
deserialize,978,0
mult,390402,0
deserialize,903,0
mult,390585,0
deserialize,840,0
mult,396893,0
deserialize,856,0
mult,390599,0
deserialize,917,0
mult,391639,0
deserialize,868,0
mult,398859,0
deserialize,996,0
mult,394749,0
deserialize,857,0
mult,402035,0
deserialize,946,0
mult,390721,0
deserialize,895,0
mult,386531,0
deserialize,910,0
mult,395723,0
deserialize,887,0
mult,394114,0
deserialize,1017,0
mult,400780,0
deserialize,998,0
mult,393714,0
deserialize,847,0
mult,394877,0
deserialize,934,0
mult,402944,0
deserialize,1302,0
mult,394306,0
deserialize,910,0
mult,400726,0
deserialize,927,0
mult,388342,0
deserialize,937,0
mult,386774,0
deserialize,957,0
mult,386148,0
deserialize,918,0
mult,386138,0
deserialize,883,0
mult,385297,0
deserialize,868,0
mult,385356,0
deserialize,850,0
mult,385496,0
deserialize,890,0
mult,388351,0
deserialize,965,0
mult,389117,0
deserialize,869,0
mult,403090,0
deserialize,1040,0
mult,390841,0
deserialize,910,0
mult,392943,0
deserialize,863,0
mult,398521,0
deserialize,877,0
mult,395430,0
deserialize,968,0
mult,398005,0
deserialize,876,0
mult,389859,0
deserialize,846,0
mult,387083,0
deserialize,900,0
mult,393841,0
deserialize,879,0
mult,392800,0
deserialize,885,0
mult,406960,0
deserialize,1200,0
mult,391814,0
deserialize,877,0
mult,394211,0
deserialize,900,0
mult,403047,0
deserialize,880,0
mult,396015,0
deserialize,948,0
mult,396376,0
deserialize,847,0
mult,388162,0
deserialize,900,0
mult,387289,0
deserialize,1254,0
mult,385783,0
deserialize,900,0
mult,386492,0
deserialize,876,0
mult,392312,0
deserialize,1122,0
mult,385350,0
deserialize,972,0
mult,385119,0
deserialize,1135,0
mult,387497,0
deserialize,872,0
mult,388393,0
deserialize,955,0
mult,396205,0
deserialize,864,0
mult,391609,0
deserialize,972,0
mult,394673,0
deserialize,1155,0
mult,396268,0
deserialize,866,0
mult,395067,0
deserialize,869,0
mult,404637,0
deserialize,1300,0
mult,389606,0
deserialize,946,0
mult,388295,0
deserialize,1048,0
mult,391909,0
deserialize,910,0
mult,392182,0
deserialize,903,0
mult,401189,0
deserialize,927,0
mult,393664,0
deserialize,996,0
mult,393438,0
deserialize,1146,0
mult,401435,0
gemm,9.21312e+08,0
wait_all,7.29289e+08,0
deserialize,3889,0
mult,373782,0
deserialize,1025,0
mult,376055,0
deserialize,1138,0
mult,369041,0
deserialize,937,0
mult,370972,0
deserialize,957,0
mult,371072,0
deserialize,1110,0
mult,371268,0
deserialize,872,0
mult,370458,0
deserialize,933,0
mult,370295,0
deserialize,845,0
mult,369982,0
deserialize,1062,0
mult,370744,0
deserialize,900,0
mult,371890,0
deserialize,948,0
mult,385349,0
deserialize,986,0
mult,377777,0
deserialize,971,0
mult,382828,0
deserialize,872,0
mult,376354,0
deserialize,877,0
mult,381353,0
deserialize,896,0
mult,377459,0
deserialize,933,0
mult,375128,0
deserialize,828,0
mult,375728,0
deserialize,874,0
mult,370984,0
deserialize,867,0
mult,371155,0
deserialize,822,0
mult,372057,0
deserialize,870,0
mult,377479,0
deserialize,944,0
mult,371501,0
deserialize,985,0
mult,372933,0
deserialize,833,0
mult,370839,0
deserialize,863,0
mult,372197,0
deserialize,866,0
mult,369973,0
deserialize,943,0
mult,372156,0
deserialize,900,0
mult,369931,0
deserialize,928,0
mult,371556,0
deserialize,854,0
mult,370347,0
deserialize,931,0
mult,370403,0
deserialize,887,0
mult,375781,0
deserialize,1000,0
mult,369403,0
deserialize,860,0
mult,371579,0
deserialize,907,0
mult,378060,0
deserialize,931,0
mult,378233,0
deserialize,814,0
mult,383954,0
deserialize,900,0
mult,376826,0
deserialize,863,0
mult,382213,0
deserialize,886,0
mult,377979,0
deserialize,860,0
mult,377339,0
deserialize,954,0
mult,382905,0
deserialize,997,0
mult,370441,0
deserialize,920,0
mult,372130,0
deserialize,900,0
mult,370434,0
deserialize,821,0
mult,371656,0
deserialize,955,0
mult,371984,0
deserialize,864,0
mult,372403,0
deserialize,891,0
mult,370390,0
deserialize,889,0
mult,371864,0
deserialize,850,0
mult,369991,0
deserialize,899,0
mult,370892,0
deserialize,851,0
mult,375737,0
deserialize,983,0
mult,371061,0
deserialize,978,0
mult,369876,0
deserialize,931,0
mult,370756,0
deserialize,1056,0
mult,1.68699e+06,0
deserialize,889,0
mult,1.8044e+06,0
deserialize,883,0
mult,1.63025e+06,0
deserialize,897,0
mult,1.29493e+06,0
deserialize,1092,0
mult,376444,0
deserialize,1114,0
mult,369233,0
deserialize,916,0
mult,381441,0
deserialize,984,0
mult,378595,0
deserialize,1054,0
mult,382188,0
deserialize,850,0
mult,375147,0
deserialize,874,0
mult,380196,0
deserialize,950,0
mult,376336,0
deserialize,856,0
mult,372005,0
deserialize,870,0
mult,375098,0
deserialize,953,0
mult,369550,0
deserialize,871,0
mult,377300,0
deserialize,1041,0
mult,370564,0
deserialize,974,0
mult,370241,0
deserialize,897,0
mult,370852,0
deserialize,880,0
mult,371878,0
deserialize,903,0
mult,369561,0
deserialize,920,0
mult,369889,0
deserialize,885,0
mult,369474,0
deserialize,1010,0
mult,369956,0
deserialize,883,0
mult,370070,0
deserialize,896,0
mult,369339,0
deserialize,914,0
mult,375178,0
deserialize,1085,0
mult,369409,0
deserialize,896,0
mult,369781,0
deserialize,867,0
mult,370825,0
deserialize,1027,0
mult,372723,0
deserialize,961,0
mult,379667,0
deserialize,858,0
mult,378504,0
deserialize,921,0
mult,382857,0
deserialize,832,0
mult,375242,0
deserialize,1027,0
mult,380939,0
deserialize,893,0
mult,383571,0
deserialize,1029,0
mult,373481,0
deserialize,890,0
mult,375237,0
deserialize,976,0
mult,369238,0
deserialize,861,0
mult,369999,0
deserialize,940,0
mult,370589,0
deserialize,888,0
mult,370394,0
deserialize,987,0
mult,371286,0
deserialize,842,0
mult,371417,0
deserialize,963,0
mult,370784,0
deserialize,1116,0
mult,371040,0
deserialize,867,0
mult,375095,0
deserialize,1184,0
mult,370420,0
deserialize,958,0
mult,369377,0
deserialize,912,0
mult,369848,0
deserialize,1018,0
mult,369646,0
deserialize,884,0
mult,369977,0
deserialize,881,0
mult,370292,0
deserialize,889,0
mult,369731,0
deserialize,896,0
mult,372349,0
deserialize,871,0
mult,378897,0
deserialize,896,0
mult,378410,0
deserialize,901,0
mult,389545,0
deserialize,15767,0
mult,384272,0
deserialize,1340,0
mult,359585,0
deserialize,909,0
mult,362921,0
deserialize,878,0
mult,359556,0
deserialize,941,0
mult,360801,0
deserialize,989,0
mult,358524,0
deserialize,915,0
mult,359186,0
deserialize,868,0
mult,362647,0
deserialize,913,0
mult,364245,0
deserialize,983,0
mult,364716,0
deserialize,1093,0
mult,364190,0
deserialize,948,0
mult,362061,0
deserialize,927,0
mult,365638,0
deserialize,887,0
mult,366387,0
deserialize,941,0
mult,360441,0
deserialize,878,0
mult,366900,0
deserialize,959,0
mult,360463,0
deserialize,937,0
mult,359279,0
deserialize,867,0
mult,357997,0
deserialize,911,0
mult,357551,0
deserialize,909,0
mult,363822,0
deserialize,1055,0
mult,368411,0
deserialize,1042,0
mult,356758,0
deserialize,867,0
mult,357806,0
deserialize,927,0
mult,358394,0
deserialize,862,0
mult,359858,0
deserialize,870,0
mult,358823,0
deserialize,994,0
mult,362435,0
deserialize,911,0
mult,360512,0
deserialize,953,0
mult,361110,0
deserialize,879,0
mult,358917,0
deserialize,867,0
mult,364973,0
deserialize,1005,0
mult,362220,0
deserialize,1048,0
mult,361999,0
deserialize,917,0
mult,359705,0
deserialize,956,0
mult,364976,0
deserialize,862,0
mult,361980,0
deserialize,927,0
mult,366241,0
deserialize,886,0
mult,366387,0
deserialize,904,0
mult,360368,0
deserialize,884,0
mult,367266,0
deserialize,1199,0
mult,362289,0
deserialize,883,0
mult,366800,0
deserialize,1188,0
mult,357174,0
deserialize,1153,0
mult,357234,0
deserialize,1025,0
mult,357356,0
deserialize,1260,0
mult,357502,0
deserialize,1090,0
mult,356825,0
deserialize,1026,0
mult,357952,0
deserialize,935,0
mult,357884,0
deserialize,881,0
mult,359855,0
deserialize,893,0
mult,358819,0
deserialize,874,0
mult,361031,0
deserialize,935,0
mult,360625,0
deserialize,854,0
mult,369057,0
deserialize,1044,0
mult,356975,0
deserialize,1034,0
mult,358268,0
deserialize,876,0
mult,362050,0
deserialize,884,0
mult,361885,0
deserialize,862,0
mult,360387,0
deserialize,859,0
mult,364951,0
deserialize,884,0
mult,360874,0
deserialize,834,0
mult,365401,0
deserialize,942,0
mult,367159,0
deserialize,863,0
mult,360369,0
deserialize,863,0
mult,372168,0
deserialize,1053,0
mult,362361,0
deserialize,914,0
mult,363387,0
deserialize,889,0
mult,358732,0
deserialize,887,0
mult,357706,0
deserialize,972,0
mult,356818,0
deserialize,863,0
mult,358811,0
deserialize,933,0
mult,357782,0
deserialize,967,0
mult,358039,0
deserialize,913,0
mult,357464,0
deserialize,873,0
mult,359448,0
deserialize,954,0
mult,365387,0
deserialize,1040,0
mult,360159,0
deserialize,979,0
mult,359368,0
deserialize,844,0
mult,363237,0
deserialize,965,0
mult,358228,0
deserialize,867,0
mult,358384,0
deserialize,947,0
mult,361962,0
deserialize,923,0
mult,361101,0
deserialize,1041,0
mult,359728,0
deserialize,896,0
mult,365924,0
deserialize,881,0
mult,359810,0
deserialize,873,0
mult,371924,0
deserialize,1052,0
mult,366490,0
deserialize,1050,0
mult,360891,0
deserialize,874,0
mult,366341,0
deserialize,871,0
mult,361981,0
deserialize,964,0
mult,364728,0
deserialize,1225,0
mult,358115,0
deserialize,853,0
mult,357606,0
deserialize,901,0
mult,357563,0
deserialize,867,0
mult,357477,0
deserialize,1055,0
mult,357322,0
deserialize,906,0
mult,363609,0
deserialize,1095,0
mult,356786,0
deserialize,917,0
mult,359425,0
deserialize,995,0
mult,358656,0
deserialize,872,0
mult,361058,0
deserialize,959,0
mult,358768,0
deserialize,965,0
mult,363483,0
deserialize,1138,0
mult,357641,0
deserialize,844,0
mult,357901,0
deserialize,880,0
mult,361266,0
deserialize,900,0
mult,360227,0
deserialize,1202,0
mult,374394,0
deserialize,987,0
mult,365346,0
deserialize,967,0
mult,358658,0
deserialize,886,0
mult,364860,0
deserialize,984,0
mult,365904,0
deserialize,880,0
mult,361665,0
deserialize,942,0
mult,365757,0
deserialize,880,0
mult,363021,0
deserialize,1220,0
mult,365520,0
deserialize,878,0
mult,358740,0
deserialize,887,0
mult,357662,0
deserialize,880,0
mult,363745,0
deserialize,1033,0
mult,357364,0
deserialize,887,0
mult,356821,0
deserialize,932,0
mult,357124,0
deserialize,1089,0
mult,356990,0
deserialize,861,0
mult,358431,0
deserialize,844,0
mult,358431,0
deserialize,885,0
mult,359720,0
deserialize,852,0
mult,358261,0
deserialize,859,0
mult,363577,0
deserialize,847,0
mult,358469,0
deserialize,964,0
mult,365141,0
deserialize,958,0
mult,359881,0
deserialize,938,0
mult,358992,0
deserialize,877,0
mult,360767,0
deserialize,907,0
mult,365396,0
deserialize,880,0
mult,358970,0
deserialize,1163,0
mult,364158,0
deserialize,878,0
mult,364698,0
deserialize,906,0
mult,364505,0
deserialize,907,0
mult,366257,0
deserialize,1150,0
mult,361560,0
deserialize,950,0
mult,372223,0
deserialize,971,0
mult,358310,0
deserialize,993,0
mult,358072,0
deserialize,902,0
mult,357262,0
deserialize,973,0
mult,357260,0
deserialize,861,0
mult,356697,0
deserialize,967,0
mult,357087,0
deserialize,885,0
mult,357146,0
deserialize,945,0
mult,357671,0
deserialize,861,0
mult,358875,0
deserialize,886,0
mult,359775,0
deserialize,881,0
mult,363051,0
deserialize,1093,0
mult,362411,0
deserialize,923,0
mult,358309,0
deserialize,840,0
mult,359082,0
deserialize,909,0
mult,358869,0
deserialize,887,0
mult,358208,0
deserialize,904,0
mult,362136,0
deserialize,880,0
mult,364602,0
deserialize,1043,0
mult,359663,0
deserialize,964,0
mult,364199,0
deserialize,934,0
mult,363061,0
deserialize,853,0
mult,370987,0
deserialize,1003,0
mult,365526,0
deserialize,933,0
mult,360215,0
deserialize,1074,0
mult,367188,0
deserialize,890,0
mult,359426,0
deserialize,962,0
mult,358945,0
deserialize,883,0
mult,356557,0
deserialize,954,0
mult,356758,0
deserialize,858,0
mult,356807,0
deserialize,894,0
mult,357174,0
deserialize,900,0
mult,356529,0
deserialize,991,0
mult,363684,0
deserialize,977,0
mult,357847,0
deserialize,1039,0
mult,359637,0
deserialize,864,0
mult,357748,0
deserialize,939,0
mult,362136,0
deserialize,839,0
mult,358638,0
deserialize,978,0
mult,359769,0
deserialize,866,0
mult,357546,0
deserialize,964,0
mult,357988,0
deserialize,896,0
mult,362489,0
deserialize,999,0
mult,363610,0
deserialize,874,0
mult,367287,0
deserialize,968,0
mult,363683,0
deserialize,927,0
mult,362569,0
deserialize,902,0
mult,365518,0
deserialize,889,0
mult,365655,0
deserialize,857,0
mult,359777,0
deserialize,891,0
mult,367381,0
deserialize,1410,0
mult,360624,0
deserialize,939,0
mult,359068,0
deserialize,973,0
mult,356572,0
deserialize,885,0
mult,356970,0
deserialize,893,0
mult,373447,0
deserialize,1057,0
mult,356646,0
deserialize,909,0
mult,356054,0
deserialize,870,0
mult,357159,0
deserialize,958,0
mult,357487,0
deserialize,905,0
mult,359593,0
deserialize,842,0
mult,357732,0
deserialize,953,0
mult,361681,0
deserialize,946,0
mult,358256,0
deserialize,847,0
mult,360533,0
deserialize,835,0
mult,357121,0
deserialize,888,0
mult,362804,0
deserialize,1010,0
mult,362689,0
deserialize,980,0
mult,361468,0
deserialize,933,0
mult,359340,0
deserialize,1144,0
mult,364328,0
deserialize,1339,0
mult,361536,0
deserialize,931,0
mult,365337,0
deserialize,910,0
mult,366485,0
deserialize,914,0
mult,359857,0
deserialize,881,0
mult,365559,0
deserialize,906,0
mult,359833,0
deserialize,853,0
mult,367029,0
deserialize,963,0
mult,356944,0
deserialize,988,0
mult,357039,0
deserialize,884,0
mult,356201,0
deserialize,850,0
mult,356478,0
deserialize,909,0
mult,356161,0
deserialize,844,0
mult,356571,0
deserialize,878,0
mult,356920,0
deserialize,920,0
mult,359648,0
deserialize,973,0
mult,357887,0
deserialize,868,0
mult,360440,0
deserialize,1026,0
mult,365055,0
deserialize,1009,0
mult,361475,0
deserialize,984,0
mult,356755,0
deserialize,930,0
mult,357269,0
deserialize,900,0
mult,361807,0
deserialize,880,0
mult,360503,0
deserialize,869,0
mult,359474,0
deserialize,1005,0
mult,364695,0
deserialize,886,0
mult,360245,0
deserialize,1044,0
mult,366077,0
deserialize,901,0
mult,365838,0
deserialize,972,0
mult,365312,0
deserialize,1002,0
mult,365516,0
deserialize,971,0
mult,361993,0
deserialize,900,0
mult,362112,0
deserialize,1044,0
mult,357430,0
deserialize,872,0
mult,357158,0
deserialize,973,0
mult,356536,0
deserialize,848,0
mult,356895,0
deserialize,930,0
mult,356774,0
deserialize,890,0
mult,356899,0
deserialize,880,0
mult,356204,0
deserialize,867,0
mult,364785,0
deserialize,1036,0
mult,358116,0
deserialize,892,0
mult,359904,0
deserialize,915,0
mult,358726,0
deserialize,880,0
mult,362321,0
deserialize,993,0
mult,357056,0
deserialize,880,0
mult,357575,0
deserialize,993,0
mult,361849,0
deserialize,883,0
mult,359678,0
deserialize,969,0
mult,359019,0
deserialize,870,0
mult,364785,0
deserialize,902,0
mult,365122,0
deserialize,997,0
mult,364879,0
deserialize,999,0
mult,365854,0
deserialize,920,0
mult,360545,0
deserialize,888,0
mult,365271,0
deserialize,850,0
mult,361363,0
deserialize,967,0
mult,364214,0
deserialize,907,0
mult,357425,0
deserialize,866,0
mult,357311,0
deserialize,847,0
mult,356505,0
deserialize,829,0
mult,357172,0
deserialize,923,0
mult,362547,0
deserialize,1019,0
mult,356272,0
deserialize,972,0
mult,356333,0
deserialize,868,0
mult,358263,0
deserialize,1130,0
mult,357086,0
deserialize,1045,0
mult,359552,0
deserialize,991,0
mult,357936,0
deserialize,1011,0
mult,362776,0
deserialize,993,0
mult,357153,0
deserialize,881,0
mult,357683,0
deserialize,896,0
mult,360894,0
deserialize,933,0
mult,377807,0
deserialize,1113,0
mult,359318,0
deserialize,950,0
mult,364761,0
deserialize,893,0
mult,358375,0
deserialize,980,0
mult,363523,0
deserialize,907,0
mult,364888,0
deserialize,977,0
mult,361801,0
deserialize,921,0
mult,365825,0
deserialize,878,0
mult,360526,0
deserialize,1000,0
mult,365625,0
deserialize,888,0
mult,357002,0
deserialize,862,0
mult,365636,0
deserialize,1128,0
mult,356125,0
deserialize,969,0
mult,356584,0
deserialize,846,0
mult,356078,0
deserialize,878,0
mult,356393,0
deserialize,873,0
mult,356398,0
deserialize,876,0
mult,357724,0
deserialize,927,0
mult,358351,0
deserialize,858,0
mult,359175,0
deserialize,884,0
mult,357598,0
deserialize,866,0
mult,362805,0
deserialize,1041,0
mult,363521,0
deserialize,990,0
mult,357686,0
deserialize,1052,0
mult,359511,0
deserialize,887,0
mult,358159,0
deserialize,980,0
mult,359544,0
deserialize,899,0
mult,365242,0
deserialize,990,0
mult,358863,0
deserialize,881,0
mult,363898,0
deserialize,985,0
mult,363988,0
deserialize,897,0
mult,363555,0
deserialize,1053,0
mult,365081,0
deserialize,853,0
mult,365722,0
deserialize,983,0
mult,366377,0
deserialize,1025,0
mult,357724,0
deserialize,967,0
mult,357229,0
deserialize,1085,0
mult,356358,0
deserialize,956,0
mult,356955,0
deserialize,840,0
mult,356286,0
deserialize,861,0
mult,356618,0
deserialize,872,0
mult,356960,0
deserialize,873,0
mult,357536,0
deserialize,827,0
mult,358753,0
deserialize,879,0
mult,359401,0
deserialize,856,0
mult,363093,0
deserialize,995,0
mult,362488,0
deserialize,910,0
mult,358085,0
deserialize,907,0
mult,358783,0
deserialize,880,0
mult,359109,0
deserialize,1058,0
mult,357914,0
deserialize,828,0
mult,361580,0
deserialize,891,0
mult,364340,0
deserialize,886,0
mult,359351,0
deserialize,894,0
mult,363088,0
deserialize,891,0
mult,363743,0
deserialize,975,0
mult,370341,0
deserialize,1281,0
mult,364954,0
deserialize,899,0
mult,359861,0
deserialize,959,0
mult,366398,0
deserialize,944,0
mult,359614,0
deserialize,923,0
mult,358409,0
deserialize,858,0
mult,356771,0
deserialize,1037,0
mult,356841,0
deserialize,1100,0
mult,356408,0
deserialize,968,0
mult,356540,0
deserialize,867,0
mult,356485,0
deserialize,897,0
mult,363427,0
deserialize,1010,0
mult,357320,0
deserialize,941,0
mult,358774,0
deserialize,987,0
mult,357897,0
deserialize,858,0
mult,361979,0
deserialize,989,0
mult,359359,0
deserialize,896,0
mult,359403,0
deserialize,895,0
mult,357384,0
deserialize,1097,0
mult,357696,0
deserialize,1248,0
mult,362121,0
deserialize,897,0
mult,363835,0
deserialize,851,0
mult,364579,0
deserialize,1019,0
mult,364211,0
deserialize,981,0
mult,362607,0
deserialize,1016,0
mult,365236,0
deserialize,1094,0
mult,364897,0
deserialize,1053,0
mult,359708,0
deserialize,930,0
mult,366231,0
deserialize,866,0
mult,359638,0
deserialize,922,0
mult,359081,0
deserialize,1247,0
mult,357134,0
deserialize,940,0
mult,357090,0
deserialize,868,0
mult,362323,0
deserialize,1012,0
mult,357037,0
deserialize,909,0
mult,356552,0
deserialize,1070,0
mult,357149,0
deserialize,857,0
mult,357113,0
deserialize,940,0
mult,358467,0
deserialize,852,0
mult,357429,0
deserialize,940,0
mult,361290,0
deserialize,847,0
mult,358784,0
deserialize,983,0
mult,360616,0
deserialize,872,0
mult,357280,0
deserialize,942,0
mult,363629,0
deserialize,1033,0
mult,361420,0
deserialize,980,0
mult,362279,0
deserialize,861,0
mult,359103,0
deserialize,899,0
mult,363754,0
deserialize,900,0
mult,361060,0
deserialize,932,0
mult,366088,0
deserialize,896,0
mult,366212,0
deserialize,1017,0
mult,359610,0
deserialize,1419,0
mult,365850,0
gemm,9.16881e+08,0
wait_all,7.12194e+08,0
deserialize,3052,0
mult,369481,0
deserialize,1026,0
mult,370862,0
deserialize,977,0
mult,360390,0
deserialize,956,0
mult,366646,0
deserialize,882,0
mult,359425,0
deserialize,864,0
mult,358776,0
deserialize,852,0
mult,358057,0
deserialize,942,0
mult,358118,0
deserialize,867,0
mult,357741,0
deserialize,897,0
mult,357972,0
deserialize,1047,0
mult,357789,0
deserialize,993,0
mult,358494,0
deserialize,839,0
mult,365062,0
deserialize,1040,0
mult,359634,0
deserialize,874,0
mult,358916,0
deserialize,893,0
mult,362278,0
deserialize,874,0
mult,360723,0
deserialize,916,0
mult,361037,0
deserialize,834,0
mult,358413,0
deserialize,910,0
mult,358715,0
deserialize,866,0
mult,363895,0
deserialize,923,0
mult,364393,0
deserialize,872,0
mult,360810,0
deserialize,848,0
mult,371447,0
deserialize,973,0
mult,362297,0
deserialize,889,0
mult,366637,0
deserialize,890,0
mult,367179,0
deserialize,913,0
mult,361360,0
deserialize,971,0
mult,368015,0
deserialize,915,0
mult,360678,0
deserialize,979,0
mult,360327,0
deserialize,885,0
mult,358041,0
deserialize,964,0
mult,358241,0
deserialize,898,0
mult,358015,0
deserialize,957,0
mult,363775,0
deserialize,1010,0
mult,357410,0
deserialize,956,0
mult,358020,0
deserialize,950,0
mult,358026,0
deserialize,841,0
mult,361231,0
deserialize,929,0
mult,358398,0
deserialize,929,0
mult,362670,0
deserialize,1216,0
mult,361155,0
deserialize,808,0
mult,361670,0
deserialize,950,0
mult,358511,0
deserialize,903,0
mult,358443,0
deserialize,875,0
mult,369475,0
deserialize,1276,0
mult,361383,0
deserialize,878,0
mult,359803,0
deserialize,907,0
mult,366235,0
deserialize,966,0
mult,362228,0
deserialize,901,0
mult,366304,0
deserialize,900,0
mult,367639,0
deserialize,967,0
mult,360501,0
deserialize,930,0
mult,366848,0
deserialize,893,0
mult,361886,0
deserialize,909,0
mult,361813,0
deserialize,901,0
mult,364357,0
deserialize,1014,0
mult,360130,0
deserialize,978,0
mult,1.6782e+06,0
deserialize,920,0
mult,1.7976e+06,0
deserialize,833,0
mult,1.63107e+06,0
deserialize,941,0
mult,1.28643e+06,0
deserialize,1090,0
mult,359579,0
deserialize,1251,0
mult,360662,0
deserialize,920,0
mult,358249,0
deserialize,977,0
mult,365841,0
deserialize,1036,0
mult,360256,0
deserialize,854,0
mult,358151,0
deserialize,896,0
mult,363509,0
deserialize,1190,0
mult,358471,0
deserialize,865,0
mult,359009,0
deserialize,903,0
mult,359879,0
deserialize,974,0
mult,358805,0
deserialize,979,0
mult,361086,0
deserialize,902,0
mult,365423,0
deserialize,881,0
mult,358960,0
deserialize,907,0
mult,375909,0
deserialize,1077,0
mult,364451,0
deserialize,1005,0
mult,363998,0
deserialize,965,0
mult,365237,0
deserialize,1129,0
mult,361496,0
deserialize,867,0
mult,366569,0
deserialize,896,0
mult,358356,0
deserialize,861,0
mult,358181,0
deserialize,1127,0
mult,357728,0
deserialize,1098,0
mult,357255,0
deserialize,986,0
mult,356901,0
deserialize,1040,0
mult,363744,0
deserialize,1171,0
mult,356701,0
deserialize,978,0
mult,358328,0
deserialize,887,0
mult,359282,0
deserialize,917,0
mult,360533,0
deserialize,883,0
mult,359080,0
deserialize,944,0
mult,363248,0
deserialize,886,0
mult,359293,0
deserialize,932,0
mult,359394,0
deserialize,851,0
mult,359851,0
deserialize,974,0
mult,358451,0
deserialize,910,0
mult,368166,0
deserialize,1388,0
mult,364239,0
deserialize,923,0
mult,359497,0
deserialize,989,0
mult,364421,0
deserialize,893,0
mult,363709,0
deserialize,968,0
mult,365085,0
deserialize,927,0
mult,365899,0
deserialize,944,0
mult,360413,0
deserialize,904,0
mult,367933,0
deserialize,896,0
mult,359322,0
deserialize,1088,0
mult,358376,0
deserialize,874,0
mult,363708,0
deserialize,1046,0
mult,356863,0
deserialize,900,0
mult,357432,0
deserialize,1126,0
mult,357501,0
deserialize,976,0
mult,357347,0
deserialize,1045,0
mult,357684,0
deserialize,1003,0
mult,358543,0
deserialize,884,0
mult,359341,0
deserialize,17347,0
mult,384918,0
deserialize,1150,0
mult,394549,0
deserialize,915,0
mult,399483,0
deserialize,1063,0
mult,393282,0
deserialize,1185,0
mult,393290,0
deserialize,958,0
mult,394510,0
deserialize,883,0
mult,393497,0
deserialize,927,0
mult,394034,0
deserialize,893,0
mult,394118,0
deserialize,886,0
mult,394301,0
deserialize,957,0
mult,397915,0
deserialize,875,0
mult,397255,0
deserialize,929,0
mult,411320,0
deserialize,1100,0
mult,398521,0
deserialize,964,0
mult,400018,0
deserialize,892,0
mult,409081,0
deserialize,912,0
mult,403163,0
deserialize,978,0
mult,404483,0
deserialize,888,0
mult,395966,0
deserialize,913,0
mult,394584,0
deserialize,904,0
mult,393483,0
deserialize,902,0
mult,392290,0
deserialize,888,0
mult,398150,0
deserialize,1183,0
mult,391533,0
deserialize,988,0
mult,392141,0
deserialize,954,0
mult,392681,0
deserialize,896,0
mult,392601,0
deserialize,875,0
mult,392846,0
deserialize,968,0
mult,393553,0
deserialize,907,0
mult,393562,0
deserialize,874,0
mult,394087,0
deserialize,877,0
mult,394378,0
deserialize,840,0
mult,394925,0
deserialize,1483,0
mult,400378,0
deserialize,993,0
mult,394367,0
deserialize,902,0
mult,395740,0
deserialize,923,0
mult,396217,0
deserialize,947,0
mult,404702,0
deserialize,884,0
mult,398017,0
deserialize,897,0
mult,399373,0
deserialize,880,0
mult,408560,0
deserialize,977,0
mult,403086,0
deserialize,884,0
mult,412733,0
deserialize,1156,0
mult,396715,0
deserialize,890,0
mult,394852,0
deserialize,1036,0
mult,392763,0
deserialize,885,0
mult,393315,0
deserialize,953,0
mult,392492,0
deserialize,915,0
mult,392620,0
deserialize,1002,0
mult,392348,0
deserialize,866,0
mult,393217,0
deserialize,893,0
mult,392631,0
deserialize,878,0
mult,392634,0
deserialize,919,0
mult,399113,0
deserialize,1005,0
mult,391677,0
deserialize,929,0
mult,394329,0
deserialize,903,0
mult,394254,0
deserialize,931,0
mult,394018,0
deserialize,857,0
mult,394000,0
deserialize,907,0
mult,394931,0
deserialize,875,0
mult,394044,0
deserialize,927,0
mult,394793,0
deserialize,880,0
mult,404682,0
deserialize,1517,0
mult,405419,0
deserialize,1004,0
mult,399533,0
deserialize,1010,0
mult,407464,0
deserialize,866,0
mult,403580,0
deserialize,954,0
mult,407981,0
deserialize,885,0
mult,398093,0
deserialize,897,0
mult,396109,0
deserialize,956,0
mult,393464,0
deserialize,902,0
mult,393188,0
deserialize,950,0
mult,393163,0
deserialize,909,0
mult,399076,0
deserialize,1060,0
mult,392291,0
deserialize,933,0
mult,392714,0
deserialize,981,0
mult,392389,0
deserialize,930,0
mult,392807,0
deserialize,1171,0
mult,393047,0
deserialize,892,0
mult,393157,0
deserialize,970,0
mult,394739,0
deserialize,919,0
mult,394131,0
deserialize,980,0
mult,395006,0
deserialize,900,0
mult,400150,0
deserialize,975,0
mult,394671,0
deserialize,1230,0
mult,393001,0
deserialize,893,0
mult,394344,0
deserialize,924,0
mult,403605,0
deserialize,887,0
mult,399480,0
deserialize,984,0
mult,401553,0
deserialize,887,0
mult,405937,0
deserialize,878,0
mult,403799,0
deserialize,941,0
mult,409304,0
deserialize,991,0
mult,405418,0
deserialize,975,0
mult,397266,0
deserialize,913,0
mult,393338,0
deserialize,829,0
mult,393101,0
deserialize,885,0
mult,392920,0
deserialize,908,0
mult,392096,0
deserialize,997,0
mult,392606,0
deserialize,849,0
mult,392483,0
deserialize,893,0
mult,392702,0
deserialize,857,0
mult,392814,0
deserialize,1256,0
mult,398802,0
deserialize,1023,0
mult,392113,0
deserialize,1033,0
mult,393378,0
deserialize,834,0
mult,393769,0
deserialize,1007,0
mult,395090,0
deserialize,889,0
mult,393354,0
deserialize,1016,0
mult,396015,0
deserialize,896,0
mult,393390,0
deserialize,1009,0
mult,394478,0
deserialize,1048,0
mult,402386,0
deserialize,966,0
mult,406361,0
deserialize,1172,0
mult,403188,0
deserialize,1196,0
mult,404508,0
deserialize,953,0
mult,403599,0
deserialize,1217,0
mult,409355,0
deserialize,900,0
mult,400089,0
deserialize,899,0
mult,398723,0
deserialize,896,0
mult,393961,0
deserialize,1024,0
mult,393297,0
deserialize,846,0
mult,392722,0
deserialize,897,0
mult,398831,0
deserialize,969,0
mult,392191,0
deserialize,980,0
mult,391624,0
deserialize,888,0
mult,391898,0
deserialize,907,0
mult,392519,0
deserialize,858,0
mult,392014,0
deserialize,1142,0
mult,392964,0
deserialize,866,0
mult,393097,0
deserialize,991,0
mult,393070,0
deserialize,823,0
mult,395150,0
deserialize,1014,0
mult,399942,0
deserialize,978,0
mult,394364,0
deserialize,962,0
mult,394194,0
deserialize,917,0
mult,394568,0
deserialize,984,0
mult,400914,0
deserialize,1123,0
mult,398681,0
deserialize,898,0
mult,404518,0
deserialize,934,0
mult,403156,0
deserialize,981,0
mult,402287,0
deserialize,1258,0
mult,409478,0
deserialize,903,0
mult,406947,0
deserialize,1064,0
mult,400720,0
deserialize,988,0
mult,393784,0
deserialize,968,0
mult,393610,0
deserialize,1157,0
mult,393021,0
deserialize,930,0
mult,393034,0
deserialize,891,0
mult,392959,0
deserialize,923,0
mult,392377,0
deserialize,872,0
mult,392454,0
deserialize,891,0
mult,392164,0
deserialize,911,0
mult,398616,0
deserialize,1037,0
mult,392004,0
deserialize,1069,0
mult,393438,0
deserialize,860,0
mult,393011,0
deserialize,890,0
mult,394499,0
deserialize,966,0
mult,393368,0
deserialize,908,0
mult,394346,0
deserialize,881,0
mult,393247,0
deserialize,939,0
mult,395201,0
deserialize,903,0
mult,399298,0
deserialize,982,0
mult,403497,0
deserialize,1167,0
mult,405028,0
deserialize,1013,0
mult,399774,0
deserialize,917,0
mult,401070,0
deserialize,919,0
mult,409905,0
deserialize,841,0
mult,402014,0
deserialize,883,0
mult,402379,0
deserialize,877,0
mult,394378,0
deserialize,963,0
mult,393806,0
deserialize,863,0
mult,392991,0
deserialize,902,0
mult,398707,0
deserialize,1227,0
mult,391826,0
deserialize,988,0
mult,391982,0
deserialize,878,0
mult,392131,0
deserialize,968,0
mult,391864,0
deserialize,864,0
mult,392821,0
deserialize,1023,0
mult,391715,0
deserialize,863,0
mult,392466,0
deserialize,997,0
mult,392689,0
deserialize,833,0
mult,393583,0
deserialize,992,0
mult,399487,0
deserialize,988,0
mult,393644,0
deserialize,1038,0
mult,392954,0
deserialize,915,0
mult,394145,0
deserialize,1150,0
mult,396477,0
deserialize,891,0
mult,396511,0
deserialize,1103,0
mult,404940,0
deserialize,881,0
mult,397955,0
deserialize,930,0
mult,399817,0
deserialize,880,0
mult,409042,0
deserialize,1003,0
mult,407995,0
deserialize,1136,0
mult,403936,0
deserialize,1004,0
mult,395063,0
deserialize,884,0
mult,393999,0
deserialize,966,0
mult,392597,0
deserialize,861,0
mult,392388,0
deserialize,900,0
mult,391902,0
deserialize,965,0
mult,392568,0
deserialize,890,0
mult,391279,0
deserialize,887,0
mult,392789,0
deserialize,865,0
mult,406268,0
deserialize,1081,0
mult,392014,0
deserialize,984,0
mult,392383,0
deserialize,890,0
mult,392358,0
deserialize,850,0
mult,393303,0
deserialize,896,0
mult,393730,0
deserialize,988,0
mult,393688,0
deserialize,956,0
mult,393698,0
deserialize,914,0
mult,394685,0
deserialize,963,0
mult,395451,0
deserialize,987,0
mult,403745,0
deserialize,1084,0
mult,404931,0
deserialize,994,0
mult,397219,0
deserialize,943,0
mult,398605,0
deserialize,1084,0
mult,407660,0
deserialize,922,0
mult,403141,0
deserialize,913,0
mult,405491,0
deserialize,892,0
mult,396039,0
deserialize,887,0
mult,394318,0
deserialize,821,0
mult,393345,0
deserialize,878,0
mult,398421,0
deserialize,993,0
mult,391697,0
deserialize,983,0
mult,391520,0
deserialize,988,0
mult,391968,0
deserialize,958,0
mult,391554,0
deserialize,1004,0
mult,391991,0
deserialize,904,0
mult,391427,0
deserialize,858,0
mult,392491,0
deserialize,939,0
mult,392261,0
deserialize,873,0
mult,393688,0
deserialize,905,0
mult,399270,0
deserialize,1000,0
mult,394470,0
deserialize,1000,0
mult,392921,0
deserialize,855,0
mult,394346,0
deserialize,1150,0
mult,392875,0
deserialize,864,0
mult,394171,0
deserialize,884,0
mult,404333,0
deserialize,874,0
mult,397973,0
deserialize,979,0
mult,399637,0
deserialize,890,0
mult,407091,0
deserialize,945,0
mult,409465,0
deserialize,1263,0
mult,407487,0
deserialize,1089,0
mult,397438,0
deserialize,901,0
mult,394923,0
deserialize,950,0
mult,392730,0
deserialize,939,0
mult,391895,0
deserialize,945,0
mult,392570,0
deserialize,868,0
mult,392074,0
deserialize,896,0
mult,391611,0
deserialize,880,0
mult,392051,0
deserialize,898,0
mult,398008,0
deserialize,990,0
mult,391739,0
deserialize,982,0
mult,392167,0
deserialize,871,0
mult,391936,0
deserialize,977,0
mult,392902,0
deserialize,844,0
mult,393028,0
deserialize,1347,0
mult,394253,0
deserialize,874,0
mult,393539,0
deserialize,995,0
mult,394209,0
deserialize,902,0
mult,392494,0
deserialize,895,0
mult,393923,0
deserialize,876,0
mult,409780,0
deserialize,1357,0
mult,398794,0
deserialize,924,0
mult,401530,0
deserialize,918,0
mult,405013,0
deserialize,833,0
mult,402902,0
deserialize,921,0
mult,408779,0
deserialize,847,0
mult,398263,0
deserialize,1032,0
mult,396879,0
deserialize,926,0
mult,393223,0
deserialize,922,0
mult,392052,0
deserialize,900,0
mult,397729,0
deserialize,1110,0
mult,391804,0
deserialize,954,0
mult,391688,0
deserialize,887,0
mult,391827,0
deserialize,918,0
mult,391739,0
deserialize,1134,0
mult,392238,0
deserialize,963,0
mult,392272,0
deserialize,1274,0
mult,392301,0
deserialize,971,0
mult,393248,0
deserialize,911,0
mult,393037,0
deserialize,866,0
mult,400189,0
deserialize,976,0
mult,392915,0
deserialize,889,0
mult,393763,0
deserialize,923,0
mult,392326,0
deserialize,913,0
mult,393222,0
deserialize,903,0
mult,402658,0
deserialize,907,0
mult,398823,0
deserialize,1001,0
mult,402926,0
deserialize,921,0
mult,403508,0
deserialize,1003,0
mult,403347,0
deserialize,998,0
mult,416105,0
deserialize,1034,0
mult,399358,0
deserialize,891,0
mult,398724,0
deserialize,1014,0
mult,393627,0
deserialize,869,0
mult,392951,0
deserialize,1142,0
mult,391807,0
deserialize,869,0
mult,392042,0
deserialize,1064,0
mult,392047,0
deserialize,883,0
mult,392283,0
deserialize,935,0
mult,392272,0
deserialize,858,0
mult,397969,0
deserialize,1100,0
mult,391439,0
deserialize,1110,0
mult,392055,0
deserialize,977,0
mult,392976,0
deserialize,873,0
mult,393879,0
deserialize,979,0
mult,394892,0
deserialize,867,0
mult,393486,0
deserialize,984,0
mult,394111,0
deserialize,1003,0
mult,392778,0
deserialize,1034,0
mult,393695,0
deserialize,880,0
mult,405829,0
deserialize,1042,0
mult,398361,0
deserialize,925,0
mult,403898,0
deserialize,1021,0
mult,401557,0
deserialize,884,0
mult,402157,0
deserialize,931,0
mult,409525,0
deserialize,1140,0
mult,400720,0
deserialize,901,0
mult,399494,0
deserialize,1106,0
mult,393277,0
deserialize,969,0
mult,393345,0
deserialize,847,0
mult,398953,0
deserialize,1053,0
mult,392383,0
deserialize,927,0
mult,391657,0
deserialize,913,0
mult,392082,0
deserialize,1065,0
mult,392327,0
deserialize,900,0
mult,391527,0
deserialize,895,0
mult,392228,0
deserialize,878,0
mult,391770,0
deserialize,856,0
mult,393224,0
deserialize,1004,0
mult,392677,0
deserialize,889,0
mult,399591,0
deserialize,979,0
mult,393215,0
deserialize,920,0
mult,394521,0
deserialize,925,0
mult,392763,0
deserialize,930,0
mult,393358,0
deserialize,888,0
mult,398849,0
deserialize,958,0
mult,397790,0
deserialize,893,0
mult,404489,0
deserialize,995,0
mult,400551,0
deserialize,1202,0
mult,400554,0
deserialize,966,0
mult,415734,0
deserialize,1086,0
mult,401497,0
deserialize,954,0
mult,402047,0
deserialize,895,0
mult,394433,0
deserialize,940,0
mult,392557,0
deserialize,899,0
mult,392938,0
deserialize,983,0
mult,392687,0
deserialize,940,0
mult,391422,0
deserialize,853,0
mult,391857,0
deserialize,885,0
mult,391812,0
deserialize,893,0
mult,397526,0
deserialize,1105,0
mult,391899,0
deserialize,928,0
mult,392147,0
deserialize,907,0
mult,392794,0
deserialize,878,0
mult,392357,0
deserialize,898,0
mult,394137,0
deserialize,880,0
mult,393470,0
deserialize,996,0
mult,394791,0
deserialize,895,0
mult,393012,0
deserialize,1049,0
mult,393884,0
deserialize,946,0
mult,403468,0
deserialize,1213,0
mult,396569,0
deserialize,957,0
mult,404610,0
deserialize,909,0
mult,398007,0
deserialize,903,0
mult,399683,0
deserialize,888,0
mult,409348,0
deserialize,893,0
mult,402124,0
deserialize,1014,0
mult,403805,0
deserialize,975,0
mult,395383,0
deserialize,887,0
mult,393507,0
deserialize,856,0
mult,399621,0
deserialize,1263,0
mult,392355,0
deserialize,889,0
mult,392190,0
deserialize,1135,0
mult,391965,0
deserialize,860,0
mult,391956,0
deserialize,970,0
mult,392087,0
deserialize,889,0
mult,391764,0
deserialize,933,0
mult,392061,0
deserialize,999,0
mult,392424,0
deserialize,987,0
mult,392883,0
deserialize,851,0
mult,398928,0
deserialize,1060,0
mult,393842,0
deserialize,951,0
mult,393637,0
deserialize,1188,0
mult,393169,0
deserialize,906,0
mult,394064,0
deserialize,943,0
mult,395534,0
deserialize,899,0
mult,395130,0
deserialize,916,0
mult,404778,0
deserialize,914,0
mult,396942,0
deserialize,986,0
mult,398741,0
deserialize,890,0
mult,413078,0
gemm,9.29185e+08,0
wait_all,7.29538e+08,0
deserialize,2572,0
mult,408222,0
deserialize,1301,0
mult,400745,0
deserialize,827,0
mult,401774,0
deserialize,946,0
mult,416154,0
deserialize,1147,0
mult,402077,0
deserialize,899,0
mult,403035,0
deserialize,858,0
mult,395774,0
deserialize,931,0
mult,394298,0
deserialize,833,0
mult,393588,0
deserialize,889,0
mult,394317,0
deserialize,874,0
mult,393181,0
deserialize,917,0
mult,393070,0
deserialize,856,0
mult,393311,0
deserialize,890,0
mult,399322,0
deserialize,989,0
mult,392390,0
deserialize,873,0
mult,392399,0
deserialize,943,0
mult,393985,0
deserialize,900,0
mult,393937,0
deserialize,813,0
mult,394869,0
deserialize,1106,0
mult,393758,0
deserialize,853,0
mult,394805,0
deserialize,871,0
mult,394035,0
deserialize,797,0
mult,394517,0
deserialize,1030,0
mult,402974,0
deserialize,1026,0
mult,397281,0
deserialize,940,0
mult,405867,0
deserialize,918,0
mult,398692,0
deserialize,852,0
mult,400784,0
deserialize,1246,0
mult,410054,0
deserialize,868,0
mult,403353,0
deserialize,960,0
mult,404930,0
deserialize,829,0
mult,396239,0
deserialize,945,0
mult,395694,0
deserialize,879,0
mult,400238,0
deserialize,995,0
mult,393087,0
deserialize,863,0
mult,393067,0
deserialize,918,0
mult,392761,0
deserialize,873,0
mult,393094,0
deserialize,883,0
mult,392972,0
deserialize,1074,0
mult,393256,0
deserialize,904,0
mult,394094,0
deserialize,877,0
mult,393441,0
deserialize,866,0
mult,393036,0
deserialize,876,0
mult,400047,0
deserialize,986,0
mult,393411,0
deserialize,886,0
mult,395520,0
deserialize,853,0
mult,394105,0
deserialize,867,0
mult,395658,0
deserialize,961,0
mult,396814,0
deserialize,911,0
mult,396215,0
deserialize,928,0
mult,404843,0
deserialize,877,0
mult,397966,0
deserialize,870,0
mult,399053,0
deserialize,910,0
mult,415865,0
deserialize,999,0
mult,402825,0
deserialize,947,0
mult,406069,0
deserialize,897,0
mult,394010,0
deserialize,947,0
mult,393044,0
deserialize,968,0
mult,1.68624e+06,0
deserialize,899,0
mult,1.80049e+06,0
deserialize,928,0
mult,1.62074e+06,0
deserialize,859,0
mult,1.30055e+06,0
deserialize,1169,0
mult,402151,0
deserialize,1195,0
mult,394903,0
deserialize,934,0
mult,392274,0
deserialize,887,0
mult,391924,0
deserialize,906,0
mult,391624,0
deserialize,859,0
mult,392654,0
deserialize,886,0
mult,392235,0
deserialize,941,0
mult,392949,0
deserialize,892,0
mult,393735,0
deserialize,856,0
mult,401695,0
deserialize,1101,0
mult,392874,0
deserialize,974,0
mult,395354,0
deserialize,900,0
mult,393260,0
deserialize,890,0
mult,394433,0
deserialize,955,0
mult,401104,0
deserialize,931,0
mult,398571,0
deserialize,885,0
mult,403864,0
deserialize,894,0
mult,402351,0
deserialize,905,0
mult,402674,0
deserialize,865,0
mult,415564,0
deserialize,997,0
mult,400942,0
deserialize,914,0
mult,400730,0
deserialize,1000,0
mult,393511,0
deserialize,941,0
mult,393404,0
deserialize,871,0
mult,392690,0
deserialize,887,0
mult,393320,0
deserialize,1096,0
mult,392188,0
deserialize,1358,0
mult,392930,0
deserialize,891,0
mult,393074,0
deserialize,940,0
mult,397847,0
deserialize,973,0
mult,392165,0
deserialize,1048,0
mult,392593,0
deserialize,883,0
mult,393504,0
deserialize,952,0
mult,394362,0
deserialize,971,0
mult,394591,0
deserialize,1037,0
mult,393647,0
deserialize,869,0
mult,395232,0
deserialize,1088,0
mult,393122,0
deserialize,894,0
mult,394689,0
deserialize,978,0
mult,405662,0
deserialize,962,0
mult,397069,0
deserialize,1007,0
mult,404876,0
deserialize,1113,0
mult,400369,0
deserialize,878,0
mult,400713,0
deserialize,1087,0
mult,410387,0
deserialize,878,0
mult,402138,0
deserialize,886,0
mult,402553,0
deserialize,978,0
mult,394679,0
deserialize,865,0
mult,393022,0
deserialize,863,0
mult,402869,0
deserialize,1001,0
mult,391956,0
deserialize,1463,0
mult,392235,0
deserialize,864,0
mult,392643,0
deserialize,959,0
mult,392071,0
deserialize,897,0
mult,393250,0
deserialize,17134,0
mult,390321,0
deserialize,1047,0
mult,377634,0
deserialize,917,0
mult,380873,0
deserialize,864,0
mult,377779,0
deserialize,873,0
mult,388031,0
deserialize,1047,0
mult,375162,0
deserialize,952,0
mult,369838,0
deserialize,860,0
mult,371136,0
deserialize,871,0
mult,370870,0
deserialize,1130,0
mult,370069,0
deserialize,970,0
mult,371342,0
deserialize,862,0
mult,371451,0
deserialize,933,0
mult,370111,0
deserialize,872,0
mult,371173,0
deserialize,948,0
mult,369550,0
deserialize,888,0
mult,376702,0
deserialize,1038,0
mult,369908,0
deserialize,1027,0
mult,370641,0
deserialize,1087,0
mult,368350,0
deserialize,901,0
mult,369307,0
deserialize,895,0
mult,369776,0
deserialize,900,0
mult,369845,0
deserialize,929,0
mult,371837,0
deserialize,880,0
mult,377173,0
deserialize,873,0
mult,377897,0
deserialize,872,0
mult,388788,0
deserialize,1031,0
mult,376225,0
deserialize,975,0
mult,381427,0
deserialize,1059,0
mult,377859,0
deserialize,863,0
mult,375897,0
deserialize,880,0
mult,375946,0
deserialize,891,0
mult,370408,0
deserialize,1084,0
mult,372222,0
deserialize,1257,0
mult,371246,0
deserialize,855,0
mult,370843,0
deserialize,884,0
mult,371932,0
deserialize,843,0
mult,377780,0
deserialize,1076,0
mult,369344,0
deserialize,991,0
mult,371703,0
deserialize,898,0
mult,368764,0
deserialize,862,0
mult,371260,0
deserialize,1062,0
mult,369774,0
deserialize,894,0
mult,371231,0
deserialize,965,0
mult,369289,0
deserialize,900,0
mult,369792,0
deserialize,1012,0
mult,369834,0
deserialize,871,0
mult,369548,0
deserialize,939,0
mult,376793,0
deserialize,1003,0
mult,374764,0
deserialize,1024,0
mult,376721,0
deserialize,867,0
mult,382710,0
deserialize,878,0
mult,377615,0
deserialize,883,0
mult,382026,0
deserialize,947,0
mult,377420,0
deserialize,869,0
mult,376707,0
deserialize,887,0
mult,376456,0
deserialize,912,0
mult,370704,0
deserialize,1243,0
mult,378281,0
deserialize,985,0
mult,369752,0
deserialize,888,0
mult,369947,0
deserialize,1059,0
mult,372155,0
deserialize,894,0
mult,371851,0
deserialize,854,0
mult,370164,0
deserialize,947,0
mult,371574,0
deserialize,880,0
mult,370584,0
deserialize,1091,0
mult,370871,0
deserialize,891,0
mult,370588,0
deserialize,917,0
mult,371603,0
deserialize,895,0
mult,375880,0
deserialize,976,0
mult,369194,0
deserialize,992,0
mult,369101,0
deserialize,911,0
mult,369312,0
deserialize,893,0
mult,371594,0
deserialize,1229,0
mult,373896,0
deserialize,932,0
mult,375887,0
deserialize,875,0
mult,383503,0
deserialize,1433,0
mult,379272,0
deserialize,940,0
mult,382036,0
deserialize,1082,0
mult,376064,0
deserialize,870,0
mult,384261,0
deserialize,1372,0
mult,377624,0
deserialize,949,0
mult,371171,0
deserialize,960,0
mult,374878,0
deserialize,870,0
mult,371018,0
deserialize,881,0
mult,370273,0
deserialize,950,0
mult,372022,0
deserialize,873,0
mult,370141,0
deserialize,902,0
mult,370969,0
deserialize,892,0
mult,371792,0
deserialize,957,0
mult,381489,0
deserialize,948,0
mult,370054,0
deserialize,1122,0
mult,369277,0
deserialize,922,0
mult,371265,0
deserialize,860,0
mult,370163,0
deserialize,921,0
mult,369390,0
deserialize,860,0
mult,370097,0
deserialize,930,0
mult,369088,0
deserialize,864,0
mult,370650,0
deserialize,867,0
mult,372811,0
deserialize,943,0
mult,374404,0
deserialize,840,0
mult,387488,0
deserialize,1006,0
mult,378579,0
deserialize,885,0
mult,381612,0
deserialize,953,0
mult,375299,0
deserialize,866,0
mult,379533,0
deserialize,1034,0
mult,376319,0
deserialize,1088,0
mult,371765,0
deserialize,890,0
mult,374727,0
deserialize,932,0
mult,370378,0
deserialize,937,0
mult,369764,0
deserialize,853,0
mult,372085,0
deserialize,944,0
mult,376228,0
deserialize,980,0
mult,370414,0
deserialize,1037,0
mult,372331,0
deserialize,876,0
mult,370578,0
deserialize,970,0
mult,370398,0
deserialize,995,0
mult,369632,0
deserialize,994,0
mult,371008,0
deserialize,1035,0
mult,369597,0
deserialize,892,0
mult,369772,0
deserialize,877,0
mult,369879,0
deserialize,982,0
mult,375431,0
deserialize,1011,0
mult,369452,0
deserialize,917,0
mult,370870,0
deserialize,853,0
mult,373410,0
deserialize,897,0
mult,381419,0
deserialize,832,0
mult,379221,0
deserialize,880,0
mult,382364,0
deserialize,856,0
mult,375468,0
deserialize,843,0
mult,379854,0
deserialize,859,0
mult,377568,0
deserialize,939,0
mult,372655,0
deserialize,887,0
mult,381460,0
deserialize,1053,0
mult,368730,0
deserialize,1250,0
mult,369319,0
deserialize,848,0
mult,370945,0
deserialize,918,0
mult,369325,0
deserialize,1051,0
mult,370566,0
deserialize,870,0
mult,372310,0
deserialize,899,0
mult,370447,0
deserialize,908,0
mult,370541,0
deserialize,1603,0
mult,369146,0
deserialize,950,0
mult,371516,0
deserialize,876,0
mult,374075,0
deserialize,1047,0
mult,368583,0
deserialize,1211,0
mult,368645,0
deserialize,985,0
mult,369653,0
deserialize,945,0
mult,369087,0
deserialize,950,0
mult,370980,0
deserialize,866,0
mult,372584,0
deserialize,927,0
mult,380471,0
deserialize,853,0
mult,378870,0
deserialize,892,0
mult,382432,0
deserialize,876,0
mult,381612,0
deserialize,1000,0
mult,379941,0
deserialize,976,0
mult,377257,0
deserialize,849,0
mult,373149,0
deserialize,973,0
mult,375778,0
deserialize,881,0
mult,368588,0
deserialize,900,0
mult,369617,0
deserialize,924,0
mult,371400,0
deserialize,1216,0
mult,369482,0
deserialize,960,0
mult,370674,0
deserialize,930,0
mult,371021,0
deserialize,883,0
mult,375114,0
deserialize,1050,0
mult,368793,0
deserialize,1378,0
mult,369319,0
deserialize,905,0
mult,370901,0
deserialize,882,0
mult,369148,0
deserialize,928,0
mult,369224,0
deserialize,853,0
mult,369172,0
deserialize,934,0
mult,369861,0
deserialize,877,0
mult,369997,0
deserialize,895,0
mult,370423,0
deserialize,867,0
mult,371690,0
deserialize,936,0
mult,387417,0
deserialize,954,0
mult,377910,0
deserialize,1039,0
mult,382581,0
deserialize,887,0
mult,375732,0
deserialize,1008,0
mult,380890,0
deserialize,900,0
mult,376847,0
deserialize,972,0
mult,374008,0
deserialize,861,0
mult,375251,0
deserialize,925,0
mult,369410,0
deserialize,915,0
mult,370890,0
deserialize,900,0
mult,375934,0
deserialize,949,0
mult,370151,0
deserialize,959,0
mult,370263,0
deserialize,890,0
mult,371086,0
deserialize,890,0
mult,369311,0
deserialize,964,0
mult,371204,0
deserialize,1130,0
mult,368954,0
deserialize,834,0
mult,369787,0
deserialize,1218,0
mult,369344,0
deserialize,913,0
mult,369796,0
deserialize,954,0
mult,369428,0
deserialize,868,0
mult,374605,0
deserialize,1214,0
mult,368620,0
deserialize,923,0
mult,369248,0
deserialize,940,0
mult,370479,0
deserialize,868,0
mult,376976,0
deserialize,879,0
mult,377106,0
deserialize,862,0
mult,382928,0
deserialize,868,0
mult,376017,0
deserialize,867,0
mult,380788,0
deserialize,912,0
mult,376479,0
deserialize,1040,0
mult,374816,0
deserialize,850,0
mult,381851,0
deserialize,1010,0
mult,370025,0
deserialize,999,0
mult,371704,0
deserialize,943,0
mult,370603,0
deserialize,914,0
mult,369626,0
deserialize,1003,0
mult,370555,0
deserialize,868,0
mult,371075,0
deserialize,918,0
mult,369489,0
deserialize,922,0
mult,369681,0
deserialize,1020,0
mult,369049,0
deserialize,985,0
mult,375833,0
deserialize,1014,0
mult,368691,0
deserialize,956,0
mult,370760,0
deserialize,886,0
mult,368102,0
deserialize,905,0
mult,368545,0
deserialize,862,0
mult,368503,0
deserialize,857,0
mult,368537,0
deserialize,884,0
mult,369866,0
deserialize,812,0
mult,374672,0
deserialize,857,0
mult,376925,0
deserialize,1095,0
mult,382197,0
deserialize,1200,0
mult,382356,0
deserialize,1064,0
mult,381411,0
deserialize,909,0
mult,375818,0
deserialize,894,0
mult,376178,0
deserialize,900,0
mult,376098,0
deserialize,875,0
mult,370447,0
deserialize,864,0
mult,373246,0
deserialize,900,0
mult,370277,0
deserialize,870,0
mult,369544,0
deserialize,978,0
mult,371051,0
deserialize,905,0
mult,370977,0
deserialize,872,0
mult,376113,0
deserialize,1100,0
mult,370785,0
deserialize,1097,0
mult,369355,0
deserialize,871,0
mult,369344,0
deserialize,960,0
mult,368740,0
deserialize,899,0
mult,370235,0
deserialize,1049,0
mult,368586,0
deserialize,1142,0
mult,369010,0
deserialize,954,0
mult,368898,0
deserialize,1074,0
mult,368025,0
deserialize,926,0
mult,370134,0
deserialize,877,0
mult,379298,0
deserialize,1015,0
mult,375023,0
deserialize,914,0
mult,383031,0
deserialize,898,0
mult,377228,0
deserialize,963,0
mult,381188,0
deserialize,880,0
mult,375110,0
deserialize,896,0
mult,377295,0
deserialize,1392,0
mult,376312,0
deserialize,883,0
mult,369892,0
deserialize,974,0
mult,373322,0
deserialize,890,0
mult,389497,0
deserialize,1116,0
mult,369888,0
deserialize,930,0
mult,370934,0
deserialize,907,0
mult,370506,0
deserialize,920,0
mult,369992,0
deserialize,970,0
mult,371190,0
deserialize,891,0
mult,369097,0
deserialize,870,0
mult,369701,0
deserialize,1016,0
mult,368859,0
deserialize,895,0
mult,370251,0
deserialize,851,0
mult,368912,0
deserialize,859,0
mult,374850,0
deserialize,1011,0
mult,369188,0
deserialize,974,0
mult,369249,0
deserialize,948,0
mult,369648,0
deserialize,886,0
mult,371792,0
deserialize,943,0
mult,374257,0
deserialize,933,0
mult,383174,0
deserialize,961,0
mult,377715,0
deserialize,880,0
mult,380522,0
deserialize,938,0
mult,374393,0
deserialize,879,0
mult,384637,0
deserialize,1082,0
mult,376533,0
deserialize,987,0
mult,370688,0
deserialize,852,0
mult,374234,0
deserialize,886,0
mult,369077,0
deserialize,998,0
mult,368765,0
deserialize,869,0
mult,370948,0
deserialize,898,0
mult,369194,0
deserialize,913,0
mult,369908,0
deserialize,880,0
mult,371836,0
deserialize,950,0
mult,369354,0
deserialize,949,0
mult,375539,0
deserialize,1013,0
mult,368368,0
deserialize,1004,0
mult,369672,0
deserialize,879,0
mult,368550,0
deserialize,910,0
mult,369574,0
deserialize,915,0
mult,369092,0
deserialize,884,0
mult,369412,0
deserialize,861,0
mult,369468,0
deserialize,875,0
mult,370801,0
deserialize,871,0
mult,373402,0
deserialize,889,0
mult,381415,0
deserialize,913,0
mult,384082,0
deserialize,1002,0
mult,382183,0
deserialize,1017,0
mult,374222,0
deserialize,888,0
mult,378887,0
deserialize,930,0
mult,377264,0
deserialize,976,0
mult,371202,0
deserialize,954,0
mult,375013,0
deserialize,967,0
mult,368154,0
deserialize,960,0
mult,368931,0
deserialize,868,0
mult,370025,0
deserialize,974,0
mult,369519,0
deserialize,871,0
mult,375290,0
deserialize,1027,0
mult,371263,0
deserialize,916,0
mult,369054,0
deserialize,1044,0
mult,369559,0
deserialize,813,0
mult,369038,0
deserialize,915,0
mult,369436,0
deserialize,882,0
mult,368857,0
deserialize,870,0
mult,368850,0
deserialize,849,0
mult,368992,0
deserialize,958,0
mult,368817,0
deserialize,863,0
mult,375185,0
deserialize,1026,0
mult,370871,0
deserialize,896,0
mult,371392,0
deserialize,857,0
mult,379924,0
deserialize,1119,0
mult,378227,0
deserialize,870,0
mult,382311,0
deserialize,1142,0
mult,374124,0
deserialize,862,0
mult,380099,0
deserialize,1011,0
mult,376721,0
deserialize,895,0
mult,373003,0
deserialize,872,0
mult,375027,0
deserialize,897,0
mult,376391,0
deserialize,1014,0
mult,369053,0
deserialize,987,0
mult,369793,0
deserialize,934,0
mult,369624,0
deserialize,1142,0
mult,370126,0
deserialize,884,0
mult,371517,0
deserialize,884,0
mult,369263,0
deserialize,1050,0
mult,370760,0
deserialize,874,0
mult,368128,0
deserialize,940,0
mult,370180,0
deserialize,967,0
mult,369094,0
deserialize,913,0
mult,495733,0
deserialize,992,0
mult,369523,0
deserialize,980,0
mult,369793,0
deserialize,956,0
mult,368402,0
deserialize,966,0
mult,369610,0
deserialize,912,0
mult,371776,0
deserialize,903,0
mult,378087,0
deserialize,865,0
mult,376857,0
deserialize,870,0
mult,382182,0
deserialize,980,0
mult,375302,0
deserialize,854,0
mult,388219,0
deserialize,998,0
mult,376667,0
deserialize,954,0
mult,374378,0
deserialize,863,0
mult,374633,0
deserialize,926,0
mult,369089,0
deserialize,995,0
mult,369978,0
deserialize,1166,0
mult,370583,0
deserialize,888,0
mult,369372,0
deserialize,903,0
mult,370350,0
deserialize,890,0
mult,371104,0
deserialize,906,0
mult,369379,0
deserialize,878,0
mult,375903,0
deserialize,945,0
mult,368838,0
deserialize,1067,0
mult,370411,0
deserialize,864,0
mult,367945,0
deserialize,954,0
mult,369136,0
deserialize,899,0
mult,368974,0
deserialize,970,0
mult,369048,0
deserialize,845,0
mult,369311,0
deserialize,921,0
mult,368833,0
deserialize,881,0
mult,371243,0
deserialize,1050,0
mult,383010,0
deserialize,987,0
mult,376794,0
deserialize,961,0
mult,382105,0
deserialize,877,0
mult,375408,0
deserialize,981,0
mult,380276,0
deserialize,840,0
mult,376263,0
deserialize,976,0
mult,375050,0
deserialize,877,0
mult,375651,0
deserialize,931,0
mult,369392,0
deserialize,918,0
mult,370529,0
deserialize,960,0
mult,369381,0
deserialize,887,0
mult,375841,0
deserialize,1255,0
mult,369950,0
deserialize,906,0
mult,371114,0
deserialize,960,0
mult,369912,0
deserialize,930,0
mult,370861,0
deserialize,983,0
mult,368458,0
deserialize,889,0
mult,369660,0
gemm,9.00188e+08,0
wait_all,7.08077e+08,0
deserialize,2357,0
mult,373557,0
deserialize,1272,0
mult,371006,0
deserialize,901,0
mult,369890,0
deserialize,965,0
mult,371647,0
deserialize,875,0
mult,371681,0
deserialize,891,0
mult,371284,0
deserialize,903,0
mult,370428,0
deserialize,943,0
mult,376066,0
deserialize,989,0
mult,370068,0
deserialize,939,0
mult,370043,0
deserialize,1038,0
mult,372722,0
deserialize,1060,0
mult,379010,0
deserialize,838,0
mult,379017,0
deserialize,928,0
mult,383114,0
deserialize,800,0
mult,376542,0
deserialize,872,0
mult,381262,0
deserialize,875,0
mult,378453,0
deserialize,902,0
mult,381064,0
deserialize,1028,0
mult,376002,0
deserialize,1013,0
mult,369967,0
deserialize,865,0
mult,371509,0
deserialize,1073,0
mult,371078,0
deserialize,883,0
mult,371998,0
deserialize,874,0
mult,372597,0
deserialize,867,0
mult,372734,0
deserialize,868,0
mult,370737,0
deserialize,908,0
mult,371101,0
deserialize,955,0
mult,369982,0
deserialize,1077,0
mult,377383,0
deserialize,1029,0
mult,369550,0
deserialize,988,0
mult,371874,0
deserialize,892,0
mult,370067,0
deserialize,1005,0
mult,370061,0
deserialize,903,0
mult,369335,0
deserialize,961,0
mult,370230,0
deserialize,828,0
mult,372132,0
deserialize,1055,0
mult,377171,0
deserialize,925,0
mult,378804,0
deserialize,846,0
mult,383367,0
deserialize,967,0
mult,383667,0
deserialize,1094,0
mult,382454,0
deserialize,908,0
mult,376872,0
deserialize,783,0
mult,376211,0
deserialize,872,0
mult,376264,0
deserialize,930,0
mult,371159,0
deserialize,881,0
mult,373451,0
deserialize,901,0
mult,370739,0
deserialize,956,0
mult,370764,0
deserialize,991,0
mult,372200,0
deserialize,902,0
mult,378464,0
deserialize,1053,0
mult,369771,0
deserialize,1040,0
mult,371527,0
deserialize,941,0
mult,369919,0
deserialize,1005,0
mult,370786,0
deserialize,857,0
mult,369484,0
deserialize,910,0
mult,372500,0
deserialize,936,0
mult,369641,0
deserialize,938,0
mult,370423,0
deserialize,1003,0
mult,1.69313e+06,0
deserialize,1017,0
mult,1.79961e+06,0
deserialize,845,0
mult,1.63971e+06,0
deserialize,964,0
mult,1.29802e+06,0
deserialize,1170,0
mult,369534,0
deserialize,994,0
mult,369029,0
deserialize,1051,0
mult,381489,0
deserialize,978,0
mult,378646,0
deserialize,1103,0
mult,381652,0
deserialize,1297,0
mult,374937,0
deserialize,888,0
mult,467743,0
deserialize,1090,0
mult,376567,0
deserialize,921,0
mult,371942,0
deserialize,1006,0
mult,374663,0
deserialize,989,0
mult,369705,0
deserialize,976,0
mult,369203,0
deserialize,940,0
mult,371091,0
deserialize,912,0
mult,369860,0
deserialize,931,0
mult,370321,0
deserialize,900,0
mult,372170,0
deserialize,1008,0
mult,369019,0
deserialize,942,0
mult,377552,0
deserialize,1122,0
mult,369297,0
deserialize,1023,0
mult,370148,0
deserialize,897,0
mult,368958,0
deserialize,978,0
mult,369668,0
deserialize,891,0
mult,370071,0
deserialize,873,0
mult,369685,0
deserialize,1120,0
mult,369343,0
deserialize,918,0
mult,371761,0
deserialize,1033,0
mult,373198,0
deserialize,964,0
mult,387660,0
deserialize,1027,0
mult,378390,0
deserialize,1128,0
mult,381796,0
deserialize,860,0
mult,375234,0
deserialize,954,0
mult,381069,0
deserialize,898,0
mult,377699,0
deserialize,1021,0
mult,374057,0
deserialize,896,0
mult,375873,0
deserialize,980,0
mult,369170,0
deserialize,973,0
mult,370427,0
deserialize,1318,0
mult,370732,0
deserialize,871,0
mult,376522,0
deserialize,1090,0
mult,370345,0
deserialize,1144,0
mult,371258,0
deserialize,1038,0
mult,369661,0
deserialize,880,0
mult,371328,0
deserialize,906,0
mult,368893,0
deserialize,903,0
mult,370214,0
deserialize,966,0
mult,369713,0
deserialize,885,0
mult,370131,0
deserialize,954,0
mult,370070,0
deserialize,1023,0
mult,368988,0
deserialize,1044,0
mult,375357,0
deserialize,1134,0
mult,369906,0
deserialize,1045,0
mult,371590,0
deserialize,930,0
mult,378847,0
deserialize,971,0
mult,378361,0
deserialize,1011,0
mult,382983,0
deserialize,15160,0
mult,386282,0
deserialize,1011,0
mult,360080,0
deserialize,1271,0
mult,362170,0
deserialize,985,0
mult,359384,0
deserialize,966,0
mult,366303,0
deserialize,1118,0
mult,357455,0
deserialize,1042,0
mult,358297,0
deserialize,954,0
mult,361984,0
deserialize,1227,0
mult,364064,0
deserialize,950,0
mult,359081,0
deserialize,1044,0
mult,364528,0
deserialize,1076,0
mult,362821,0
deserialize,1023,0
mult,367253,0
deserialize,1061,0
mult,366701,0
deserialize,959,0
mult,360873,0
deserialize,929,0
mult,373975,0
deserialize,1220,0
mult,360963,0
deserialize,1059,0
mult,359381,0
deserialize,918,0
mult,357075,0
deserialize,922,0
mult,357727,0
deserialize,885,0
mult,357853,0
deserialize,895,0
mult,357270,0
deserialize,902,0
mult,357538,0
deserialize,955,0
mult,357518,0
deserialize,909,0
mult,358339,0
deserialize,1420,0
mult,359664,0
deserialize,884,0
mult,364098,0
deserialize,1085,0
mult,361948,0
deserialize,982,0
mult,359526,0
deserialize,880,0
mult,361169,0
deserialize,893,0
mult,358464,0
deserialize,975,0
mult,358489,0
deserialize,1210,0
mult,363546,0
deserialize,896,0
mult,361999,0
deserialize,861,0
mult,359945,0
deserialize,990,0
mult,365149,0
deserialize,928,0
mult,361260,0
deserialize,949,0
mult,375964,0
deserialize,1123,0
mult,366011,0
deserialize,1113,0
mult,359114,0
deserialize,1080,0
mult,367214,0
deserialize,1235,0
mult,361082,0
deserialize,904,0
mult,361334,0
deserialize,938,0
mult,357534,0
deserialize,936,0
mult,357936,0
deserialize,1027,0
mult,357157,0
deserialize,934,0
mult,357804,0
deserialize,1005,0
mult,357199,0
deserialize,897,0
mult,364378,0
deserialize,1185,0
mult,357619,0
deserialize,963,0
mult,359401,0
deserialize,911,0
mult,358912,0
deserialize,874,0
mult,361969,0
deserialize,900,0
mult,359221,0
deserialize,869,0
mult,362778,0
deserialize,918,0
mult,357405,0
deserialize,935,0
mult,357904,0
deserialize,976,0
mult,362845,0
deserialize,852,0
mult,361239,0
deserialize,957,0
mult,365563,0
deserialize,1010,0
mult,364846,0
deserialize,1312,0
mult,359751,0
deserialize,863,0
mult,365711,0
deserialize,923,0
mult,366647,0
deserialize,954,0
mult,359762,0
deserialize,1000,0
mult,367027,0
deserialize,919,0
mult,361495,0
deserialize,911,0
mult,362047,0
deserialize,857,0
mult,358310,0
deserialize,955,0
mult,357765,0
deserialize,1049,0
mult,363122,0
deserialize,1028,0
mult,357218,0
deserialize,971,0
mult,357051,0
deserialize,981,0
mult,357314,0
deserialize,952,0
mult,357563,0
deserialize,900,0
mult,359149,0
deserialize,1074,0
mult,357886,0
deserialize,1060,0
mult,360706,0
deserialize,1091,0
mult,359091,0
deserialize,938,0
mult,362938,0
deserialize,955,0
mult,357950,0
deserialize,973,0
mult,363250,0
deserialize,1251,0
mult,360144,0
deserialize,966,0
mult,359734,0
deserialize,894,0
mult,359277,0
deserialize,909,0
mult,365823,0
deserialize,1051,0
mult,359866,0
deserialize,980,0
mult,365796,0
deserialize,936,0
mult,366281,0
deserialize,1041,0
mult,360969,0
deserialize,966,0
mult,366879,0
deserialize,952,0
mult,362577,0
deserialize,1168,0
mult,371312,0
deserialize,1293,0
mult,357113,0
deserialize,1055,0
mult,357532,0
deserialize,952,0
mult,357256,0
deserialize,1013,0
mult,357138,0
deserialize,1223,0
mult,357465,0
deserialize,941,0
mult,357368,0
deserialize,1316,0
mult,357270,0
deserialize,906,0
mult,358701,0
deserialize,1038,0
mult,359212,0
deserialize,960,0
mult,360470,0
deserialize,1009,0
mult,358844,0
deserialize,912,0
mult,368746,0
deserialize,1247,0
mult,357543,0
deserialize,980,0
mult,357576,0
deserialize,1008,0
mult,361363,0
deserialize,950,0
mult,359215,0
deserialize,1115,0
mult,360296,0
deserialize,1015,0
mult,365554,0
deserialize,1128,0
mult,359036,0
deserialize,900,0
mult,365216,0
deserialize,1120,0
mult,365724,0
deserialize,980,0
mult,362575,0
deserialize,1094,0
mult,372076,0
deserialize,1032,0
mult,361167,0
deserialize,1162,0
mult,366026,0
deserialize,893,0
mult,357749,0
deserialize,1051,0
mult,357940,0
deserialize,1001,0
mult,357347,0
deserialize,1035,0
mult,357376,0
deserialize,1187,0
mult,357220,0
deserialize,1394,0
mult,357016,0
deserialize,1248,0
mult,356919,0
deserialize,960,0
mult,358146,0
deserialize,889,0
mult,373652,0
deserialize,1144,0
mult,359768,0
deserialize,950,0
mult,358208,0
deserialize,1048,0
mult,363455,0
deserialize,966,0
mult,358036,0
deserialize,1072,0
mult,357848,0
deserialize,946,0
mult,359682,0
deserialize,1068,0
mult,359437,0
deserialize,856,0
mult,360845,0
deserialize,960,0
mult,365497,0
deserialize,880,0
mult,358577,0
deserialize,1038,0
mult,371008,0
deserialize,1097,0
mult,363314,0
deserialize,957,0
mult,363837,0
deserialize,969,0
mult,365786,0
deserialize,974,0
mult,361349,0
deserialize,1230,0
mult,365786,0
deserialize,986,0
mult,358310,0
deserialize,1034,0
mult,358205,0
deserialize,975,0
mult,356818,0
deserialize,975,0
mult,357753,0
deserialize,929,0
mult,357304,0
deserialize,1068,0
mult,363247,0
deserialize,1076,0
mult,357084,0
deserialize,1033,0
mult,357686,0
deserialize,904,0
mult,358609,0
deserialize,886,0
mult,360066,0
deserialize,1019,0
mult,357655,0
deserialize,938,0
mult,363502,0
deserialize,974,0
mult,358468,0
deserialize,910,0
mult,357669,0
deserialize,1170,0
mult,359197,0
deserialize,1015,0
mult,358480,0
deserialize,985,0
mult,367737,0
deserialize,970,0
mult,364307,0
deserialize,1190,0
mult,358737,0
deserialize,965,0
mult,364352,0
deserialize,962,0
mult,363183,0
deserialize,977,0
mult,364550,0
deserialize,1076,0
mult,366540,0
deserialize,857,0
mult,360342,0
deserialize,1093,0
mult,366385,0
deserialize,858,0
mult,359497,0
deserialize,986,0
mult,358402,0
deserialize,1009,0
mult,364035,0
deserialize,1089,0
mult,356854,0
deserialize,875,0
mult,356950,0
deserialize,1003,0
mult,356980,0
deserialize,909,0
mult,357108,0
deserialize,1109,0
mult,357319,0
deserialize,924,0
mult,358811,0
deserialize,1032,0
mult,359936,0
deserialize,921,0
mult,358202,0
deserialize,1115,0
mult,362067,0
deserialize,895,0
mult,358839,0
deserialize,1276,0
mult,365585,0
deserialize,1157,0
mult,358102,0
deserialize,1051,0
mult,357574,0
deserialize,947,0
mult,362091,0
deserialize,935,0
mult,363946,0
deserialize,962,0
mult,359296,0
deserialize,947,0
mult,363609,0
deserialize,874,0
mult,361690,0
deserialize,977,0
mult,366103,0
deserialize,1013,0
mult,365954,0
deserialize,877,0
mult,360356,0
deserialize,1176,0
mult,372476,0
deserialize,1550,0
mult,360563,0
deserialize,1000,0
mult,358994,0
deserialize,1116,0
mult,356997,0
deserialize,878,0
mult,356766,0
deserialize,1092,0
mult,356455,0
deserialize,900,0
mult,357139,0
deserialize,983,0
mult,357065,0
deserialize,916,0
mult,357332,0
deserialize,949,0
mult,357651,0
deserialize,872,0
mult,359091,0
deserialize,923,0
mult,363153,0
deserialize,1043,0
mult,360904,0
deserialize,1093,0
mult,358692,0
deserialize,934,0
mult,360745,0
deserialize,941,0
mult,357110,0
deserialize,966,0
mult,357035,0
deserialize,1089,0
mult,362195,0
deserialize,1016,0
mult,362316,0
deserialize,1214,0
mult,359633,0
deserialize,1089,0
mult,365071,0
deserialize,990,0
mult,360839,0
deserialize,1078,0
mult,372829,0
deserialize,1106,0
mult,366253,0
deserialize,1274,0
mult,359712,0
deserialize,1018,0
mult,365906,0
deserialize,914,0
mult,360186,0
deserialize,884,0
mult,360102,0
deserialize,943,0
mult,356605,0
deserialize,946,0
mult,356478,0
deserialize,979,0
mult,356525,0
deserialize,1368,0
mult,357091,0
deserialize,1218,0
mult,356377,0
deserialize,1235,0
mult,362162,0
deserialize,991,0
mult,357164,0
deserialize,1003,0
mult,359297,0
deserialize,1103,0
mult,356995,0
deserialize,897,0
mult,360169,0
deserialize,861,0
mult,358666,0
deserialize,973,0
mult,361261,0
deserialize,1223,0
mult,356803,0
deserialize,1052,0
mult,356942,0
deserialize,924,0
mult,361908,0
deserialize,980,0
mult,361241,0
deserialize,934,0
mult,365305,0
deserialize,1099,0
mult,364633,0
deserialize,1185,0
mult,360134,0
deserialize,990,0
mult,365612,0
deserialize,937,0
mult,366194,0
deserialize,1117,0
mult,359306,0
deserialize,975,0
mult,365452,0
deserialize,1250,0
mult,361298,0
deserialize,924,0
mult,362197,0
deserialize,1068,0
mult,356840,0
deserialize,844,0
mult,356723,0
deserialize,1217,0
mult,362107,0
deserialize,1038,0
mult,356785,0
deserialize,1086,0
mult,355804,0
deserialize,990,0
mult,356753,0
deserialize,902,0
mult,356822,0
deserialize,876,0
mult,358565,0
deserialize,890,0
mult,357435,0
deserialize,870,0
mult,359824,0
deserialize,960,0
mult,359147,0
deserialize,877,0
mult,362057,0
deserialize,993,0
mult,357109,0
deserialize,951,0
mult,362835,0
deserialize,1121,0
mult,361047,0
deserialize,1020,0
mult,359976,0
deserialize,1042,0
mult,359428,0
deserialize,892,0
mult,364189,0
deserialize,1015,0
mult,358690,0
deserialize,979,0
mult,365731,0
deserialize,1085,0
mult,365371,0
deserialize,856,0
mult,359900,0
deserialize,860,0
mult,366324,0
deserialize,903,0
mult,360894,0
deserialize,980,0
mult,369643,0
deserialize,1023,0
mult,356563,0
deserialize,980,0
mult,356953,0
deserialize,942,0
mult,356271,0
deserialize,947,0
mult,357217,0
deserialize,988,0
mult,356625,0
deserialize,984,0
mult,356534,0
deserialize,1140,0
mult,356581,0
deserialize,1433,0
mult,358400,0
deserialize,1101,0
mult,358195,0
deserialize,880,0
mult,359024,0
deserialize,1023,0
mult,364535,0
deserialize,1183,0
mult,362128,0
deserialize,1238,0
mult,357064,0
deserialize,976,0
mult,356936,0
deserialize,1149,0
mult,360838,0
deserialize,977,0
mult,358834,0
deserialize,899,0
mult,359104,0
deserialize,1027,0
mult,365253,0
deserialize,896,0
mult,358302,0
deserialize,911,0
mult,364493,0
deserialize,941,0
mult,365038,0
deserialize,1059,0
mult,370882,0
deserialize,988,0
mult,365106,0
deserialize,1083,0
mult,361181,0
deserialize,989,0
mult,365083,0
deserialize,903,0
mult,357294,0
deserialize,925,0
mult,356913,0
deserialize,998,0
mult,357121,0
deserialize,926,0
mult,356908,0
deserialize,855,0
mult,356754,0
deserialize,870,0
mult,356424,0
deserialize,993,0
mult,357052,0
deserialize,940,0
mult,377816,0
deserialize,1119,0
mult,358096,0
deserialize,1214,0
mult,359212,0
deserialize,892,0
mult,357462,0
deserialize,984,0
mult,363007,0
deserialize,1210,0
mult,358312,0
deserialize,869,0
mult,357109,0
deserialize,1012,0
mult,359661,0
deserialize,945,0
mult,358808,0
deserialize,1014,0
mult,360592,0
deserialize,1114,0
mult,364292,0
deserialize,1274,0
mult,364758,0
deserialize,1253,0
mult,363326,0
deserialize,1085,0
mult,363190,0
deserialize,898,0
mult,363831,0
deserialize,1074,0
mult,365168,0
deserialize,846,0
mult,361298,0
deserialize,929,0
mult,365864,0
deserialize,982,0
mult,357485,0
deserialize,891,0
mult,357433,0
deserialize,884,0
mult,356053,0
deserialize,1086,0
mult,356529,0
deserialize,856,0
mult,363122,0
deserialize,1050,0
mult,357030,0
deserialize,983,0
mult,356507,0
deserialize,921,0
mult,357447,0
deserialize,920,0
mult,358509,0
deserialize,1009,0
mult,359734,0
deserialize,915,0
mult,357726,0
deserialize,968,0
mult,361753,0
deserialize,956,0
mult,358018,0
deserialize,920,0
mult,358780,0
deserialize,889,0
mult,358013,0
deserialize,926,0
mult,363847,0
deserialize,981,0
mult,360660,0
deserialize,1008,0
mult,364197,0
deserialize,933,0
mult,358951,0
deserialize,952,0
mult,363259,0
deserialize,866,0
mult,363473,0
deserialize,1012,0
mult,364930,0
deserialize,1430,0
mult,365206,0
deserialize,881,0
mult,360516,0
deserialize,948,0
mult,366110,0
deserialize,977,0
mult,359326,0
deserialize,919,0
mult,363503,0
deserialize,1027,0
mult,356595,0
deserialize,966,0
mult,356372,0
deserialize,968,0
mult,356288,0
deserialize,1013,0
mult,356680,0
deserialize,893,0
mult,356129,0
deserialize,879,0
mult,356994,0
deserialize,870,0
mult,357103,0
deserialize,868,0
mult,358558,0
deserialize,1006,0
mult,357242,0
deserialize,853,0
mult,362450,0
deserialize,1106,0
mult,358964,0
deserialize,894,0
mult,368087,0
deserialize,1091,0
mult,358777,0
deserialize,926,0
mult,358965,0
deserialize,1419,0
mult,362000,0
deserialize,893,0
mult,363316,0
deserialize,910,0
mult,360016,0
deserialize,926,0
mult,364110,0
deserialize,995,0
mult,362060,0
deserialize,917,0
mult,365362,0
deserialize,897,0
mult,364909,0
deserialize,870,0
mult,359802,0
deserialize,898,0
mult,372577,0
deserialize,997,0
mult,359675,0
deserialize,1020,0
mult,357942,0
deserialize,960,0
mult,357053,0
deserialize,993,0
mult,356931,0
deserialize,893,0
mult,356507,0
deserialize,1224,0
mult,356854,0
deserialize,879,0
mult,356761,0
deserialize,1063,0
mult,356699,0
deserialize,876,0
mult,357142,0
deserialize,1125,0
mult,359046,0
deserialize,1150,0
mult,363148,0
deserialize,1119,0
mult,361367,0
deserialize,919,0
mult,358956,0
deserialize,975,0
mult,360417,0
deserialize,850,0
mult,356615,0
deserialize,1030,0
mult,356962,0
deserialize,915,0
mult,361593,0
deserialize,1000,0
mult,361743,0
deserialize,974,0
mult,358717,0
deserialize,923,0
mult,365134,0
deserialize,861,0
mult,360789,0
deserialize,983,0
mult,384007,0
deserialize,1027,0
mult,366141,0
deserialize,1054,0
mult,359851,0
deserialize,895,0
mult,365868,0
gemm,9.45314e+08,0
wait_all,7.27444e+08,0
deserialize,2476,0
mult,401517,0
deserialize,1122,0
mult,397130,0
deserialize,856,0
mult,393482,0
deserialize,960,0
mult,400168,0
deserialize,1128,0
mult,391866,0
deserialize,853,0
mult,398532,0
deserialize,944,0
mult,383813,0
deserialize,997,0
mult,384437,0
deserialize,840,0
mult,383109,0
deserialize,883,0
mult,383723,0
deserialize,887,0
mult,383450,0
deserialize,891,0
mult,383099,0
deserialize,838,0
mult,383708,0
deserialize,894,0
mult,382591,0
deserialize,813,0
mult,383282,0
deserialize,853,0
mult,383465,0
deserialize,880,0
mult,388990,0
deserialize,951,0
mult,382733,0
deserialize,932,0
mult,384190,0
deserialize,920,0
mult,384407,0
deserialize,863,0
mult,385556,0
deserialize,1086,0
mult,390062,0
deserialize,830,0
mult,387071,0
deserialize,825,0
mult,395657,0
deserialize,853,0
mult,390907,0
deserialize,820,0
mult,398585,0
deserialize,875,0
mult,403310,0
deserialize,993,0
mult,391215,0
deserialize,996,0
mult,399353,0
deserialize,857,0
mult,392334,0
deserialize,954,0
mult,393785,0
deserialize,832,0
mult,385231,0
deserialize,991,0
mult,384876,0
deserialize,884,0
mult,383203,0
deserialize,907,0
mult,383888,0
deserialize,797,0
mult,383369,0
deserialize,920,0
mult,389340,0
deserialize,968,0
mult,381577,0
deserialize,831,0
mult,382642,0
deserialize,893,0
mult,382771,0
deserialize,881,0
mult,383628,0
deserialize,899,0
mult,383100,0
deserialize,878,0
mult,383372,0
deserialize,872,0
mult,385623,0
deserialize,874,0
mult,384931,0
deserialize,892,0
mult,385565,0
deserialize,881,0
mult,389854,0
deserialize,830,0
mult,393256,0
deserialize,1043,0
mult,395273,0
deserialize,920,0
mult,390596,0
deserialize,933,0
mult,398954,0
deserialize,900,0
mult,395068,0
deserialize,1091,0
mult,392136,0
deserialize,878,0
mult,398789,0
deserialize,887,0
mult,393904,0
deserialize,918,0
mult,394534,0
deserialize,906,0
mult,385433,0
deserialize,910,0
mult,394683,0
deserialize,1084,0
mult,1.68894e+06,0
deserialize,881,0
mult,1.79328e+06,0
deserialize,878,0
mult,1.6288e+06,0
deserialize,983,0
mult,1.30041e+06,0
deserialize,1058,0
mult,391283,0
deserialize,987,0
mult,384488,0
deserialize,911,0
mult,382746,0
deserialize,847,0
mult,390109,0
deserialize,1056,0
mult,382780,0
deserialize,899,0
mult,381924,0
deserialize,855,0
mult,383058,0
deserialize,947,0
mult,382752,0
deserialize,852,0
mult,383886,0
deserialize,901,0
mult,384637,0
deserialize,949,0
mult,384026,0
deserialize,946,0
mult,385052,0
deserialize,870,0
mult,391744,0
deserialize,893,0
mult,393470,0
deserialize,996,0
mult,396994,0
deserialize,981,0
mult,391771,0
deserialize,881,0
mult,396667,0
deserialize,900,0
mult,397411,0
deserialize,897,0
mult,392798,0
deserialize,988,0
mult,399851,0
deserialize,933,0
mult,389501,0
deserialize,891,0
mult,388960,0
deserialize,903,0
mult,384654,0
deserialize,820,0
mult,389271,0
deserialize,971,0
mult,382162,0
deserialize,967,0
mult,382407,0
deserialize,1026,0
mult,382310,0
deserialize,1487,0
mult,382100,0
deserialize,871,0
mult,382411,0
deserialize,952,0
mult,383498,0
deserialize,890,0
mult,383097,0
deserialize,1180,0
mult,383672,0
deserialize,861,0
mult,382830,0
deserialize,934,0
mult,384427,0
deserialize,849,0
mult,390148,0
deserialize,1144,0
mult,383608,0
deserialize,986,0
mult,384275,0
deserialize,925,0
mult,391000,0
deserialize,896,0
mult,387607,0
deserialize,936,0
mult,396893,0
deserialize,865,0
mult,391000,0
deserialize,893,0
mult,398434,0
deserialize,886,0
mult,397534,0
deserialize,953,0
mult,392683,0
deserialize,873,0
mult,405515,0
deserialize,1271,0
mult,390980,0
deserialize,918,0
mult,391187,0
deserialize,882,0
mult,384064,0
deserialize,1002,0
mult,383345,0
deserialize,899,0
mult,382937,0
deserialize,926,0
mult,382806,0
deserialize,1396,0
mult,382394,0
deserialize,862,0
mult,382508,0
deserialize,863,0
mult,382603,0
deserialize,893,0
mult,387828,0
deserialize,17653,0
mult,393221,0
deserialize,1159,0
mult,420770,0
deserialize,890,0
mult,419042,0
deserialize,870,0
mult,419287,0
deserialize,970,0
mult,420102,0
deserialize,895,0
mult,421759,0
deserialize,883,0
mult,420669,0
deserialize,870,0
mult,421322,0
deserialize,857,0
mult,419635,0
deserialize,941,0
mult,426382,0
deserialize,1061,0
mult,420617,0
deserialize,904,0
mult,419788,0
deserialize,1225,0
mult,427110,0
deserialize,907,0
mult,423285,0
deserialize,963,0
mult,423962,0
deserialize,966,0
mult,430320,0
deserialize,980,0
mult,427553,0
deserialize,964,0
mult,428252,0
deserialize,877,0
mult,427932,0
deserialize,1012,0
mult,419717,0
deserialize,925,0
mult,419704,0
deserialize,906,0
mult,419993,0
deserialize,939,0
mult,419279,0
deserialize,851,0
mult,418621,0
deserialize,902,0
mult,419545,0
deserialize,869,0
mult,419798,0
deserialize,905,0
mult,418817,0
deserialize,853,0
mult,425607,0
deserialize,1074,0
mult,419335,0
deserialize,1166,0
mult,418844,0
deserialize,1025,0
mult,420216,0
deserialize,1071,0
mult,420215,0
deserialize,1016,0
mult,421747,0
deserialize,859,0
mult,419270,0
deserialize,863,0
mult,419987,0
deserialize,893,0
mult,419567,0
deserialize,853,0
mult,419958,0
deserialize,944,0
mult,432313,0
deserialize,972,0
mult,421283,0
deserialize,913,0
mult,423463,0
deserialize,887,0
mult,429804,0
deserialize,1367,0
mult,427571,0
deserialize,1010,0
mult,429975,0
deserialize,929,0
mult,422723,0
deserialize,877,0
mult,421667,0
deserialize,1295,0
mult,421185,0
deserialize,875,0
mult,425994,0
deserialize,1011,0
mult,419237,0
deserialize,1090,0
mult,419062,0
deserialize,945,0
mult,419513,0
deserialize,913,0
mult,419096,0
deserialize,876,0
mult,419593,0
deserialize,861,0
mult,420678,0
deserialize,1104,0
mult,419797,0
deserialize,1094,0
mult,419575,0
deserialize,1139,0
mult,420584,0
deserialize,877,0
mult,426610,0
deserialize,1123,0
mult,420506,0
deserialize,947,0
mult,419939,0
deserialize,871,0
mult,419656,0
deserialize,841,0
mult,419618,0
deserialize,893,0
mult,419267,0
deserialize,855,0
mult,425279,0
deserialize,958,0
mult,422044,0
deserialize,896,0
mult,423219,0
deserialize,988,0
mult,434477,0
deserialize,990,0
mult,426288,0
deserialize,927,0
mult,430481,0
deserialize,893,0
mult,424236,0
deserialize,970,0
mult,421385,0
deserialize,902,0
mult,420044,0
deserialize,880,0
mult,419683,0
deserialize,923,0
mult,419429,0
deserialize,907,0
mult,420494,0
deserialize,929,0
mult,418965,0
deserialize,972,0
mult,425337,0
deserialize,987,0
mult,418794,0
deserialize,999,0
mult,419196,0
deserialize,931,0
mult,419377,0
deserialize,981,0
mult,419733,0
deserialize,972,0
mult,420770,0
deserialize,931,0
mult,421261,0
deserialize,1056,0
mult,421875,0
deserialize,916,0
mult,421017,0
deserialize,863,0
mult,426613,0
deserialize,1043,0
mult,418503,0
deserialize,976,0
mult,418977,0
deserialize,931,0
mult,425279,0
deserialize,841,0
mult,421032,0
deserialize,946,0
mult,424316,0
deserialize,1013,0
mult,427320,0
deserialize,874,0
mult,426513,0
deserialize,906,0
mult,431356,0
deserialize,937,0
mult,429417,0
deserialize,993,0
mult,422142,0
deserialize,1052,0
mult,419734,0
deserialize,1137,0
mult,419683,0
deserialize,1086,0
mult,419067,0
deserialize,875,0
mult,419058,0
deserialize,950,0
mult,419267,0
deserialize,856,0
mult,419241,0
deserialize,865,0
mult,419149,0
deserialize,858,0
mult,419247,0
deserialize,919,0
mult,424578,0
deserialize,994,0
mult,419158,0
deserialize,1037,0
mult,419490,0
deserialize,831,0
mult,421005,0
deserialize,918,0
mult,421209,0
deserialize,877,0
mult,419873,0
deserialize,971,0
mult,420422,0
deserialize,893,0
mult,419322,0
deserialize,933,0
mult,419356,0
deserialize,855,0
mult,429941,0
deserialize,1082,0
mult,420370,0
deserialize,970,0
mult,424922,0
deserialize,940,0
mult,426510,0
deserialize,853,0
mult,426643,0
deserialize,947,0
mult,431639,0
deserialize,873,0
mult,425439,0
deserialize,880,0
mult,424531,0
deserialize,913,0
mult,421007,0
deserialize,980,0
mult,419400,0
deserialize,862,0
mult,425833,0
deserialize,953,0
mult,418549,0
deserialize,1429,0
mult,418903,0
deserialize,1187,0
mult,419096,0
deserialize,1060,0
mult,419127,0
deserialize,880,0
mult,419296,0
deserialize,863,0
mult,419454,0
deserialize,915,0
mult,419445,0
deserialize,866,0
mult,419977,0
deserialize,972,0
mult,424890,0
deserialize,1013,0
mult,420732,0
deserialize,921,0
mult,420011,0
deserialize,874,0
mult,420454,0
deserialize,861,0
mult,419290,0
deserialize,916,0
mult,419771,0
deserialize,989,0
mult,422620,0
deserialize,1176,0
mult,420707,0
deserialize,867,0
mult,426473,0
deserialize,1129,0
mult,425110,0
deserialize,883,0
mult,431585,0
deserialize,1012,0
mult,430561,0
deserialize,934,0
mult,425158,0
deserialize,984,0
mult,425075,0
deserialize,917,0
mult,420156,0
deserialize,976,0
mult,419216,0
deserialize,837,0
mult,419620,0
deserialize,971,0
mult,419450,0
deserialize,869,0
mult,419311,0
deserialize,941,0
mult,427173,0
deserialize,1189,0
mult,418889,0
deserialize,1377,0
mult,418568,0
deserialize,899,0
mult,419510,0
deserialize,880,0
mult,418936,0
deserialize,882,0
mult,420087,0
deserialize,864,0
mult,419637,0
deserialize,986,0
mult,421287,0
deserialize,1140,0
mult,420046,0
deserialize,1039,0
mult,420503,0
deserialize,894,0
mult,527077,0
deserialize,1283,0
mult,419141,0
deserialize,957,0
mult,421234,0
deserialize,931,0
mult,420714,0
deserialize,884,0
mult,425857,0
deserialize,1247,0
mult,423810,0
deserialize,833,0
mult,424278,0
deserialize,892,0
mult,431117,0
deserialize,868,0
mult,426212,0
deserialize,965,0
mult,432551,0
deserialize,930,0
mult,420917,0
deserialize,964,0
mult,419779,0
deserialize,827,0
mult,420031,0
deserialize,976,0
mult,419263,0
deserialize,910,0
mult,419135,0
deserialize,927,0
mult,418433,0
deserialize,990,0
mult,419223,0
deserialize,1125,0
mult,418415,0
deserialize,1090,0
mult,424646,0
deserialize,1098,0
mult,418468,0
deserialize,897,0
mult,418726,0
deserialize,981,0
mult,418813,0
deserialize,904,0
mult,420240,0
deserialize,919,0
mult,419502,0
deserialize,907,0
mult,420554,0
deserialize,1001,0
mult,419608,0
deserialize,883,0
mult,419306,0
deserialize,879,0
mult,420587,0
deserialize,873,0
mult,424978,0
deserialize,1105,0
mult,425697,0
deserialize,944,0
mult,422504,0
deserialize,901,0
mult,423297,0
deserialize,892,0
mult,430125,0
deserialize,1055,0
mult,425649,0
deserialize,901,0
mult,427233,0
deserialize,1023,0
mult,421489,0
deserialize,871,0
mult,419777,0
deserialize,999,0
mult,425901,0
deserialize,1053,0
mult,418700,0
deserialize,893,0
mult,418432,0
deserialize,904,0
mult,418554,0
deserialize,887,0
mult,418475,0
deserialize,870,0
mult,419263,0
deserialize,833,0
mult,418753,0
deserialize,933,0
mult,418554,0
deserialize,1159,0
mult,419462,0
deserialize,929,0
mult,418982,0
deserialize,1392,0
mult,425737,0
deserialize,1013,0
mult,419669,0
deserialize,1011,0
mult,420800,0
deserialize,968,0
mult,419440,0
deserialize,908,0
mult,419263,0
deserialize,977,0
mult,419083,0
deserialize,936,0
mult,418877,0
deserialize,925,0
mult,425505,0
deserialize,916,0
mult,421699,0
deserialize,935,0
mult,466829,0
deserialize,1052,0
mult,454208,0
deserialize,914,0
mult,426568,0
deserialize,1007,0
mult,428613,0
deserialize,930,0
mult,422052,0
deserialize,936,0
mult,420366,0
deserialize,904,0
mult,419382,0
deserialize,855,0
mult,418683,0
deserialize,931,0
mult,418533,0
deserialize,830,0
mult,424926,0
deserialize,1340,0
mult,418409,0
deserialize,1058,0
mult,418357,0
deserialize,1001,0
mult,418891,0
deserialize,877,0
mult,418028,0
deserialize,876,0
mult,418964,0
deserialize,891,0
mult,419355,0
deserialize,876,0
mult,420303,0
deserialize,969,0
mult,420176,0
deserialize,882,0
mult,420805,0
deserialize,885,0
mult,427495,0
deserialize,972,0
mult,419283,0
deserialize,1036,0
mult,418988,0
deserialize,876,0
mult,418620,0
deserialize,907,0
mult,423863,0
deserialize,975,0
mult,420150,0
deserialize,979,0
mult,422409,0
deserialize,864,0
mult,428512,0
deserialize,952,0
mult,426064,0
deserialize,863,0
mult,435180,0
deserialize,1149,0
mult,423246,0
deserialize,894,0
mult,421311,0
deserialize,970,0
mult,419589,0
deserialize,839,0
mult,418773,0
deserialize,919,0
mult,419018,0
deserialize,883,0
mult,418281,0
deserialize,854,0
mult,418057,0
deserialize,878,0
mult,418561,0
deserialize,869,0
mult,418356,0
deserialize,872,0
mult,425380,0
deserialize,976,0
mult,418814,0
deserialize,897,0
mult,418373,0
deserialize,966,0
mult,419761,0
deserialize,888,0
mult,420184,0
deserialize,1025,0
mult,420443,0
deserialize,953,0
mult,419507,0
deserialize,1062,0
mult,419797,0
deserialize,861,0
mult,419552,0
deserialize,899,0
mult,424007,0
deserialize,1120,0
mult,423646,0
deserialize,1000,0
mult,419996,0
deserialize,903,0
mult,423967,0
deserialize,859,0
mult,427032,0
deserialize,871,0
mult,426071,0
deserialize,940,0
mult,430428,0
deserialize,925,0
mult,423807,0
deserialize,890,0
mult,421909,0
deserialize,897,0
mult,420268,0
deserialize,873,0
mult,424673,0
deserialize,1027,0
mult,418689,0
deserialize,907,0
mult,418847,0
deserialize,960,0
mult,418273,0
deserialize,849,0
mult,418282,0
deserialize,957,0
mult,418349,0
deserialize,865,0
mult,418765,0
deserialize,1060,0
mult,419155,0
deserialize,1129,0
mult,418962,0
deserialize,967,0
mult,424553,0
deserialize,999,0
mult,419357,0
deserialize,906,0
mult,420933,0
deserialize,997,0
mult,419818,0
deserialize,900,0
mult,419354,0
deserialize,878,0
mult,418905,0
deserialize,880,0
mult,418233,0
deserialize,990,0
mult,422785,0
deserialize,935,0
mult,419494,0
deserialize,951,0
mult,424446,0
deserialize,900,0
mult,432937,0
deserialize,1133,0
mult,425963,0
deserialize,1000,0
mult,430921,0
deserialize,883,0
mult,424231,0
deserialize,895,0
mult,423263,0
deserialize,954,0
mult,420430,0
deserialize,870,0
mult,418837,0
deserialize,871,0
mult,418666,0
deserialize,899,0
mult,418574,0
deserialize,873,0
mult,424101,0
deserialize,1004,0
mult,418673,0
deserialize,970,0
mult,418912,0
deserialize,879,0
mult,418603,0
deserialize,937,0
mult,418625,0
deserialize,877,0
mult,418900,0
deserialize,1178,0
mult,419297,0
deserialize,1040,0
mult,419137,0
deserialize,979,0
mult,421856,0
deserialize,864,0
mult,419926,0
deserialize,996,0
mult,425113,0
deserialize,1212,0
mult,418675,0
deserialize,1084,0
mult,418623,0
deserialize,889,0
mult,422111,0
deserialize,964,0
mult,419710,0
deserialize,894,0
mult,425864,0
deserialize,1058,0
mult,424603,0
deserialize,814,0
mult,425049,0
deserialize,937,0
mult,430598,0
deserialize,898,0
mult,429975,0
deserialize,1043,0
mult,423954,0
deserialize,907,0
mult,420464,0
deserialize,978,0
mult,420002,0
deserialize,827,0
mult,418901,0
deserialize,850,0
mult,419089,0
deserialize,900,0
mult,418566,0
deserialize,871,0
mult,418223,0
deserialize,866,0
mult,418723,0
deserialize,1013,0
mult,425899,0
deserialize,1018,0
mult,418617,0
deserialize,950,0
mult,418845,0
deserialize,883,0
mult,418970,0
deserialize,981,0
mult,419172,0
deserialize,891,0
mult,420869,0
deserialize,886,0
mult,420040,0
deserialize,864,0
mult,420390,0
deserialize,940,0
mult,418987,0
deserialize,929,0
mult,419204,0
deserialize,877,0
mult,426924,0
deserialize,955,0
mult,419719,0
deserialize,902,0
mult,425912,0
deserialize,1022,0
mult,423828,0
deserialize,835,0
mult,424483,0
deserialize,968,0
mult,430750,0
deserialize,1015,0
mult,425621,0
deserialize,940,0
mult,426193,0
deserialize,837,0
mult,420770,0
deserialize,948,0
mult,425481,0
deserialize,1033,0
mult,418740,0
deserialize,948,0
mult,418730,0
deserialize,892,0
mult,418298,0
deserialize,889,0
mult,418477,0
deserialize,868,0
mult,418342,0
deserialize,903,0
mult,418474,0
deserialize,1005,0
mult,418590,0
deserialize,870,0
mult,418414,0
deserialize,973,0
mult,419088,0
deserialize,1086,0
mult,425780,0
deserialize,957,0
mult,420674,0
deserialize,920,0
mult,419624,0
deserialize,1022,0
mult,420411,0
deserialize,1327,0
mult,419418,0
deserialize,1026,0
mult,418922,0
deserialize,887,0
mult,419326,0
deserialize,904,0
mult,419439,0
deserialize,911,0
mult,425471,0
deserialize,873,0
mult,429000,0
deserialize,959,0
mult,423882,0
deserialize,971,0
mult,430886,0
deserialize,850,0
mult,425940,0
deserialize,917,0
mult,427461,0
deserialize,874,0
mult,421110,0
deserialize,995,0
mult,419900,0
deserialize,812,0
mult,419580,0
deserialize,901,0
mult,418897,0
deserialize,884,0
mult,418779,0
deserialize,1053,0
mult,424737,0
deserialize,983,0
mult,418556,0
deserialize,1050,0
mult,418783,0
deserialize,906,0
mult,418513,0
deserialize,921,0
mult,418866,0
deserialize,846,0
mult,418990,0
deserialize,965,0
mult,418969,0
deserialize,901,0
mult,419630,0
deserialize,878,0
mult,419714,0
deserialize,884,0
mult,428755,0
deserialize,1063,0
mult,418928,0
deserialize,904,0
mult,418377,0
deserialize,902,0
mult,418903,0
deserialize,895,0
mult,418843,0
deserialize,910,0
mult,425173,0
deserialize,978,0
mult,421474,0
deserialize,1003,0
mult,422687,0
deserialize,863,0
mult,428767,0
gemm,9.28503e+08,0
wait_all,7.2907e+08,0
deserialize,2284,0
mult,408726,0
deserialize,1066,0
mult,405567,0
deserialize,905,0
mult,402284,0
deserialize,1059,0
mult,410190,0
deserialize,860,0
mult,402597,0
deserialize,871,0
mult,403699,0
deserialize,883,0
mult,401306,0
deserialize,987,0
mult,393662,0
deserialize,976,0
mult,393787,0
deserialize,863,0
mult,392868,0
deserialize,1050,0
mult,392885,0
deserialize,874,0
mult,392906,0
deserialize,817,0
mult,393589,0
deserialize,883,0
mult,392593,0
deserialize,859,0
mult,392945,0
deserialize,877,0
mult,393403,0
deserialize,903,0
mult,402017,0
deserialize,1042,0
mult,392811,0
deserialize,926,0
mult,393994,0
deserialize,881,0
mult,394534,0
deserialize,907,0
mult,394465,0
deserialize,879,0
mult,396161,0
deserialize,917,0
mult,394028,0
deserialize,794,0
mult,402827,0
deserialize,896,0
mult,399270,0
deserialize,1088,0
mult,406160,0
deserialize,894,0
mult,411067,0
deserialize,1052,0
mult,400281,0
deserialize,984,0
mult,410040,0
deserialize,877,0
mult,403465,0
deserialize,940,0
mult,404455,0
deserialize,869,0
mult,396710,0
deserialize,1015,0
mult,396014,0
deserialize,895,0
mult,394227,0
deserialize,912,0
mult,393861,0
deserialize,836,0
mult,393214,0
deserialize,970,0
mult,398327,0
deserialize,1024,0
mult,392111,0
deserialize,921,0
mult,392483,0
deserialize,892,0
mult,394211,0
deserialize,934,0
mult,392928,0
deserialize,906,0
mult,394472,0
deserialize,894,0
mult,393870,0
deserialize,853,0
mult,394509,0
deserialize,879,0
mult,395220,0
deserialize,880,0
mult,394851,0
deserialize,1155,0
mult,400700,0
deserialize,994,0
mult,393134,0
deserialize,971,0
mult,400630,0
deserialize,893,0
mult,397808,0
deserialize,914,0
mult,405386,0
deserialize,872,0
mult,403680,0
deserialize,1040,0
mult,401071,0
deserialize,870,0
mult,409578,0
deserialize,935,0
mult,403843,0
deserialize,900,0
mult,407593,0
deserialize,894,0
mult,399850,0
deserialize,1035,0
mult,393281,0
deserialize,1463,0
mult,1.69325e+06,0
deserialize,883,0
mult,1.81174e+06,0
deserialize,979,0
mult,1.62941e+06,0
deserialize,844,0
mult,1.30343e+06,0
deserialize,1106,0
mult,402259,0
deserialize,1174,0
mult,394159,0
deserialize,1007,0
mult,399940,0
deserialize,1014,0
mult,392408,0
deserialize,974,0
mult,392684,0
deserialize,849,0
mult,392359,0
deserialize,874,0
mult,392655,0
deserialize,933,0
mult,392977,0
deserialize,925,0
mult,393428,0
deserialize,863,0
mult,394897,0
deserialize,996,0
mult,393877,0
deserialize,867,0
mult,393945,0
deserialize,885,0
mult,404006,0
deserialize,1017,0
mult,393237,0
deserialize,954,0
mult,403474,0
deserialize,997,0
mult,399530,0
deserialize,878,0
mult,404347,0
deserialize,932,0
mult,405604,0
deserialize,901,0
mult,402823,0
deserialize,870,0
mult,410106,0
deserialize,887,0
mult,400697,0
deserialize,851,0
mult,400611,0
deserialize,916,0
mult,399840,0
deserialize,1028,0
mult,392816,0
deserialize,1081,0
mult,392704,0
deserialize,952,0
mult,393171,0
deserialize,1229,0
mult,392514,0
deserialize,883,0
mult,392061,0
deserialize,1037,0
mult,392894,0
deserialize,931,0
mult,392785,0
deserialize,828,0
mult,392218,0
deserialize,966,0
mult,392463,0
deserialize,898,0
mult,402539,0
deserialize,1087,0
mult,392548,0
deserialize,898,0
mult,394043,0
deserialize,957,0
mult,393717,0
deserialize,980,0
mult,394044,0
deserialize,963,0
mult,395618,0
deserialize,858,0
mult,393479,0
deserialize,999,0
mult,402614,0
deserialize,1177,0
mult,398268,0
deserialize,930,0
mult,405936,0
deserialize,924,0
mult,414338,0
deserialize,1058,0
mult,401882,0
deserialize,993,0
mult,409547,0
deserialize,884,0
mult,401680,0
deserialize,914,0
mult,403022,0
deserialize,926,0
mult,394522,0
deserialize,885,0
mult,393756,0
deserialize,904,0
mult,393883,0
deserialize,927,0
mult,392611,0
deserialize,888,0
mult,392461,0
deserialize,954,0
mult,398407,0
deserialize,1035,0
mult,391910,0
deserialize,992,0
mult,393356,0
deserialize,16990,0
mult,386871,0
deserialize,1366,0
mult,377408,0
deserialize,901,0
mult,374155,0
deserialize,1400,0
mult,377383,0
deserialize,870,0
mult,371357,0
deserialize,891,0
mult,371909,0
deserialize,894,0
mult,370831,0
deserialize,1011,0
mult,369591,0
deserialize,880,0
mult,377381,0
deserialize,1084,0
mult,370100,0
deserialize,990,0
mult,370937,0
deserialize,890,0
mult,372014,0
deserialize,931,0
mult,371233,0
deserialize,910,0
mult,371108,0
deserialize,1024,0
mult,370518,0
deserialize,896,0
mult,371718,0
deserialize,945,0
mult,370271,0
deserialize,887,0
mult,371455,0
deserialize,857,0
mult,374768,0
deserialize,1090,0
mult,368441,0
deserialize,917,0
mult,369399,0
deserialize,933,0
mult,369631,0
deserialize,933,0
mult,371183,0
deserialize,870,0
mult,377120,0
deserialize,937,0
mult,377810,0
deserialize,1273,0
mult,382879,0
deserialize,886,0
mult,376436,0
deserialize,864,0
mult,376411,0
deserialize,893,0
mult,377447,0
deserialize,894,0
mult,378194,0
deserialize,1040,0
mult,372401,0
deserialize,911,0
mult,370610,0
deserialize,871,0
mult,370963,0
deserialize,890,0
mult,371518,0
deserialize,849,0
mult,370698,0
deserialize,916,0
mult,371651,0
deserialize,847,0
mult,370906,0
deserialize,957,0
mult,370024,0
deserialize,896,0
mult,371322,0
deserialize,910,0
mult,370500,0
deserialize,922,0
mult,376896,0
deserialize,1187,0
mult,369087,0
deserialize,930,0
mult,371561,0
deserialize,1208,0
mult,369563,0
deserialize,886,0
mult,370449,0
deserialize,990,0
mult,370250,0
deserialize,882,0
mult,369533,0
deserialize,963,0
mult,370883,0
deserialize,842,0
mult,374969,0
deserialize,966,0
mult,375974,0
deserialize,1308,0
mult,392337,0
deserialize,1043,0
mult,376659,0
deserialize,959,0
mult,377630,0
deserialize,924,0
mult,377320,0
deserialize,858,0
mult,373146,0
deserialize,922,0
mult,373828,0
deserialize,919,0
mult,371084,0
deserialize,900,0
mult,371208,0
deserialize,873,0
mult,371216,0
deserialize,895,0
mult,370245,0
deserialize,860,0
mult,371756,0
deserialize,910,0
mult,377789,0
deserialize,1022,0
mult,370078,0
deserialize,1090,0
mult,371828,0
deserialize,898,0
mult,370143,0
deserialize,967,0
mult,370144,0
deserialize,873,0
mult,369517,0
deserialize,920,0
mult,371077,0
deserialize,1084,0
mult,370431,0
deserialize,907,0
mult,370591,0
deserialize,966,0
mult,369884,0
deserialize,917,0
mult,369501,0
deserialize,922,0
mult,377091,0
deserialize,1043,0
mult,372706,0
deserialize,1000,0
mult,375526,0
deserialize,925,0
mult,383405,0
deserialize,1087,0
mult,377989,0
deserialize,1020,0
mult,378141,0
deserialize,944,0
mult,376019,0
deserialize,882,0
mult,373186,0
deserialize,960,0
mult,375800,0
deserialize,885,0
mult,370939,0
deserialize,1222,0
mult,376878,0
deserialize,1052,0
mult,370587,0
deserialize,930,0
mult,369777,0
deserialize,1096,0
mult,371301,0
deserialize,932,0
mult,370238,0
deserialize,887,0
mult,370064,0
deserialize,1370,0
mult,372075,0
deserialize,1016,0
mult,369741,0
deserialize,886,0
mult,370932,0
deserialize,871,0
mult,369328,0
deserialize,910,0
mult,370946,0
deserialize,892,0
mult,375752,0
deserialize,975,0
mult,368761,0
deserialize,921,0
mult,369395,0
deserialize,1075,0
mult,369554,0
deserialize,1032,0
mult,370480,0
deserialize,866,0
mult,372811,0
deserialize,970,0
mult,375281,0
deserialize,851,0
mult,382464,0
deserialize,919,0
mult,379342,0
deserialize,859,0
mult,379904,0
deserialize,935,0
mult,374531,0
deserialize,850,0
mult,378509,0
deserialize,1045,0
mult,376251,0
deserialize,1096,0
mult,370981,0
deserialize,939,0
mult,371454,0
deserialize,907,0
mult,371487,0
deserialize,985,0
mult,369631,0
deserialize,914,0
mult,371624,0
deserialize,952,0
mult,369863,0
deserialize,923,0
mult,370974,0
deserialize,1023,0
mult,372446,0
deserialize,878,0
mult,376131,0
deserialize,1083,0
mult,370185,0
deserialize,988,0
mult,368750,0
deserialize,1025,0
mult,370484,0
deserialize,940,0
mult,369541,0
deserialize,904,0
mult,369828,0
deserialize,877,0
mult,370050,0
deserialize,1010,0
mult,369652,0
deserialize,923,0
mult,370424,0
deserialize,910,0
mult,371434,0
deserialize,864,0
mult,372981,0
deserialize,892,0
mult,387259,0
deserialize,968,0
mult,377842,0
deserialize,1122,0
mult,380064,0
deserialize,854,0
mult,373372,0
deserialize,903,0
mult,372668,0
deserialize,859,0
mult,376527,0
deserialize,1000,0
mult,369915,0
deserialize,866,0
mult,371656,0
deserialize,948,0
mult,371304,0
deserialize,883,0
mult,368927,0
deserialize,920,0
mult,370747,0
deserialize,913,0
mult,375628,0
deserialize,1166,0
mult,369729,0
deserialize,980,0
mult,372136,0
deserialize,902,0
mult,370907,0
deserialize,939,0
mult,370658,0
deserialize,898,0
mult,369165,0
deserialize,970,0
mult,370178,0
deserialize,919,0
mult,369571,0
deserialize,1088,0
mult,369324,0
deserialize,930,0
mult,369751,0
deserialize,975,0
mult,370174,0
deserialize,900,0
mult,380948,0
deserialize,1029,0
mult,370496,0
deserialize,997,0
mult,372919,0
deserialize,933,0
mult,380670,0
deserialize,879,0
mult,379001,0
deserialize,857,0
mult,382063,0
deserialize,891,0
mult,373968,0
deserialize,860,0
mult,373067,0
deserialize,888,0
mult,376398,0
deserialize,902,0
mult,370577,0
deserialize,910,0
mult,376985,0
deserialize,1018,0
mult,370559,0
deserialize,941,0
mult,369383,0
deserialize,917,0
mult,371359,0
deserialize,938,0
mult,370065,0
deserialize,991,0
mult,370497,0
deserialize,977,0
mult,371281,0
deserialize,873,0
mult,369120,0
deserialize,919,0
mult,371076,0
deserialize,853,0
mult,368647,0
deserialize,916,0
mult,370941,0
deserialize,904,0
mult,374703,0
deserialize,1051,0
mult,369401,0
deserialize,881,0
mult,369036,0
deserialize,948,0
mult,368620,0
deserialize,882,0
mult,368891,0
deserialize,896,0
mult,370095,0
deserialize,864,0
mult,372318,0
deserialize,1009,0
mult,378875,0
deserialize,860,0
mult,378151,0
deserialize,979,0
mult,382103,0
deserialize,880,0
mult,375068,0
deserialize,1386,0
mult,380124,0
deserialize,1228,0
mult,377851,0
deserialize,1056,0
mult,370721,0
deserialize,869,0
mult,370466,0
deserialize,956,0
mult,370592,0
deserialize,858,0
mult,369551,0
deserialize,1013,0
mult,370705,0
deserialize,878,0
mult,370198,0
deserialize,962,0
mult,370355,0
deserialize,881,0
mult,371474,0
deserialize,899,0
mult,375451,0
deserialize,1041,0
mult,370952,0
deserialize,968,0
mult,368245,0
deserialize,914,0
mult,370455,0
deserialize,987,0
mult,369335,0
deserialize,1120,0
mult,370491,0
deserialize,1044,0
mult,369654,0
deserialize,879,0
mult,369130,0
deserialize,1186,0
mult,369546,0
deserialize,848,0
mult,369104,0
deserialize,1176,0
mult,370758,0
deserialize,880,0
mult,382338,0
deserialize,1107,0
mult,377425,0
deserialize,970,0
mult,382432,0
deserialize,892,0
mult,375228,0
deserialize,923,0
mult,375378,0
deserialize,887,0
mult,376322,0
deserialize,1235,0
mult,371487,0
deserialize,862,0
mult,372258,0
deserialize,929,0
mult,371055,0
deserialize,989,0
mult,369325,0
deserialize,972,0
mult,370224,0
deserialize,966,0
mult,376060,0
deserialize,1021,0
mult,370321,0
deserialize,991,0
mult,371274,0
deserialize,894,0
mult,369372,0
deserialize,919,0
mult,371271,0
deserialize,1311,0
mult,369022,0
deserialize,995,0
mult,370374,0
deserialize,914,0
mult,368552,0
deserialize,876,0
mult,370805,0
deserialize,881,0
mult,369168,0
deserialize,928,0
mult,374058,0
deserialize,986,0
mult,368211,0
deserialize,956,0
mult,368419,0
deserialize,956,0
mult,369994,0
deserialize,826,0
mult,375261,0
deserialize,1241,0
mult,376650,0
deserialize,963,0
mult,383106,0
deserialize,987,0
mult,377197,0
deserialize,893,0
mult,376160,0
deserialize,873,0
mult,376068,0
deserialize,877,0
mult,372615,0
deserialize,868,0
mult,381754,0
deserialize,1053,0
mult,369858,0
deserialize,905,0
mult,370433,0
deserialize,904,0
mult,370576,0
deserialize,850,0
mult,369626,0
deserialize,910,0
mult,370941,0
deserialize,890,0
mult,371451,0
deserialize,939,0
mult,369653,0
deserialize,950,0
mult,371558,0
deserialize,1166,0
mult,369498,0
deserialize,863,0
mult,369841,0
deserialize,1105,0
mult,374545,0
deserialize,970,0
mult,371310,0
deserialize,1078,0
mult,368404,0
deserialize,862,0
mult,369227,0
deserialize,1150,0
mult,368661,0
deserialize,863,0
mult,368975,0
deserialize,1112,0
mult,370148,0
deserialize,882,0
mult,372179,0
deserialize,908,0
mult,375001,0
deserialize,880,0
mult,382786,0
deserialize,886,0
mult,383112,0
deserialize,1022,0
mult,378430,0
deserialize,988,0
mult,375455,0
deserialize,873,0
mult,372432,0
deserialize,994,0
mult,374560,0
deserialize,878,0
mult,370012,0
deserialize,985,0
mult,371228,0
deserialize,962,0
mult,370385,0
deserialize,1037,0
mult,369767,0
deserialize,900,0
mult,371000,0
deserialize,936,0
mult,370235,0
deserialize,913,0
mult,376477,0
deserialize,1080,0
mult,370904,0
deserialize,920,0
mult,369155,0
deserialize,877,0
mult,369561,0
deserialize,839,0
mult,369987,0
deserialize,888,0
mult,370309,0
deserialize,903,0
mult,367997,0
deserialize,1035,0
mult,369051,0
deserialize,847,0
mult,368722,0
deserialize,1330,0
mult,369175,0
deserialize,902,0
mult,370228,0
deserialize,899,0
mult,377574,0
deserialize,1060,0
mult,374283,0
deserialize,1047,0
mult,381850,0
deserialize,974,0
mult,378257,0
deserialize,890,0
mult,378549,0
deserialize,940,0
mult,373832,0
deserialize,917,0
mult,372748,0
deserialize,983,0
mult,375597,0
deserialize,1266,0
mult,370562,0
deserialize,883,0
mult,371204,0
deserialize,935,0
mult,370415,0
deserialize,916,0
mult,374303,0
deserialize,1022,0
mult,370857,0
deserialize,914,0
mult,369674,0
deserialize,909,0
mult,369887,0
deserialize,912,0
mult,370897,0
deserialize,970,0
mult,369909,0
deserialize,894,0
mult,369757,0
deserialize,890,0
mult,369280,0
deserialize,1134,0
mult,369442,0
deserialize,910,0
mult,368995,0
deserialize,1018,0
mult,375030,0
deserialize,1103,0
mult,369371,0
deserialize,1285,0
mult,369040,0
deserialize,897,0
mult,369877,0
deserialize,914,0
mult,370510,0
deserialize,895,0
mult,372817,0
deserialize,870,0
mult,381832,0
deserialize,975,0
mult,378455,0
deserialize,860,0
mult,380482,0
deserialize,939,0
mult,372243,0
deserialize,882,0
mult,372235,0
deserialize,1047,0
mult,383066,0
deserialize,964,0
mult,369624,0
deserialize,1036,0
mult,370576,0
deserialize,853,0
mult,370146,0
deserialize,986,0
mult,369463,0
deserialize,868,0
mult,371321,0
deserialize,1134,0
mult,368541,0
deserialize,880,0
mult,369698,0
deserialize,986,0
mult,371340,0
deserialize,1071,0
mult,369354,0
deserialize,1009,0
mult,370149,0
deserialize,890,0
mult,383796,0
deserialize,1230,0
mult,370386,0
deserialize,903,0
mult,368504,0
deserialize,904,0
mult,369064,0
deserialize,868,0
mult,367978,0
deserialize,958,0
mult,368962,0
deserialize,836,0
mult,369441,0
deserialize,870,0
mult,369904,0
deserialize,876,0
mult,372840,0
deserialize,874,0
mult,379890,0
deserialize,864,0
mult,385751,0
deserialize,1140,0
mult,381238,0
deserialize,1308,0
mult,372995,0
deserialize,909,0
mult,372904,0
deserialize,857,0
mult,376515,0
deserialize,931,0
mult,369771,0
deserialize,894,0
mult,370334,0
deserialize,950,0
mult,370679,0
deserialize,870,0
mult,369108,0
deserialize,894,0
mult,370686,0
deserialize,887,0
mult,369788,0
deserialize,919,0
mult,376688,0
deserialize,1015,0
mult,371601,0
deserialize,1050,0
mult,369160,0
deserialize,994,0
mult,370979,0
deserialize,906,0
mult,368336,0
deserialize,930,0
mult,370710,0
deserialize,1004,0
mult,369303,0
deserialize,897,0
mult,369680,0
deserialize,850,0
mult,369082,0
deserialize,940,0
mult,368921,0
deserialize,896,0
mult,368671,0
deserialize,942,0
mult,375617,0
deserialize,1017,0
mult,370991,0
deserialize,1104,0
mult,378465,0
deserialize,915,0
mult,377455,0
deserialize,871,0
mult,381120,0
deserialize,993,0
mult,374497,0
deserialize,886,0
mult,374080,0
deserialize,986,0
mult,377552,0
deserialize,916,0
mult,370939,0
deserialize,867,0
mult,370798,0
deserialize,883,0
mult,376193,0
deserialize,1235,0
mult,368577,0
deserialize,976,0
mult,370337,0
deserialize,861,0
mult,369235,0
deserialize,1008,0
mult,370488,0
deserialize,974,0
mult,371014,0
deserialize,958,0
mult,369118,0
deserialize,894,0
mult,370044,0
deserialize,864,0
mult,369226,0
deserialize,976,0
mult,371185,0
deserialize,873,0
mult,368961,0
deserialize,968,0
mult,377197,0
deserialize,1062,0
mult,368434,0
deserialize,1057,0
mult,368762,0
deserialize,886,0
mult,369069,0
deserialize,920,0
mult,368897,0
deserialize,866,0
mult,371097,0
deserialize,1057,0
mult,376495,0
deserialize,857,0
mult,377233,0
deserialize,971,0
mult,382286,0
deserialize,857,0
mult,375308,0
deserialize,941,0
mult,375200,0
deserialize,849,0
mult,381238,0
deserialize,1097,0
mult,371544,0
deserialize,891,0
mult,371882,0
deserialize,868,0
mult,370983,0
deserialize,1041,0
mult,369455,0
deserialize,985,0
mult,370601,0
deserialize,834,0
mult,369677,0
deserialize,1327,0
mult,370948,0
deserialize,887,0
mult,371804,0
deserialize,913,0
mult,369660,0
deserialize,897,0
mult,370754,0
deserialize,1060,0
mult,376915,0
deserialize,968,0
mult,370005,0
gemm,9.16068e+08,0
wait_all,7.24042e+08,0
deserialize,2495,0
mult,374189,0
deserialize,992,0
mult,377181,0
deserialize,1042,0
mult,369535,0
deserialize,943,0
mult,371222,0
deserialize,880,0
mult,369611,0
deserialize,897,0
mult,370578,0
deserialize,834,0
mult,369865,0
deserialize,930,0
mult,370791,0
deserialize,871,0
mult,370362,0
deserialize,908,0
mult,370879,0
deserialize,909,0
mult,372842,0
deserialize,919,0
mult,378986,0
deserialize,950,0
mult,385087,0
deserialize,1031,0
mult,383457,0
deserialize,1055,0
mult,377240,0
deserialize,880,0
mult,381556,0
deserialize,876,0
mult,378506,0
deserialize,934,0
mult,374583,0
deserialize,851,0
mult,375147,0
deserialize,881,0
mult,370501,0
deserialize,852,0
mult,372103,0
deserialize,847,0
mult,371874,0
deserialize,847,0
mult,371077,0
deserialize,947,0
mult,379777,0
deserialize,1033,0
mult,372950,0
deserialize,1079,0
mult,370979,0
deserialize,852,0
mult,372759,0
deserialize,861,0
mult,370134,0
deserialize,948,0
mult,371287,0
deserialize,948,0
mult,370613,0
deserialize,919,0
mult,370325,0
deserialize,854,0
mult,369682,0
deserialize,974,0
mult,369876,0
deserialize,913,0
mult,375859,0
deserialize,1006,0
mult,369253,0
deserialize,869,0
mult,370651,0
deserialize,954,0
mult,377978,0
deserialize,1097,0
mult,378997,0
deserialize,825,0
mult,384540,0
deserialize,872,0
mult,377566,0
deserialize,971,0
mult,381803,0
deserialize,913,0
mult,377586,0
deserialize,875,0
mult,376598,0
deserialize,888,0
mult,376381,0
deserialize,892,0
mult,377146,0
deserialize,1023,0
mult,371516,0
deserialize,1050,0
mult,371166,0
deserialize,855,0
mult,371347,0
deserialize,898,0
mult,371430,0
deserialize,912,0
mult,371348,0
deserialize,924,0
mult,370661,0
deserialize,1083,0
mult,371357,0
deserialize,866,0
mult,369833,0
deserialize,919,0
mult,371044,0
deserialize,872,0
mult,370310,0
deserialize,902,0
mult,377676,0
deserialize,985,0
mult,369093,0
deserialize,1141,0
mult,371188,0
deserialize,993,0
mult,1.6852e+06,0
deserialize,954,0
mult,1.80323e+06,0
deserialize,932,0
mult,1.63507e+06,0
deserialize,1017,0
mult,1.31548e+06,0
deserialize,1066,0
mult,369035,0
deserialize,970,0
mult,376101,0
deserialize,1119,0
mult,381407,0
deserialize,958,0
mult,378477,0
deserialize,1118,0
mult,381755,0
deserialize,852,0
mult,375486,0
deserialize,914,0
mult,380223,0
deserialize,936,0
mult,377889,0
deserialize,926,0
mult,372684,0
deserialize,1042,0
mult,375081,0
deserialize,993,0
mult,368670,0
deserialize,842,0
mult,378275,0
deserialize,1055,0
mult,370567,0
deserialize,956,0
mult,369416,0
deserialize,907,0
mult,370447,0
deserialize,880,0
mult,371804,0
deserialize,970,0
mult,370010,0
deserialize,1192,0
mult,370325,0
deserialize,906,0
mult,369081,0
deserialize,880,0
mult,370573,0
deserialize,1143,0
mult,369019,0
deserialize,899,0
mult,369128,0
deserialize,1120,0
mult,375177,0
deserialize,1139,0
mult,368432,0
deserialize,966,0
mult,368991,0
deserialize,854,0
mult,370526,0
deserialize,1286,0
mult,372420,0
deserialize,1106,0
mult,380024,0
deserialize,920,0
mult,378921,0
deserialize,949,0
mult,382729,0
deserialize,879,0
mult,375977,0
deserialize,972,0
mult,380647,0
deserialize,864,0
mult,377990,0
deserialize,1022,0
mult,379365,0
deserialize,986,0
mult,375644,0
deserialize,1055,0
mult,369121,0
deserialize,907,0
mult,370836,0
deserialize,905,0
mult,371180,0
deserialize,895,0
mult,370428,0
deserialize,1216,0
mult,370603,0
deserialize,880,0
mult,372171,0
deserialize,946,0
mult,369890,0
deserialize,905,0
mult,370437,0
deserialize,1133,0
mult,375821,0
deserialize,1070,0
mult,370771,0
deserialize,944,0
mult,369043,0
deserialize,912,0
mult,369569,0
deserialize,912,0
mult,368880,0
deserialize,853,0
mult,370039,0
deserialize,895,0
mult,369140,0
deserialize,929,0
mult,370270,0
deserialize,978,0
mult,372273,0
deserialize,898,0
mult,378826,0
deserialize,882,0
mult,378561,0
deserialize,950,0
mult,389570,0
deserialize,15941,0
mult,392625,0
deserialize,1214,0
mult,359715,0
deserialize,930,0
mult,362781,0
deserialize,893,0
mult,359756,0
deserialize,873,0
mult,360210,0
deserialize,900,0
mult,358034,0
deserialize,903,0
mult,358297,0
deserialize,870,0
mult,363448,0
deserialize,888,0
mult,364091,0
deserialize,1097,0
mult,360457,0
deserialize,979,0
mult,370310,0
deserialize,1023,0
mult,361370,0
deserialize,942,0
mult,366636,0
deserialize,906,0
mult,367704,0
deserialize,977,0
mult,360601,0
deserialize,918,0
mult,368223,0
deserialize,1140,0
mult,360830,0
deserialize,959,0
mult,360048,0
deserialize,1150,0
mult,357206,0
deserialize,1175,0
mult,357694,0
deserialize,893,0
mult,357752,0
deserialize,989,0
mult,363675,0
deserialize,1019,0
mult,357288,0
deserialize,1021,0
mult,357373,0
deserialize,910,0
mult,357932,0
deserialize,980,0
mult,358925,0
deserialize,921,0
mult,358662,0
deserialize,921,0
mult,362438,0
deserialize,893,0
mult,360016,0
deserialize,905,0
mult,361101,0
deserialize,870,0
mult,357988,0
deserialize,1047,0
mult,358678,0
deserialize,879,0
mult,368769,0
deserialize,1084,0
mult,361893,0
deserialize,853,0
mult,360017,0
deserialize,891,0
mult,365530,0
deserialize,918,0
mult,361514,0
deserialize,945,0
mult,366262,0
deserialize,892,0
mult,366564,0
deserialize,895,0
mult,360297,0
deserialize,1187,0
mult,367480,0
deserialize,982,0
mult,360720,0
deserialize,877,0
mult,361848,0
deserialize,954,0
mult,363261,0
deserialize,987,0
mult,356894,0
deserialize,1057,0
mult,357659,0
deserialize,862,0
mult,357409,0
deserialize,983,0
mult,357329,0
deserialize,887,0
mult,357838,0
deserialize,991,0
mult,358432,0
deserialize,867,0
mult,360103,0
deserialize,909,0
mult,358415,0
deserialize,947,0
mult,361138,0
deserialize,907,0
mult,360146,0
deserialize,860,0
mult,380981,0
deserialize,1017,0
mult,356998,0
deserialize,909,0
mult,357905,0
deserialize,1346,0
mult,361922,0
deserialize,906,0
mult,362401,0
deserialize,903,0
mult,359488,0
deserialize,878,0
mult,365023,0
deserialize,934,0
mult,360327,0
deserialize,859,0
mult,365757,0
deserialize,1104,0
mult,367296,0
deserialize,923,0
mult,360264,0
deserialize,943,0
mult,374323,0
deserialize,1004,0
mult,362088,0
deserialize,954,0
mult,362731,0
deserialize,906,0
mult,358162,0
deserialize,897,0
mult,358131,0
deserialize,950,0
mult,356826,0
deserialize,883,0
mult,357672,0
deserialize,903,0
mult,357827,0
deserialize,895,0
mult,357652,0
deserialize,933,0
mult,357591,0
deserialize,887,0
mult,360087,0
deserialize,1099,0
mult,363873,0
deserialize,1054,0
mult,360351,0
deserialize,976,0
mult,359554,0
deserialize,895,0
mult,362807,0
deserialize,959,0
mult,357661,0
deserialize,934,0
mult,357597,0
deserialize,954,0
mult,361170,0
deserialize,944,0
mult,360195,0
deserialize,892,0
mult,359644,0
deserialize,914,0
mult,366085,0
deserialize,887,0
mult,359579,0
deserialize,1035,0
mult,371043,0
deserialize,991,0
mult,366049,0
deserialize,1209,0
mult,361140,0
deserialize,860,0
mult,366140,0
deserialize,975,0
mult,361766,0
deserialize,1116,0
mult,365849,0
deserialize,953,0
mult,357500,0
deserialize,880,0
mult,357559,0
deserialize,910,0
mult,357184,0
deserialize,856,0
mult,357284,0
deserialize,896,0
mult,357748,0
deserialize,893,0
mult,363088,0
deserialize,1117,0
mult,356997,0
deserialize,930,0
mult,358476,0
deserialize,880,0
mult,358752,0
deserialize,846,0
mult,360522,0
deserialize,927,0
mult,359072,0
deserialize,1022,0
mult,363665,0
deserialize,971,0
mult,357541,0
deserialize,860,0
mult,357751,0
deserialize,907,0
mult,361345,0
deserialize,934,0
mult,359173,0
deserialize,961,0
mult,366113,0
deserialize,1002,0
mult,364705,0
deserialize,1005,0
mult,358415,0
deserialize,1005,0
mult,364440,0
deserialize,1247,0
mult,365668,0
deserialize,883,0
mult,362551,0
deserialize,1033,0
mult,365497,0
deserialize,919,0
mult,361896,0
deserialize,1027,0
mult,365385,0
deserialize,894,0
mult,358514,0
deserialize,933,0
mult,357888,0
deserialize,890,0
mult,363335,0
deserialize,1056,0
mult,356766,0
deserialize,882,0
mult,356774,0
deserialize,923,0
mult,356911,0
deserialize,875,0
mult,356690,0
deserialize,880,0
mult,358675,0
deserialize,863,0
mult,358490,0
deserialize,900,0
mult,359764,0
deserialize,845,0
mult,357938,0
deserialize,962,0
mult,363371,0
deserialize,862,0
mult,358596,0
deserialize,979,0
mult,364391,0
deserialize,1053,0
mult,360035,0
deserialize,1001,0
mult,358811,0
deserialize,887,0
mult,360812,0
deserialize,912,0
mult,365425,0
deserialize,901,0
mult,358168,0
deserialize,978,0
mult,364638,0
deserialize,1263,0
mult,363934,0
deserialize,900,0
mult,363528,0
deserialize,913,0
mult,365918,0
deserialize,977,0
mult,361305,0
deserialize,942,0
mult,372563,0
deserialize,1008,0
mult,358649,0
deserialize,1033,0
mult,357981,0
deserialize,931,0
mult,356934,0
deserialize,964,0
mult,356804,0
deserialize,878,0
mult,356868,0
deserialize,928,0
mult,357453,0
deserialize,894,0
mult,356739,0
deserialize,927,0
mult,357580,0
deserialize,869,0
mult,358439,0
deserialize,876,0
mult,359799,0
deserialize,942,0
mult,365288,0
deserialize,1021,0
mult,362536,0
deserialize,960,0
mult,358462,0
deserialize,868,0
mult,358748,0
deserialize,997,0
mult,358869,0
deserialize,934,0
mult,358843,0
deserialize,909,0
mult,361904,0
deserialize,967,0
mult,364753,0
deserialize,999,0
mult,358951,0
deserialize,897,0
mult,364838,0
deserialize,986,0
mult,362971,0
deserialize,1270,0
mult,372181,0
deserialize,1156,0
mult,365644,0
deserialize,1071,0
mult,360993,0
deserialize,890,0
mult,367338,0
deserialize,971,0
mult,358757,0
deserialize,976,0
mult,358141,0
deserialize,894,0
mult,356545,0
deserialize,1087,0
mult,357291,0
deserialize,857,0
mult,356647,0
deserialize,1033,0
mult,357139,0
deserialize,1126,0
mult,357223,0
deserialize,975,0
mult,362936,0
deserialize,1007,0
mult,358715,0
deserialize,1335,0
mult,358697,0
deserialize,875,0
mult,357364,0
deserialize,1032,0
mult,362037,0
deserialize,890,0
mult,359015,0
deserialize,1306,0
mult,359313,0
deserialize,886,0
mult,357914,0
deserialize,988,0
mult,357761,0
deserialize,909,0
mult,362063,0
deserialize,919,0
mult,363085,0
deserialize,859,0
mult,359414,0
deserialize,900,0
mult,369805,0
deserialize,1023,0
mult,362161,0
deserialize,1008,0
mult,365535,0
deserialize,887,0
mult,365844,0
deserialize,883,0
mult,359638,0
deserialize,894,0
mult,366762,0
deserialize,1257,0
mult,359841,0
deserialize,894,0
mult,358797,0
deserialize,972,0
mult,356936,0
deserialize,873,0
mult,356869,0
deserialize,991,0
mult,357301,0
deserialize,821,0
mult,362670,0
deserialize,1044,0
mult,356157,0
deserialize,848,0
mult,356952,0
deserialize,908,0
mult,357517,0
deserialize,959,0
mult,359683,0
deserialize,857,0
mult,358000,0
deserialize,878,0
mult,361563,0
deserialize,1098,0
mult,359012,0
deserialize,875,0
mult,360531,0
deserialize,863,0
mult,357391,0
deserialize,897,0
mult,357674,0
deserialize,977,0
mult,367394,0
deserialize,1073,0
mult,362213,0
deserialize,935,0
mult,358904,0
deserialize,973,0
mult,364819,0
deserialize,940,0
mult,360258,0
deserialize,932,0
mult,366047,0
deserialize,1041,0
mult,366199,0
deserialize,1047,0
mult,359542,0
deserialize,978,0
mult,366927,0
deserialize,909,0
mult,360624,0
deserialize,918,0
mult,360512,0
deserialize,998,0
mult,362837,0
deserialize,1012,0
mult,356905,0
deserialize,910,0
mult,356590,0
deserialize,874,0
mult,356782,0
deserialize,884,0
mult,356527,0
deserialize,837,0
mult,356947,0
deserialize,862,0
mult,357146,0
deserialize,934,0
mult,359541,0
deserialize,960,0
mult,358161,0
deserialize,897,0
mult,359941,0
deserialize,1186,0
mult,358858,0
deserialize,904,0
mult,372901,0
deserialize,1042,0
mult,357096,0
deserialize,999,0
mult,356958,0
deserialize,864,0
mult,361598,0
deserialize,896,0
mult,361096,0
deserialize,883,0
mult,359761,0
deserialize,924,0
mult,365058,0
deserialize,889,0
mult,360315,0
deserialize,972,0
mult,364663,0
deserialize,1011,0
mult,365701,0
deserialize,1053,0
mult,359406,0
deserialize,874,0
mult,371600,0
deserialize,1055,0
mult,360667,0
deserialize,909,0
mult,362253,0
deserialize,1048,0
mult,357124,0
deserialize,897,0
mult,356745,0
deserialize,983,0
mult,356560,0
deserialize,856,0
mult,356261,0
deserialize,1168,0
mult,356143,0
deserialize,984,0
mult,356457,0
deserialize,888,0
mult,356670,0
deserialize,883,0
mult,358419,0
deserialize,899,0
mult,363277,0
deserialize,1003,0
mult,359761,0
deserialize,1259,0
mult,358311,0
deserialize,827,0
mult,362435,0
deserialize,976,0
mult,356868,0
deserialize,844,0
mult,356982,0
deserialize,1017,0
mult,361711,0
deserialize,890,0
mult,359914,0
deserialize,980,0
mult,358952,0
deserialize,886,0
mult,363978,0
deserialize,908,0
mult,358760,0
deserialize,1163,0
mult,370841,0
deserialize,1113,0
mult,365655,0
deserialize,928,0
mult,360181,0
deserialize,875,0
mult,365579,0
deserialize,852,0
mult,361215,0
deserialize,886,0
mult,363274,0
deserialize,917,0
mult,356537,0
deserialize,893,0
mult,357061,0
deserialize,856,0
mult,356717,0
deserialize,933,0
mult,356578,0
deserialize,916,0
mult,356458,0
deserialize,1038,0
mult,362676,0
deserialize,1045,0
mult,357196,0
deserialize,1020,0
mult,357688,0
deserialize,971,0
mult,357968,0
deserialize,1187,0
mult,359297,0
deserialize,1017,0
mult,358674,0
deserialize,881,0
mult,362669,0
deserialize,986,0
mult,357022,0
deserialize,997,0
mult,357035,0
deserialize,1152,0
mult,360918,0
deserialize,909,0
mult,358597,0
deserialize,864,0
mult,365250,0
deserialize,1024,0
mult,364569,0
deserialize,973,0
mult,358471,0
deserialize,1157,0
mult,364192,0
deserialize,879,0
mult,365013,0
deserialize,976,0
mult,362534,0
deserialize,903,0
mult,365640,0
deserialize,966,0
mult,360880,0
deserialize,1349,0
mult,365356,0
deserialize,900,0
mult,357273,0
deserialize,1141,0
mult,357304,0
deserialize,916,0
mult,362494,0
deserialize,996,0
mult,356608,0
deserialize,967,0
mult,356584,0
deserialize,917,0
mult,356978,0
deserialize,906,0
mult,356910,0
deserialize,906,0
mult,357789,0
deserialize,949,0
mult,358364,0
deserialize,869,0
mult,359452,0
deserialize,1272,0
mult,357925,0
deserialize,847,0
mult,362703,0
deserialize,976,0
mult,357897,0
deserialize,966,0
mult,365302,0
deserialize,1199,0
mult,359270,0
deserialize,901,0
mult,358701,0
deserialize,1010,0
mult,360107,0
deserialize,893,0
mult,364830,0
deserialize,1004,0
mult,358335,0
deserialize,1021,0
mult,363766,0
deserialize,1000,0
mult,363905,0
deserialize,942,0
mult,363129,0
deserialize,1100,0
mult,365079,0
deserialize,840,0
mult,360867,0
deserialize,1178,0
mult,373637,0
deserialize,972,0
mult,357417,0
deserialize,1023,0
mult,357247,0
deserialize,881,0
mult,355854,0
deserialize,1410,0
mult,356868,0
deserialize,980,0
mult,356011,0
deserialize,865,0
mult,356839,0
deserialize,891,0
mult,356649,0
deserialize,908,0
mult,357528,0
deserialize,863,0
mult,357949,0
deserialize,899,0
mult,359411,0
deserialize,849,0
mult,363732,0
deserialize,1082,0
mult,362358,0
deserialize,902,0
mult,358592,0
deserialize,924,0
mult,358820,0
deserialize,908,0
mult,358736,0
deserialize,957,0
mult,358552,0
deserialize,878,0
mult,361731,0
deserialize,1134,0
mult,363827,0
deserialize,877,0
mult,358020,0
deserialize,954,0
mult,364203,0
deserialize,865,0
mult,363051,0
deserialize,920,0
mult,371793,0
deserialize,1117,0
mult,365224,0
deserialize,910,0
mult,360080,0
deserialize,984,0
mult,367158,0
deserialize,1369,0
mult,358899,0
deserialize,896,0
mult,357736,0
deserialize,940,0
mult,356249,0
deserialize,969,0
mult,356617,0
deserialize,890,0
mult,356013,0
deserialize,1221,0
mult,356631,0
deserialize,894,0
mult,356378,0
deserialize,900,0
mult,362760,0
deserialize,1054,0
mult,357974,0
deserialize,972,0
mult,359334,0
deserialize,1028,0
mult,357225,0
deserialize,865,0
mult,362129,0
deserialize,905,0
mult,359036,0
deserialize,905,0
mult,359468,0
deserialize,1125,0
mult,358112,0
deserialize,894,0
mult,357606,0
deserialize,1017,0
mult,362369,0
deserialize,937,0
mult,363175,0
deserialize,930,0
mult,365068,0
deserialize,1018,0
mult,363945,0
deserialize,1018,0
mult,361069,0
deserialize,1187,0
mult,365070,0
deserialize,1117,0
mult,365200,0
deserialize,869,0
mult,360355,0
deserialize,909,0
mult,367348,0
deserialize,851,0
mult,359176,0
deserialize,1100,0
mult,359261,0
deserialize,860,0
mult,356554,0
deserialize,896,0
mult,357002,0
deserialize,857,0
mult,363365,0
deserialize,1421,0
mult,356521,0
deserialize,908,0
mult,356421,0
deserialize,1055,0
mult,356785,0
deserialize,863,0
mult,356799,0
deserialize,969,0
mult,359001,0
deserialize,882,0
mult,357224,0
deserialize,1447,0
mult,361230,0
deserialize,842,0
mult,359317,0
deserialize,995,0
mult,360425,0
deserialize,873,0
mult,357453,0
deserialize,902,0
mult,362902,0
deserialize,1022,0
mult,361742,0
deserialize,1100,0
mult,362258,0
deserialize,844,0
mult,359745,0
deserialize,907,0
mult,363792,0
deserialize,852,0
mult,360416,0
deserialize,958,0
mult,366055,0
deserialize,853,0
mult,365980,0
deserialize,1335,0
mult,359105,0
deserialize,889,0
mult,365766,0
gemm,9.28889e+08,0
wait_all,7.24234e+08,0
deserialize,2490,0
mult,369198,0
deserialize,1179,0
mult,366031,0
deserialize,863,0
mult,360541,0
deserialize,973,0
mult,367689,0
deserialize,865,0
mult,359191,0
deserialize,873,0
mult,359064,0
deserialize,850,0
mult,357766,0
deserialize,940,0
mult,358314,0
deserialize,866,0
mult,357671,0
deserialize,897,0
mult,364718,0
deserialize,992,0
mult,357341,0
deserialize,1029,0
mult,358088,0
deserialize,821,0
mult,358882,0
deserialize,932,0
mult,360969,0
deserialize,813,0
mult,358686,0
deserialize,942,0
mult,363962,0
deserialize,911,0
mult,359909,0
deserialize,917,0
mult,361850,0
deserialize,830,0
mult,360328,0
deserialize,930,0
mult,358337,0
deserialize,886,0
mult,369101,0
deserialize,1303,0
mult,362978,0
deserialize,959,0
mult,360057,0
deserialize,837,0
mult,364208,0
deserialize,905,0
mult,364390,0
deserialize,1034,0
mult,366485,0
deserialize,972,0
mult,367320,0
deserialize,860,0
mult,360780,0
deserialize,943,0
mult,367777,0
deserialize,884,0
mult,361640,0
deserialize,904,0
mult,360548,0
deserialize,843,0
mult,364195,0
deserialize,1137,0
mult,357186,0
deserialize,1221,0
mult,357618,0
deserialize,876,0
mult,357837,0
deserialize,871,0
mult,357763,0
deserialize,946,0
mult,358174,0
deserialize,881,0
mult,359007,0
deserialize,821,0
mult,360686,0
deserialize,915,0
mult,359008,0
deserialize,848,0
mult,362823,0
deserialize,883,0
mult,360187,0
deserialize,893,0
mult,367246,0
deserialize,1022,0
mult,357731,0
deserialize,950,0
mult,358481,0
deserialize,903,0
mult,363303,0
deserialize,850,0
mult,363589,0
deserialize,855,0
mult,360594,0
deserialize,893,0
mult,365289,0
deserialize,946,0
mult,362448,0
deserialize,903,0
mult,366465,0
deserialize,901,0
mult,367339,0
deserialize,845,0
mult,360711,0
deserialize,880,0
mult,374161,0
deserialize,1022,0
mult,360940,0
deserialize,994,0
mult,361013,0
deserialize,866,0
mult,358370,0
deserialize,1014,0
mult,360454,0
deserialize,1371,0
mult,1.68533e+06,0
deserialize,873,0
mult,1.79241e+06,0
deserialize,973,0
mult,1.61829e+06,0
deserialize,899,0
mult,1.28619e+06,0
deserialize,1321,0
mult,366580,0
deserialize,1113,0
mult,361708,0
deserialize,1006,0
mult,357407,0
deserialize,879,0
mult,359594,0
deserialize,954,0
mult,360598,0
deserialize,869,0
mult,358225,0
deserialize,884,0
mult,363600,0
deserialize,939,0
mult,357734,0
deserialize,881,0
mult,357875,0
deserialize,871,0
mult,360038,0
deserialize,1113,0
mult,358888,0
deserialize,859,0
mult,367805,0
deserialize,1010,0
mult,364946,0
deserialize,943,0
mult,359023,0
deserialize,909,0
mult,364134,0
deserialize,974,0
mult,364174,0
deserialize,909,0
mult,363083,0
deserialize,1027,0
mult,364983,0
deserialize,892,0
mult,361270,0
deserialize,860,0
mult,367326,0
deserialize,875,0
mult,358855,0
deserialize,902,0
mult,357627,0
deserialize,918,0
mult,363066,0
deserialize,1425,0
mult,357065,0
deserialize,926,0
mult,356837,0
deserialize,931,0
mult,357487,0
deserialize,1239,0
mult,357101,0
deserialize,1197,0
mult,358094,0
deserialize,889,0
mult,358400,0
deserialize,941,0
mult,359677,0
deserialize,948,0
mult,358964,0
deserialize,1038,0
mult,363331,0
deserialize,922,0
mult,359404,0
deserialize,932,0
mult,364843,0
deserialize,957,0
mult,358208,0
deserialize,1240,0
mult,358277,0
deserialize,990,0
mult,362214,0
deserialize,954,0
mult,364400,0
deserialize,919,0
mult,359756,0
deserialize,1131,0
mult,364594,0
deserialize,1079,0
mult,363900,0
deserialize,950,0
mult,365648,0
deserialize,982,0
mult,366390,0
deserialize,1101,0
mult,361198,0
deserialize,887,0
mult,373014,0
deserialize,975,0
mult,359063,0
deserialize,967,0
mult,358645,0
deserialize,1272,0
mult,357261,0
deserialize,944,0
mult,357542,0
deserialize,1075,0
mult,356965,0
deserialize,995,0
mult,357445,0
deserialize,961,0
mult,357227,0
deserialize,1042,0
mult,357592,0
deserialize,871,0
mult,358085,0
deserialize,937,0
mult,359924,0
deserialize,17446,0
mult,392450,0
deserialize,1200,0
mult,394087,0
deserialize,1004,0
mult,393014,0
deserialize,920,0
mult,392260,0
deserialize,1114,0
mult,393488,0
deserialize,956,0
mult,394582,0
deserialize,898,0
mult,394502,0
deserialize,978,0
mult,395587,0
deserialize,1168,0
mult,393327,0
deserialize,966,0
mult,394973,0
deserialize,987,0
mult,403596,0
deserialize,996,0
mult,396489,0
deserialize,982,0
mult,405375,0
deserialize,912,0
mult,399390,0
deserialize,1182,0
mult,399840,0
deserialize,883,0
mult,408851,0
deserialize,940,0
mult,403328,0
deserialize,1117,0
mult,405026,0
deserialize,918,0
mult,396262,0
deserialize,877,0
mult,394958,0
deserialize,907,0
mult,398538,0
deserialize,1057,0
mult,391997,0
deserialize,929,0
mult,392602,0
deserialize,847,0
mult,392391,0
deserialize,922,0
mult,393746,0
deserialize,854,0
mult,392866,0
deserialize,872,0
mult,392704,0
deserialize,863,0
mult,392959,0
deserialize,913,0
mult,394010,0
deserialize,1169,0
mult,392826,0
deserialize,920,0
mult,400034,0
deserialize,1119,0
mult,393039,0
deserialize,911,0
mult,394058,0
deserialize,863,0
mult,393280,0
deserialize,894,0
mult,395565,0
deserialize,881,0
mult,396070,0
deserialize,956,0
mult,395870,0
deserialize,939,0
mult,404816,0
deserialize,915,0
mult,397932,0
deserialize,903,0
mult,399054,0
deserialize,851,0
mult,414507,0
deserialize,1155,0
mult,403343,0
deserialize,920,0
mult,406520,0
deserialize,999,0
mult,396467,0
deserialize,917,0
mult,395067,0
deserialize,1022,0
mult,394019,0
deserialize,911,0
mult,393715,0
deserialize,942,0
mult,392964,0
deserialize,916,0
mult,392441,0
deserialize,924,0
mult,392640,0
deserialize,914,0
mult,398685,0
deserialize,1001,0
mult,392629,0
deserialize,985,0
mult,392328,0
deserialize,877,0
mult,392856,0
deserialize,889,0
mult,393582,0
deserialize,886,0
mult,394501,0
deserialize,902,0
mult,394375,0
deserialize,952,0
mult,394176,0
deserialize,914,0
mult,393489,0
deserialize,873,0
mult,395258,0
deserialize,900,0
mult,399954,0
deserialize,1133,0
mult,394781,0
deserialize,919,0
mult,403953,0
deserialize,881,0
mult,398206,0
deserialize,913,0
mult,400274,0
deserialize,856,0
mult,407937,0
deserialize,902,0
mult,403885,0
deserialize,885,0
mult,407748,0
deserialize,956,0
mult,398720,0
deserialize,885,0
mult,394990,0
deserialize,974,0
mult,399880,0
deserialize,957,0
mult,392755,0
deserialize,953,0
mult,392464,0
deserialize,889,0
mult,393271,0
deserialize,943,0
mult,392806,0
deserialize,890,0
mult,392985,0
deserialize,972,0
mult,392889,0
deserialize,1013,0
mult,393062,0
deserialize,948,0
mult,392993,0
deserialize,847,0
mult,393338,0
deserialize,998,0
mult,399524,0
deserialize,1079,0
mult,393047,0
deserialize,1247,0
mult,394517,0
deserialize,892,0
mult,393653,0
deserialize,859,0
mult,395593,0
deserialize,896,0
mult,393259,0
deserialize,957,0
mult,393992,0
deserialize,919,0
mult,403493,0
deserialize,887,0
mult,399142,0
deserialize,1179,0
mult,402205,0
deserialize,895,0
mult,411751,0
deserialize,1015,0
mult,402964,0
deserialize,966,0
mult,409044,0
deserialize,1010,0
mult,399301,0
deserialize,917,0
mult,398078,0
deserialize,891,0
mult,393825,0
deserialize,910,0
mult,393291,0
deserialize,858,0
mult,392701,0
deserialize,888,0
mult,392494,0
deserialize,949,0
mult,393247,0
deserialize,866,0
mult,398035,0
deserialize,1058,0
mult,391972,0
deserialize,916,0
mult,392566,0
deserialize,1037,0
mult,392777,0
deserialize,907,0
mult,392705,0
deserialize,969,0
mult,393374,0
deserialize,894,0
mult,393180,0
deserialize,883,0
mult,395318,0
deserialize,918,0
mult,393563,0
deserialize,1274,0
mult,395533,0
deserialize,876,0
mult,398750,0
deserialize,1025,0
mult,393064,0
deserialize,942,0
mult,401706,0
deserialize,1041,0
mult,397939,0
deserialize,906,0
mult,403175,0
deserialize,923,0
mult,405102,0
deserialize,869,0
mult,403517,0
deserialize,927,0
mult,410464,0
deserialize,856,0
mult,400374,0
deserialize,906,0
mult,398901,0
deserialize,925,0
mult,399703,0
deserialize,1120,0
mult,393165,0
deserialize,984,0
mult,392187,0
deserialize,893,0
mult,393478,0
deserialize,888,0
mult,392254,0
deserialize,1131,0
mult,392086,0
deserialize,860,0
mult,392327,0
deserialize,1148,0
mult,392689,0
deserialize,878,0
mult,392704,0
deserialize,863,0
mult,392089,0
deserialize,891,0
mult,400630,0
deserialize,1326,0
mult,392864,0
deserialize,987,0
mult,395218,0
deserialize,903,0
mult,393485,0
deserialize,920,0
mult,395153,0
deserialize,866,0
mult,394561,0
deserialize,927,0
mult,393841,0
deserialize,960,0
mult,400730,0
deserialize,1170,0
mult,398824,0
deserialize,863,0
mult,404038,0
deserialize,948,0
mult,408245,0
deserialize,1247,0
mult,401768,0
deserialize,1030,0
mult,409504,0
deserialize,880,0
mult,400882,0
deserialize,1142,0
mult,400675,0
deserialize,953,0
mult,394493,0
deserialize,1010,0
mult,392590,0
deserialize,1014,0
mult,392898,0
deserialize,953,0
mult,392769,0
deserialize,874,0
mult,392207,0
deserialize,972,0
mult,398020,0
deserialize,971,0
mult,392324,0
deserialize,989,0
mult,391887,0
deserialize,903,0
mult,391494,0
deserialize,881,0
mult,392296,0
deserialize,873,0
mult,393585,0
deserialize,872,0
mult,393033,0
deserialize,867,0
mult,395190,0
deserialize,896,0
mult,393463,0
deserialize,899,0
mult,394743,0
deserialize,1083,0
mult,393847,0
deserialize,881,0
mult,399508,0
deserialize,1114,0
mult,399174,0
deserialize,980,0
mult,397524,0
deserialize,952,0
mult,404726,0
deserialize,960,0
mult,400484,0
deserialize,847,0
mult,401070,0
deserialize,855,0
mult,409659,0
deserialize,911,0
mult,402038,0
deserialize,911,0
mult,401716,0
deserialize,870,0
mult,400647,0
deserialize,1088,0
mult,392846,0
deserialize,967,0
mult,392762,0
deserialize,880,0
mult,392577,0
deserialize,880,0
mult,391927,0
deserialize,949,0
mult,392251,0
deserialize,907,0
mult,392810,0
deserialize,953,0
mult,392181,0
deserialize,875,0
mult,392034,0
deserialize,1020,0
mult,392209,0
deserialize,886,0
mult,392582,0
deserialize,966,0
mult,398999,0
deserialize,1119,0
mult,393888,0
deserialize,936,0
mult,393153,0
deserialize,920,0
mult,393759,0
deserialize,1031,0
mult,393417,0
deserialize,882,0
mult,394247,0
deserialize,860,0
mult,397524,0
deserialize,866,0
mult,396547,0
deserialize,866,0
mult,404913,0
deserialize,904,0
mult,398396,0
deserialize,1035,0
mult,408582,0
deserialize,977,0
mult,408496,0
deserialize,1007,0
mult,402327,0
deserialize,1152,0
mult,403923,0
deserialize,1041,0
mult,395241,0
deserialize,897,0
mult,393474,0
deserialize,989,0
mult,392968,0
deserialize,845,0
mult,392119,0
deserialize,882,0
mult,392327,0
deserialize,844,0
mult,391937,0
deserialize,875,0
mult,397798,0
deserialize,1156,0
mult,392217,0
deserialize,863,0
mult,392235,0
deserialize,946,0
mult,391980,0
deserialize,856,0
mult,392551,0
deserialize,873,0
mult,392079,0
deserialize,1185,0
mult,393543,0
deserialize,911,0
mult,393560,0
deserialize,951,0
mult,394394,0
deserialize,980,0
mult,393768,0
deserialize,960,0
mult,402180,0
deserialize,1100,0
mult,395781,0
deserialize,986,0
mult,395307,0
deserialize,969,0
mult,403992,0
deserialize,906,0
mult,396934,0
deserialize,1044,0
mult,398985,0
deserialize,1431,0
mult,407401,0
deserialize,922,0
mult,403179,0
deserialize,880,0
mult,405823,0
deserialize,868,0
mult,395812,0
deserialize,924,0
mult,399833,0
deserialize,1090,0
mult,393036,0
deserialize,883,0
mult,392021,0
deserialize,1151,0
mult,391611,0
deserialize,818,0
mult,391555,0
deserialize,899,0
mult,391661,0
deserialize,932,0
mult,391297,0
deserialize,975,0
mult,391962,0
deserialize,989,0
mult,392211,0
deserialize,885,0
mult,392072,0
deserialize,874,0
mult,398092,0
deserialize,1024,0
mult,392767,0
deserialize,921,0
mult,393375,0
deserialize,903,0
mult,394394,0
deserialize,914,0
mult,393487,0
deserialize,920,0
mult,394642,0
deserialize,907,0
mult,393147,0
deserialize,885,0
mult,393865,0
deserialize,854,0
mult,403669,0
deserialize,1006,0
mult,397602,0
deserialize,1180,0
mult,404251,0
deserialize,1565,0
mult,405902,0
deserialize,975,0
mult,403735,0
deserialize,891,0
mult,407609,0
deserialize,981,0
mult,397795,0
deserialize,896,0
mult,394879,0
deserialize,911,0
mult,392816,0
deserialize,870,0
mult,392309,0
deserialize,927,0
mult,391609,0
deserialize,940,0
mult,392466,0
deserialize,885,0
mult,397537,0
deserialize,1009,0
mult,391654,0
deserialize,967,0
mult,392241,0
deserialize,859,0
mult,391866,0
deserialize,880,0
mult,392720,0
deserialize,930,0
mult,391915,0
deserialize,955,0
mult,393329,0
deserialize,892,0
mult,393077,0
deserialize,1021,0
mult,393393,0
deserialize,1118,0
mult,393321,0
deserialize,1017,0
mult,399395,0
deserialize,1014,0
mult,392604,0
deserialize,986,0
mult,393038,0
deserialize,911,0
mult,402925,0
deserialize,1100,0
mult,397975,0
deserialize,906,0
mult,401134,0
deserialize,1020,0
mult,404997,0
deserialize,1207,0
mult,403782,0
deserialize,882,0
mult,408277,0
deserialize,937,0
mult,398554,0
deserialize,859,0
mult,402977,0
deserialize,1058,0
mult,393408,0
deserialize,1016,0
mult,391758,0
deserialize,941,0
mult,392477,0
deserialize,902,0
mult,391890,0
deserialize,947,0
mult,392198,0
deserialize,859,0
mult,391798,0
deserialize,984,0
mult,392464,0
deserialize,873,0
mult,391980,0
deserialize,974,0
mult,392544,0
deserialize,974,0
mult,411204,0
deserialize,1359,0
mult,392930,0
deserialize,994,0
mult,392801,0
deserialize,891,0
mult,394407,0
deserialize,940,0
mult,392891,0
deserialize,876,0
mult,395487,0
deserialize,843,0
mult,392013,0
deserialize,949,0
mult,393587,0
deserialize,881,0
mult,402317,0
deserialize,920,0
mult,397764,0
deserialize,998,0
mult,408963,0
deserialize,1005,0
mult,403578,0
deserialize,1028,0
mult,402219,0
deserialize,987,0
mult,409222,0
deserialize,891,0
mult,399501,0
deserialize,1023,0
mult,397862,0
deserialize,994,0
mult,393383,0
deserialize,887,0
mult,392273,0
deserialize,851,0
mult,391982,0
deserialize,922,0
mult,391585,0
deserialize,881,0
mult,399547,0
deserialize,1080,0
mult,392410,0
deserialize,998,0
mult,392117,0
deserialize,913,0
mult,391587,0
deserialize,1254,0
mult,391891,0
deserialize,883,0
mult,391475,0
deserialize,1018,0
mult,393220,0
deserialize,877,0
mult,393163,0
deserialize,1171,0
mult,394670,0
deserialize,861,0
mult,393945,0
deserialize,985,0
mult,400601,0
deserialize,1030,0
mult,392727,0
deserialize,980,0
mult,393745,0
deserialize,912,0
mult,400405,0
deserialize,1036,0
mult,397628,0
deserialize,905,0
mult,403326,0
deserialize,1323,0
mult,401910,0
deserialize,869,0
mult,402167,0
deserialize,896,0
mult,409481,0
deserialize,876,0
mult,400333,0
deserialize,875,0
mult,405294,0
deserialize,1247,0
mult,393650,0
deserialize,988,0
mult,393082,0
deserialize,890,0
mult,392410,0
deserialize,861,0
mult,392813,0
deserialize,863,0
mult,392258,0
deserialize,897,0
mult,392007,0
deserialize,903,0
mult,392216,0
deserialize,900,0
mult,392133,0
deserialize,956,0
mult,391568,0
deserialize,887,0
mult,397463,0
deserialize,1041,0
mult,393645,0
deserialize,1062,0
mult,392509,0
deserialize,931,0
mult,394574,0
deserialize,875,0
mult,392952,0
deserialize,939,0
mult,393881,0
deserialize,1298,0
mult,392830,0
deserialize,855,0
mult,393628,0
deserialize,868,0
mult,399057,0
deserialize,896,0
mult,396844,0
deserialize,897,0
mult,409675,0
deserialize,1139,0
mult,399759,0
deserialize,955,0
mult,401229,0
deserialize,1001,0
mult,409373,0
deserialize,968,0
mult,401920,0
deserialize,1067,0
mult,401978,0
deserialize,856,0
mult,393910,0
deserialize,964,0
mult,393112,0
deserialize,861,0
mult,392277,0
deserialize,992,0
mult,391657,0
deserialize,868,0
mult,398491,0
deserialize,1079,0
mult,391851,0
deserialize,1040,0
mult,391982,0
deserialize,936,0
mult,391510,0
deserialize,977,0
mult,392002,0
deserialize,918,0
mult,391741,0
deserialize,892,0
mult,392032,0
deserialize,913,0
mult,393199,0
deserialize,841,0
mult,394261,0
deserialize,1029,0
mult,393784,0
deserialize,1001,0
mult,393302,0
deserialize,885,0
mult,399020,0
deserialize,943,0
mult,394633,0
deserialize,1021,0
mult,397041,0
deserialize,908,0
mult,396837,0
deserialize,953,0
mult,404130,0
deserialize,890,0
mult,397793,0
deserialize,1197,0
mult,400032,0
deserialize,936,0
mult,408490,0
deserialize,932,0
mult,401862,0
deserialize,1010,0
mult,403644,0
deserialize,901,0
mult,402207,0
deserialize,1010,0
mult,393621,0
deserialize,869,0
mult,392401,0
deserialize,938,0
mult,392728,0
deserialize,865,0
mult,392343,0
deserialize,1043,0
mult,392080,0
deserialize,911,0
mult,391795,0
deserialize,949,0
mult,392078,0
deserialize,929,0
mult,392007,0
deserialize,1062,0
mult,392352,0
deserialize,1072,0
mult,399946,0
deserialize,1076,0
mult,391601,0
deserialize,953,0
mult,393158,0
deserialize,916,0
mult,392830,0
deserialize,1206,0
mult,393805,0
deserialize,994,0
mult,393521,0
deserialize,912,0
mult,394233,0
deserialize,928,0
mult,395680,0
deserialize,886,0
mult,395357,0
deserialize,974,0
mult,403685,0
deserialize,1068,0
mult,403206,0
deserialize,1285,0
mult,398697,0
deserialize,915,0
mult,407735,0
gemm,9.20645e+08,0
wait_all,7.10291e+08,0
deserialize,2690,0
mult,430177,0
deserialize,1045,0
mult,424103,0
deserialize,883,0
mult,425486,0
deserialize,1026,0
mult,437805,0
deserialize,1031,0
mult,425541,0
deserialize,883,0
mult,427670,0
deserialize,851,0
mult,422005,0
deserialize,913,0
mult,420580,0
deserialize,881,0
mult,420063,0
deserialize,885,0
mult,419724,0
deserialize,853,0
mult,419194,0
deserialize,935,0
mult,419078,0
deserialize,926,0
mult,426162,0
deserialize,1003,0
mult,419026,0
deserialize,903,0
mult,418834,0
deserialize,922,0
mult,418924,0
deserialize,1063,0
mult,419596,0
deserialize,1117,0
mult,420296,0
deserialize,843,0
mult,420743,0
deserialize,901,0
mult,420878,0
deserialize,885,0
mult,421209,0
deserialize,830,0
mult,420860,0
deserialize,847,0
mult,426474,0
deserialize,977,0
mult,420104,0
deserialize,943,0
mult,420507,0
deserialize,849,0
mult,426530,0
deserialize,835,0
mult,423177,0
deserialize,1147,0
mult,425172,0
deserialize,911,0
mult,431587,0
deserialize,852,0
mult,427265,0
deserialize,933,0
mult,428373,0
deserialize,822,0
mult,427605,0
deserialize,1027,0
mult,421253,0
deserialize,961,0
mult,420140,0
deserialize,938,0
mult,420498,0
deserialize,863,0
mult,420083,0
deserialize,939,0
mult,419504,0
deserialize,890,0
mult,419722,0
deserialize,845,0
mult,420116,0
deserialize,906,0
mult,419636,0
deserialize,927,0
mult,420023,0
deserialize,837,0
mult,426213,0
deserialize,991,0
mult,418936,0
deserialize,914,0
mult,420524,0
deserialize,861,0
mult,420935,0
deserialize,865,0
mult,422582,0
deserialize,887,0
mult,420590,0
deserialize,833,0
mult,420206,0
deserialize,937,0
mult,420116,0
deserialize,863,0
mult,420450,0
deserialize,893,0
mult,432161,0
deserialize,1028,0
mult,421408,0
deserialize,959,0
mult,423394,0
deserialize,858,0
mult,429833,0
deserialize,866,0
mult,427526,0
deserialize,1054,0
mult,429164,0
deserialize,919,0
mult,420318,0
deserialize,980,0
mult,419336,0
deserialize,1010,0
mult,1.71288e+06,0
deserialize,1281,0
mult,1.81263e+06,0
deserialize,840,0
mult,1.66377e+06,0
deserialize,997,0
mult,1.31606e+06,0
deserialize,1076,0
mult,426375,0
deserialize,993,0
mult,420680,0
deserialize,990,0
mult,418882,0
deserialize,977,0
mult,419697,0
deserialize,886,0
mult,419064,0
deserialize,840,0
mult,426181,0
deserialize,1005,0
mult,419479,0
deserialize,973,0
mult,419883,0
deserialize,1032,0
mult,420644,0
deserialize,912,0
mult,421821,0
deserialize,971,0
mult,420055,0
deserialize,920,0
mult,419827,0
deserialize,893,0
mult,419450,0
deserialize,878,0
mult,419582,0
deserialize,910,0
mult,423776,0
deserialize,893,0
mult,425820,0
deserialize,1123,0
mult,425790,0
deserialize,892,0
mult,425426,0
deserialize,897,0
mult,425298,0
deserialize,953,0
mult,431464,0
deserialize,850,0
mult,424820,0
deserialize,956,0
mult,424326,0
deserialize,902,0
mult,420550,0
deserialize,956,0
mult,419521,0
deserialize,966,0
mult,425225,0
deserialize,1002,0
mult,418431,0
deserialize,934,0
mult,418653,0
deserialize,952,0
mult,419193,0
deserialize,865,0
mult,419208,0
deserialize,940,0
mult,419397,0
deserialize,977,0
mult,419154,0
deserialize,960,0
mult,418707,0
deserialize,842,0
mult,419233,0
deserialize,938,0
mult,426140,0
deserialize,936,0
mult,420855,0
deserialize,1073,0
mult,419934,0
deserialize,880,0
mult,420511,0
deserialize,965,0
mult,419656,0
deserialize,885,0
mult,419834,0
deserialize,963,0
mult,420988,0
deserialize,911,0
mult,420723,0
deserialize,895,0
mult,426577,0
deserialize,920,0
mult,423557,0
deserialize,933,0
mult,431766,0
deserialize,936,0
mult,430923,0
deserialize,942,0
mult,425506,0
deserialize,916,0
mult,426053,0
deserialize,929,0
mult,421806,0
deserialize,900,0
mult,419662,0
deserialize,879,0
mult,419639,0
deserialize,896,0
mult,418966,0
deserialize,902,0
mult,419523,0
deserialize,877,0
mult,424937,0
deserialize,1073,0
mult,418046,0
deserialize,986,0
mult,418400,0
deserialize,18303,0
mult,393537,0
deserialize,1044,0
mult,391550,0
deserialize,920,0
mult,398193,0
deserialize,927,0
mult,391564,0
deserialize,854,0
mult,393567,0
deserialize,1228,0
mult,398993,0
deserialize,868,0
mult,396031,0
deserialize,868,0
mult,404742,0
deserialize,1046,0
mult,389361,0
deserialize,1024,0
mult,387234,0
deserialize,970,0
mult,393881,0
deserialize,890,0
mult,393514,0
deserialize,941,0
mult,402203,0
deserialize,886,0
mult,393720,0
deserialize,960,0
mult,394590,0
deserialize,889,0
mult,403226,0
deserialize,938,0
mult,396774,0
deserialize,1116,0
mult,403822,0
deserialize,969,0
mult,388394,0
deserialize,932,0
mult,387616,0
deserialize,893,0
mult,387451,0
deserialize,960,0
mult,387065,0
deserialize,910,0
mult,386889,0
deserialize,890,0
mult,386657,0
deserialize,867,0
mult,387271,0
deserialize,1324,0
mult,388048,0
deserialize,1122,0
mult,389203,0
deserialize,966,0
mult,402383,0
deserialize,1067,0
mult,391880,0
deserialize,907,0
mult,395324,0
deserialize,860,0
mult,396789,0
deserialize,865,0
mult,395977,0
deserialize,880,0
mult,399921,0
deserialize,867,0
mult,390840,0
deserialize,863,0
mult,388689,0
deserialize,993,0
mult,392827,0
deserialize,854,0
mult,392394,0
deserialize,914,0
mult,402604,0
deserialize,891,0
mult,402251,0
deserialize,1126,0
mult,393343,0
deserialize,892,0
mult,401812,0
deserialize,1332,0
mult,398024,0
deserialize,857,0
mult,399354,0
deserialize,933,0
mult,390017,0
deserialize,890,0
mult,388960,0
deserialize,956,0
mult,387381,0
deserialize,884,0
mult,386534,0
deserialize,940,0
mult,386975,0
deserialize,893,0
mult,393874,0
deserialize,1180,0
mult,385840,0
deserialize,903,0
mult,386267,0
deserialize,908,0
mult,387848,0
deserialize,866,0
mult,396809,0
deserialize,885,0
mult,392841,0
deserialize,1085,0
mult,396775,0
deserialize,948,0
mult,395723,0
deserialize,986,0
mult,396057,0
deserialize,955,0
mult,400516,0
deserialize,932,0
mult,397649,0
deserialize,974,0
mult,389487,0
deserialize,896,0
mult,393941,0
deserialize,989,0
mult,391459,0
deserialize,862,0
mult,401961,0
deserialize,877,0
mult,394387,0
deserialize,908,0
mult,396687,0
deserialize,868,0
mult,400954,0
deserialize,909,0
mult,397578,0
deserialize,919,0
mult,401061,0
deserialize,888,0
mult,397039,0
deserialize,1174,0
mult,389147,0
deserialize,1157,0
mult,387265,0
deserialize,906,0
mult,386886,0
deserialize,914,0
mult,386999,0
deserialize,938,0
mult,386908,0
deserialize,909,0
mult,386446,0
deserialize,980,0
mult,386834,0
deserialize,939,0
mult,387910,0
deserialize,961,0
mult,395281,0
deserialize,952,0
mult,397021,0
deserialize,914,0
mult,397324,0
deserialize,988,0
mult,394425,0
deserialize,840,0
mult,393701,0
deserialize,1001,0
mult,401930,0
deserialize,1352,0
mult,393272,0
deserialize,902,0
mult,392272,0
deserialize,910,0
mult,393801,0
deserialize,914,0
mult,389483,0
deserialize,913,0
mult,400254,0
deserialize,890,0
mult,401059,0
deserialize,1082,0
mult,398147,0
deserialize,964,0
mult,400049,0
deserialize,876,0
mult,397883,0
deserialize,903,0
mult,402481,0
deserialize,974,0
mult,392185,0
deserialize,891,0
mult,389777,0
deserialize,871,0
mult,387438,0
deserialize,870,0
mult,386873,0
deserialize,856,0
mult,386422,0
deserialize,892,0
mult,392161,0
deserialize,1066,0
mult,385205,0
deserialize,1122,0
mult,386168,0
deserialize,988,0
mult,386871,0
deserialize,867,0
mult,393064,0
deserialize,1120,0
mult,391306,0
deserialize,865,0
mult,397914,0
deserialize,998,0
mult,392592,0
deserialize,846,0
mult,393715,0
deserialize,894,0
mult,401707,0
deserialize,895,0
mult,402027,0
deserialize,1096,0
mult,393212,0
deserialize,918,0
mult,393221,0
deserialize,963,0
mult,389503,0
deserialize,904,0
mult,399199,0
deserialize,1030,0
mult,395214,0
deserialize,900,0
mult,400511,0
deserialize,1005,0
mult,398144,0
deserialize,864,0
mult,397627,0
deserialize,975,0
mult,403103,0
deserialize,880,0
mult,398757,0
deserialize,1289,0
mult,391673,0
deserialize,930,0
mult,387098,0
deserialize,977,0
mult,386622,0
deserialize,848,0
mult,386373,0
deserialize,883,0
mult,386434,0
deserialize,866,0
mult,385854,0
deserialize,874,0
mult,385982,0
deserialize,1013,0
mult,386624,0
deserialize,899,0
mult,391966,0
deserialize,851,0
mult,391402,0
deserialize,886,0
mult,403737,0
deserialize,977,0
mult,389911,0
deserialize,975,0
mult,392378,0
deserialize,882,0
mult,400368,0
deserialize,1045,0
mult,395470,0
deserialize,839,0
mult,394452,0
deserialize,851,0
mult,392510,0
deserialize,910,0
mult,387420,0
deserialize,1007,0
mult,397603,0
deserialize,824,0
mult,395037,0
deserialize,863,0
mult,406328,0
deserialize,1286,0
mult,395131,0
deserialize,1311,0
mult,396365,0
deserialize,1115,0
mult,403392,0
deserialize,935,0
mult,393984,0
deserialize,960,0
mult,393373,0
deserialize,877,0
mult,387519,0
deserialize,982,0
mult,387019,0
deserialize,1189,0
mult,386641,0
deserialize,938,0
mult,385957,0
deserialize,872,0
mult,392360,0
deserialize,1178,0
mult,385694,0
deserialize,842,0
mult,385757,0
deserialize,896,0
mult,390319,0
deserialize,874,0
mult,390147,0
deserialize,882,0
mult,397826,0
deserialize,870,0
mult,390603,0
deserialize,860,0
mult,391907,0
deserialize,882,0
mult,398402,0
deserialize,897,0
mult,395201,0
deserialize,903,0
mult,402840,0
deserialize,980,0
mult,391191,0
deserialize,1525,0
mult,386789,0
deserialize,903,0
mult,395653,0
deserialize,937,0
mult,394149,0
deserialize,911,0
mult,401317,0
deserialize,1133,0
mult,393742,0
deserialize,870,0
mult,394560,0
deserialize,882,0
mult,403242,0
deserialize,863,0
mult,395449,0
deserialize,916,0
mult,401400,0
deserialize,958,0
mult,387637,0
deserialize,982,0
mult,386941,0
deserialize,867,0
mult,386152,0
deserialize,883,0
mult,385890,0
deserialize,1025,0
mult,386041,0
deserialize,937,0
mult,386221,0
deserialize,858,0
mult,386706,0
deserialize,940,0
mult,388070,0
deserialize,878,0
mult,389871,0
deserialize,1015,0
mult,402563,0
deserialize,1010,0
mult,390696,0
deserialize,1038,0
mult,393083,0
deserialize,1029,0
mult,397409,0
deserialize,970,0
mult,395560,0
deserialize,919,0
mult,398348,0
deserialize,940,0
mult,389290,0
deserialize,878,0
mult,387870,0
deserialize,897,0
mult,393847,0
deserialize,1127,0
mult,393304,0
deserialize,868,0
mult,407765,0
deserialize,1027,0
mult,392103,0
deserialize,977,0
mult,393583,0
deserialize,874,0
mult,403276,0
deserialize,872,0
mult,396084,0
deserialize,891,0
mult,396229,0
deserialize,1020,0
mult,389894,0
deserialize,904,0
mult,387517,0
deserialize,899,0
mult,386591,0
deserialize,876,0
mult,385574,0
deserialize,882,0
mult,385364,0
deserialize,848,0
mult,391901,0
deserialize,1083,0
mult,385450,0
deserialize,878,0
mult,387273,0
deserialize,833,0
mult,388153,0
deserialize,1188,0
mult,396155,0
deserialize,856,0
mult,391689,0
deserialize,860,0
mult,394985,0
deserialize,850,0
mult,395834,0
deserialize,884,0
mult,395321,0
deserialize,1184,0
mult,399000,0
deserialize,919,0
mult,404397,0
deserialize,960,0
mult,388309,0
deserialize,990,0
mult,392217,0
deserialize,1187,0
mult,391864,0
deserialize,944,0
mult,401424,0
deserialize,939,0
mult,393044,0
deserialize,934,0
mult,393357,0
deserialize,950,0
mult,401718,0
deserialize,976,0
mult,396017,0
deserialize,1081,0
mult,398416,0
deserialize,881,0
mult,395029,0
deserialize,984,0
mult,387809,0
deserialize,968,0
mult,387183,0
deserialize,1075,0
mult,385604,0
deserialize,901,0
mult,385977,0
deserialize,829,0
mult,385006,0
deserialize,854,0
mult,385428,0
deserialize,937,0
mult,386120,0
deserialize,981,0
mult,387273,0
deserialize,1079,0
mult,395039,0
deserialize,879,0
mult,397507,0
deserialize,1030,0
mult,396075,0
deserialize,904,0
mult,395680,0
deserialize,1016,0
mult,394708,0
deserialize,896,0
mult,399208,0
deserialize,864,0
mult,391322,0
deserialize,863,0
mult,389660,0
deserialize,924,0
mult,393245,0
deserialize,924,0
mult,390577,0
deserialize,894,0
mult,401555,0
deserialize,956,0
mult,398904,0
deserialize,1120,0
mult,395334,0
deserialize,918,0
mult,400431,0
deserialize,1214,0
mult,397001,0
deserialize,965,0
mult,400480,0
deserialize,958,0
mult,390437,0
deserialize,866,0
mult,389090,0
deserialize,911,0
mult,386955,0
deserialize,864,0
mult,385861,0
deserialize,933,0
mult,385080,0
deserialize,882,0
mult,391586,0
deserialize,1006,0
mult,385596,0
deserialize,943,0
mult,385392,0
deserialize,962,0
mult,386349,0
deserialize,883,0
mult,393928,0
deserialize,860,0
mult,391541,0
deserialize,867,0
mult,396981,0
deserialize,997,0
mult,393510,0
deserialize,856,0
mult,393854,0
deserialize,1030,0
mult,400531,0
deserialize,893,0
mult,398573,0
deserialize,1120,0
mult,391202,0
deserialize,955,0
mult,393264,0
deserialize,906,0
mult,390717,0
deserialize,1147,0
mult,399907,0
deserialize,973,0
mult,394242,0
deserialize,927,0
mult,397709,0
deserialize,851,0
mult,399227,0
deserialize,859,0
mult,396973,0
deserialize,906,0
mult,401398,0
deserialize,874,0
mult,390892,0
deserialize,900,0
mult,395689,0
deserialize,1029,0
mult,386964,0
deserialize,872,0
mult,386514,0
deserialize,921,0
mult,385525,0
deserialize,907,0
mult,385432,0
deserialize,923,0
mult,385533,0
deserialize,863,0
mult,385624,0
deserialize,927,0
mult,386460,0
deserialize,873,0
mult,392821,0
deserialize,940,0
mult,391307,0
deserialize,866,0
mult,402481,0
deserialize,1054,0
mult,391466,0
deserialize,913,0
mult,392415,0
deserialize,870,0
mult,399498,0
deserialize,902,0
mult,393193,0
deserialize,853,0
mult,393458,0
deserialize,853,0
mult,393131,0
deserialize,891,0
mult,388461,0
deserialize,960,0
mult,398507,0
deserialize,857,0
mult,394204,0
deserialize,958,0
mult,404973,0
deserialize,1034,0
mult,397700,0
deserialize,970,0
mult,396208,0
deserialize,1006,0
mult,402817,0
deserialize,906,0
mult,393119,0
deserialize,889,0
mult,391260,0
deserialize,896,0
mult,387224,0
deserialize,862,0
mult,385513,0
deserialize,839,0
mult,385874,0
deserialize,867,0
mult,385806,0
deserialize,876,0
mult,390991,0
deserialize,1018,0
mult,385398,0
deserialize,959,0
mult,386113,0
deserialize,1066,0
mult,391957,0
deserialize,962,0
mult,391088,0
deserialize,920,0
mult,397681,0
deserialize,961,0
mult,390606,0
deserialize,867,0
mult,391809,0
deserialize,953,0
mult,400242,0
deserialize,875,0
mult,393941,0
deserialize,956,0
mult,400418,0
deserialize,982,0
mult,392955,0
deserialize,1062,0
mult,387267,0
deserialize,914,0
mult,397007,0
deserialize,978,0
mult,393042,0
deserialize,877,0
mult,400107,0
deserialize,1089,0
mult,395938,0
deserialize,936,0
mult,395714,0
deserialize,892,0
mult,403221,0
deserialize,916,0
mult,393170,0
deserialize,874,0
mult,399073,0
deserialize,1025,0
mult,386804,0
deserialize,985,0
mult,386782,0
deserialize,853,0
mult,386058,0
deserialize,1084,0
mult,385887,0
deserialize,914,0
mult,385605,0
deserialize,876,0
mult,385932,0
deserialize,848,0
mult,385850,0
deserialize,869,0
mult,390104,0
deserialize,867,0
mult,390182,0
deserialize,879,0
mult,397807,0
deserialize,893,0
mult,396916,0
deserialize,1091,0
mult,391035,0
deserialize,908,0
mult,399519,0
deserialize,906,0
mult,394881,0
deserialize,877,0
mult,396095,0
deserialize,895,0
mult,390973,0
deserialize,925,0
mult,386437,0
deserialize,949,0
mult,395453,0
deserialize,886,0
mult,393736,0
deserialize,911,0
mult,402052,0
deserialize,1031,0
mult,399560,0
deserialize,953,0
mult,394592,0
deserialize,975,0
mult,403290,0
deserialize,966,0
mult,394730,0
deserialize,936,0
mult,395051,0
deserialize,860,0
mult,387484,0
deserialize,1238,0
mult,386049,0
deserialize,869,0
mult,386037,0
deserialize,938,0
mult,386182,0
deserialize,863,0
mult,385558,0
deserialize,881,0
mult,391944,0
deserialize,1271,0
mult,385371,0
deserialize,915,0
mult,388721,0
deserialize,966,0
mult,389264,0
deserialize,872,0
mult,396999,0
deserialize,1140,0
mult,390719,0
deserialize,919,0
mult,392949,0
deserialize,860,0
mult,397989,0
deserialize,1170,0
mult,394920,0
deserialize,1163,0
mult,397387,0
deserialize,947,0
mult,404904,0
deserialize,960,0
mult,386272,0
deserialize,1116,0
mult,394664,0
deserialize,984,0
mult,392589,0
deserialize,935,0
mult,401120,0
deserialize,867,0
mult,392147,0
deserialize,881,0
mult,393766,0
deserialize,1040,0
mult,401924,0
deserialize,862,0
mult,396153,0
deserialize,953,0
mult,396094,0
deserialize,848,0
mult,394367,0
deserialize,1007,0
mult,387757,0
deserialize,888,0
mult,386098,0
deserialize,959,0
mult,385762,0
deserialize,853,0
mult,385947,0
deserialize,1039,0
mult,385871,0
deserialize,978,0
mult,385309,0
deserialize,938,0
mult,387810,0
deserialize,859,0
mult,388628,0
deserialize,1008,0
mult,395360,0
deserialize,852,0
mult,397634,0
deserialize,1083,0
mult,394343,0
deserialize,895,0
mult,397083,0
deserialize,913,0
mult,395043,0
deserialize,940,0
mult,398802,0
deserialize,953,0
mult,390247,0
deserialize,1025,0
mult,387994,0
deserialize,1221,0
mult,391518,0
deserialize,900,0
mult,392107,0
deserialize,943,0
mult,401403,0
deserialize,913,0
mult,398948,0
deserialize,1330,0
mult,393472,0
deserialize,910,0
mult,401589,0
gemm,8.97386e+08,0
wait_all,7.04228e+08,0
deserialize,2576,0
mult,374408,0
deserialize,1160,0
mult,371524,0
deserialize,882,0
mult,369477,0
deserialize,1002,0
mult,372218,0
deserialize,916,0
mult,370640,0
deserialize,887,0
mult,370651,0
deserialize,862,0
mult,370795,0
deserialize,1234,0
mult,370066,0
deserialize,872,0
mult,370934,0
deserialize,948,0
mult,375880,0
deserialize,978,0
mult,371634,0
deserialize,967,0
mult,379177,0
deserialize,830,0
mult,379035,0
deserialize,895,0
mult,383564,0
deserialize,860,0
mult,376614,0
deserialize,1121,0
mult,381530,0
deserialize,869,0
mult,378921,0
deserialize,955,0
mult,375294,0
deserialize,876,0
mult,376086,0
deserialize,914,0
mult,370764,0
deserialize,863,0
mult,377482,0
deserialize,969,0
mult,371039,0
deserialize,866,0
mult,371312,0
deserialize,882,0
mult,371992,0
deserialize,894,0
mult,373347,0
deserialize,874,0
mult,370893,0
deserialize,866,0
mult,371841,0
deserialize,906,0
mult,369448,0
deserialize,937,0
mult,371014,0
deserialize,886,0
mult,370127,0
deserialize,1159,0
mult,377924,0
deserialize,997,0
mult,368934,0
deserialize,962,0
mult,369625,0
deserialize,888,0
mult,370482,0
deserialize,907,0
mult,371004,0
deserialize,877,0
mult,372509,0
deserialize,940,0
mult,377140,0
deserialize,893,0
mult,378003,0
deserialize,893,0
mult,383653,0
deserialize,888,0
mult,377808,0
deserialize,935,0
mult,382347,0
deserialize,872,0
mult,382928,0
deserialize,1116,0
mult,376101,0
deserialize,907,0
mult,376736,0
deserialize,883,0
mult,371519,0
deserialize,885,0
mult,372740,0
deserialize,880,0
mult,371166,0
deserialize,864,0
mult,371387,0
deserialize,932,0
mult,371856,0
deserialize,1000,0
mult,371666,0
deserialize,904,0
mult,370781,0
deserialize,900,0
mult,371247,0
deserialize,902,0
mult,375298,0
deserialize,971,0
mult,370534,0
deserialize,890,0
mult,370744,0
deserialize,920,0
mult,373167,0
deserialize,860,0
mult,370768,0
deserialize,1268,0
mult,370044,0
deserialize,974,0
mult,1.68902e+06,0
deserialize,907,0
mult,1.80853e+06,0
deserialize,920,0
mult,1.63529e+06,0
deserialize,913,0
mult,1.31482e+06,0
deserialize,1228,0
mult,369121,0
deserialize,985,0
mult,369579,0
deserialize,979,0
mult,381048,0
deserialize,962,0
mult,379251,0
deserialize,990,0
mult,382054,0
deserialize,829,0
mult,374874,0
deserialize,878,0
mult,380423,0
deserialize,947,0
mult,377695,0
deserialize,882,0
mult,379266,0
deserialize,1256,0
mult,374297,0
deserialize,965,0
mult,368833,0
deserialize,916,0
mult,369436,0
deserialize,919,0
mult,371454,0
deserialize,1116,0
mult,370301,0
deserialize,933,0
mult,370211,0
deserialize,884,0
mult,372616,0
deserialize,912,0
mult,369704,0
deserialize,1124,0
mult,370560,0
deserialize,917,0
mult,369454,0
deserialize,924,0
mult,375917,0
deserialize,996,0
mult,367734,0
deserialize,913,0
mult,369217,0
deserialize,913,0
mult,369231,0
deserialize,814,0
mult,369864,0
deserialize,923,0
mult,370081,0
deserialize,881,0
mult,371027,0
deserialize,1122,0
mult,373280,0
deserialize,975,0
mult,379200,0
deserialize,1063,0
mult,377944,0
deserialize,927,0
mult,382690,0
deserialize,966,0
mult,382547,0
deserialize,1043,0
mult,379568,0
deserialize,886,0
mult,377327,0
deserialize,937,0
mult,374270,0
deserialize,915,0
mult,376127,0
deserialize,1025,0
mult,369724,0
deserialize,1056,0
mult,370485,0
deserialize,928,0
mult,370672,0
deserialize,927,0
mult,370269,0
deserialize,1146,0
mult,370872,0
deserialize,901,0
mult,378617,0
deserialize,1129,0
mult,368927,0
deserialize,1046,0
mult,370056,0
deserialize,855,0
mult,369091,0
deserialize,868,0
mult,371741,0
deserialize,1010,0
mult,368637,0
deserialize,953,0
mult,370732,0
deserialize,880,0
mult,369473,0
deserialize,890,0
mult,370341,0
deserialize,866,0
mult,369511,0
deserialize,1425,0
mult,370662,0
deserialize,1070,0
mult,378668,0
deserialize,1080,0
mult,378591,0
deserialize,973,0
mult,377722,0
deserialize,1025,0
mult,383288,0
deserialize,20766,0
mult,414927,0
deserialize,1157,0
mult,359853,0
deserialize,903,0
mult,363149,0
deserialize,913,0
mult,360081,0
deserialize,910,0
mult,360664,0
deserialize,1090,0
mult,359037,0
deserialize,873,0
mult,358192,0
deserialize,927,0
mult,370681,0
deserialize,1059,0
mult,363593,0
deserialize,1450,0
mult,359172,0
deserialize,969,0
mult,363836,0
deserialize,917,0
mult,363398,0
deserialize,1006,0
mult,367148,0
deserialize,909,0
mult,367080,0
deserialize,978,0
mult,360652,0
deserialize,923,0
mult,367810,0
deserialize,964,0
mult,360030,0
deserialize,899,0
mult,361037,0
deserialize,930,0
mult,363051,0
deserialize,1010,0
mult,357365,0
deserialize,920,0
mult,357228,0
deserialize,916,0
mult,357666,0
deserialize,892,0
mult,357070,0
deserialize,924,0
mult,357403,0
deserialize,891,0
mult,358165,0
deserialize,978,0
mult,360230,0
deserialize,868,0
mult,358584,0
deserialize,907,0
mult,362316,0
deserialize,895,0
mult,359917,0
deserialize,899,0
mult,366801,0
deserialize,1017,0
mult,357403,0
deserialize,914,0
mult,358661,0
deserialize,1094,0
mult,363087,0
deserialize,887,0
mult,362841,0
deserialize,846,0
mult,359621,0
deserialize,917,0
mult,365501,0
deserialize,842,0
mult,362196,0
deserialize,1072,0
mult,366728,0
deserialize,924,0
mult,366895,0
deserialize,912,0
mult,359742,0
deserialize,935,0
mult,372669,0
deserialize,1075,0
mult,360521,0
deserialize,901,0
mult,361228,0
deserialize,1077,0
mult,357603,0
deserialize,888,0
mult,357901,0
deserialize,1130,0
mult,357257,0
deserialize,893,0
mult,358259,0
deserialize,942,0
mult,357651,0
deserialize,882,0
mult,358849,0
deserialize,950,0
mult,358538,0
deserialize,871,0
mult,360684,0
deserialize,931,0
mult,365050,0
deserialize,1003,0
mult,360513,0
deserialize,987,0
mult,359573,0
deserialize,918,0
mult,362563,0
deserialize,884,0
mult,358021,0
deserialize,839,0
mult,358287,0
deserialize,922,0
mult,362849,0
deserialize,860,0
mult,361371,0
deserialize,913,0
mult,360011,0
deserialize,870,0
mult,365238,0
deserialize,945,0
mult,360164,0
deserialize,870,0
mult,372496,0
deserialize,1030,0
mult,366465,0
deserialize,1240,0
mult,360940,0
deserialize,955,0
mult,366805,0
deserialize,911,0
mult,362076,0
deserialize,909,0
mult,363032,0
deserialize,893,0
mult,358016,0
deserialize,907,0
mult,357724,0
deserialize,933,0
mult,357081,0
deserialize,905,0
mult,358784,0
deserialize,889,0
mult,357952,0
deserialize,963,0
mult,363786,0
deserialize,1056,0
mult,356675,0
deserialize,910,0
mult,359935,0
deserialize,950,0
mult,358952,0
deserialize,971,0
mult,361464,0
deserialize,951,0
mult,359535,0
deserialize,887,0
mult,363447,0
deserialize,926,0
mult,358239,0
deserialize,953,0
mult,358501,0
deserialize,942,0
mult,362391,0
deserialize,952,0
mult,361068,0
deserialize,882,0
mult,369009,0
deserialize,1045,0
mult,364554,0
deserialize,942,0
mult,359620,0
deserialize,932,0
mult,366204,0
deserialize,937,0
mult,366621,0
deserialize,1369,0
mult,361134,0
deserialize,880,0
mult,366315,0
deserialize,889,0
mult,362022,0
deserialize,849,0
mult,364837,0
deserialize,897,0
mult,358881,0
deserialize,867,0
mult,357794,0
deserialize,874,0
mult,1.37765e+06,0
deserialize,971,0
mult,363028,0
deserialize,1091,0
mult,357794,0
deserialize,895,0
mult,357239,0
deserialize,970,0
mult,357806,0
deserialize,846,0
mult,358934,0
deserialize,879,0
mult,359123,0
deserialize,865,0
mult,360413,0
deserialize,1124,0
mult,365603,0
deserialize,1009,0
mult,363980,0
deserialize,1350,0
mult,357411,0
deserialize,860,0
mult,358314,0
deserialize,935,0
mult,360581,0
deserialize,910,0
mult,360211,0
deserialize,1229,0
mult,360100,0
deserialize,880,0
mult,365162,0
deserialize,967,0
mult,358933,0
deserialize,914,0
mult,364801,0
deserialize,1072,0
mult,365049,0
deserialize,873,0
mult,368761,0
deserialize,1139,0
mult,365756,0
deserialize,962,0
mult,360999,0
deserialize,1032,0
mult,366849,0
deserialize,1400,0
mult,358491,0
deserialize,900,0
mult,357901,0
deserialize,907,0
mult,357309,0
deserialize,1027,0
mult,357651,0
deserialize,850,0
mult,357287,0
deserialize,884,0
mult,357155,0
deserialize,874,0
mult,356937,0
deserialize,910,0
mult,365590,0
deserialize,981,0
mult,357657,0
deserialize,960,0
mult,359391,0
deserialize,885,0
mult,359258,0
deserialize,1135,0
mult,363202,0
deserialize,872,0
mult,358801,0
deserialize,1018,0
mult,358464,0
deserialize,1030,0
mult,360801,0
deserialize,912,0
mult,359397,0
deserialize,872,0
mult,362219,0
deserialize,891,0
mult,365649,0
deserialize,902,0
mult,364999,0
deserialize,1194,0
mult,363969,0
deserialize,958,0
mult,364128,0
deserialize,890,0
mult,363758,0
deserialize,1064,0
mult,366461,0
deserialize,976,0
mult,361467,0
deserialize,938,0
mult,366728,0
deserialize,966,0
mult,358921,0
deserialize,973,0
mult,358029,0
deserialize,900,0
mult,357411,0
deserialize,978,0
mult,357336,0
deserialize,871,0
mult,362820,0
deserialize,1037,0
mult,357347,0
deserialize,1001,0
mult,357578,0
deserialize,964,0
mult,357749,0
deserialize,876,0
mult,359235,0
deserialize,911,0
mult,359694,0
deserialize,892,0
mult,357917,0
deserialize,1039,0
mult,362702,0
deserialize,893,0
mult,359039,0
deserialize,848,0
mult,359742,0
deserialize,888,0
mult,359089,0
deserialize,894,0
mult,364572,0
deserialize,1060,0
mult,360802,0
deserialize,922,0
mult,364302,0
deserialize,963,0
mult,358848,0
deserialize,1074,0
mult,364632,0
deserialize,998,0
mult,363247,0
deserialize,928,0
mult,365347,0
deserialize,969,0
mult,366836,0
deserialize,943,0
mult,360759,0
deserialize,912,0
mult,367494,0
deserialize,875,0
mult,359507,0
deserialize,980,0
mult,364107,0
deserialize,978,0
mult,356676,0
deserialize,989,0
mult,357090,0
deserialize,842,0
mult,357036,0
deserialize,969,0
mult,357649,0
deserialize,901,0
mult,357254,0
deserialize,953,0
mult,358349,0
deserialize,974,0
mult,358136,0
deserialize,1353,0
mult,360078,0
deserialize,830,0
mult,357281,0
deserialize,1060,0
mult,362244,0
deserialize,1130,0
mult,365236,0
deserialize,1149,0
mult,359540,0
deserialize,909,0
mult,357786,0
deserialize,945,0
mult,358678,0
deserialize,896,0
mult,362177,0
deserialize,984,0
mult,363684,0
deserialize,850,0
mult,359784,0
deserialize,908,0
mult,363954,0
deserialize,900,0
mult,363390,0
deserialize,899,0
mult,364982,0
deserialize,1137,0
mult,366006,0
deserialize,895,0
mult,367389,0
deserialize,1000,0
mult,367494,0
deserialize,1155,0
mult,360245,0
deserialize,916,0
mult,359540,0
deserialize,1044,0
mult,357056,0
deserialize,896,0
mult,357233,0
deserialize,907,0
mult,356474,0
deserialize,858,0
mult,357195,0
deserialize,949,0
mult,357145,0
deserialize,856,0
mult,356988,0
deserialize,888,0
mult,357503,0
deserialize,885,0
mult,366381,0
deserialize,998,0
mult,357849,0
deserialize,939,0
mult,361712,0
deserialize,891,0
mult,359407,0
deserialize,863,0
mult,361225,0
deserialize,883,0
mult,357270,0
deserialize,1130,0
mult,357494,0
deserialize,1264,0
mult,361916,0
deserialize,959,0
mult,361606,0
deserialize,926,0
mult,359148,0
deserialize,981,0
mult,365039,0
deserialize,996,0
mult,367104,0
deserialize,1050,0
mult,366293,0
deserialize,968,0
mult,365834,0
deserialize,1300,0
mult,359756,0
deserialize,978,0
mult,366308,0
deserialize,911,0
mult,361048,0
deserialize,1199,0
mult,361661,0
deserialize,907,0
mult,357290,0
deserialize,891,0
mult,357377,0
deserialize,850,0
mult,356505,0
deserialize,890,0
mult,356597,0
deserialize,904,0
mult,362918,0
deserialize,1086,0
mult,356930,0
deserialize,973,0
mult,356696,0
deserialize,930,0
mult,359661,0
deserialize,960,0
mult,357103,0
deserialize,903,0
mult,360761,0
deserialize,842,0
mult,359112,0
deserialize,1104,0
mult,361381,0
deserialize,882,0
mult,357390,0
deserialize,963,0
mult,357699,0
deserialize,842,0
mult,361889,0
deserialize,908,0
mult,361124,0
deserialize,881,0
mult,364405,0
deserialize,1096,0
mult,364011,0
deserialize,894,0
mult,359610,0
deserialize,894,0
mult,366060,0
deserialize,977,0
mult,366168,0
deserialize,1057,0
mult,359611,0
deserialize,858,0
mult,365222,0
deserialize,1012,0
mult,362176,0
deserialize,1038,0
mult,363227,0
deserialize,1081,0
mult,357637,0
deserialize,860,0
mult,356743,0
deserialize,963,0
mult,362648,0
deserialize,1030,0
mult,356810,0
deserialize,961,0
mult,356673,0
deserialize,890,0
mult,357065,0
deserialize,896,0
mult,356870,0
deserialize,874,0
mult,358648,0
deserialize,897,0
mult,357973,0
deserialize,895,0
mult,360121,0
deserialize,880,0
mult,359264,0
deserialize,854,0
mult,362536,0
deserialize,983,0
mult,356775,0
deserialize,885,0
mult,363000,0
deserialize,1099,0
mult,361189,0
deserialize,1204,0
mult,359700,0
deserialize,1067,0
mult,358886,0
deserialize,887,0
mult,365207,0
deserialize,934,0
mult,359026,0
deserialize,889,0
mult,364965,0
deserialize,931,0
mult,365635,0
deserialize,1010,0
mult,361272,0
deserialize,909,0
mult,366044,0
deserialize,856,0
mult,361211,0
deserialize,976,0
mult,384556,0
deserialize,1017,0
mult,357549,0
deserialize,908,0
mult,357081,0
deserialize,902,0
mult,356800,0
deserialize,909,0
mult,356951,0
deserialize,922,0
mult,356880,0
deserialize,973,0
mult,357036,0
deserialize,930,0
mult,356695,0
deserialize,967,0
mult,358618,0
deserialize,987,0
mult,358171,0
deserialize,887,0
mult,359276,0
deserialize,1300,0
mult,364993,0
deserialize,1349,0
mult,363218,0
deserialize,1017,0
mult,357474,0
deserialize,931,0
mult,357197,0
deserialize,900,0
mult,360930,0
deserialize,924,0
mult,359381,0
deserialize,852,0
mult,359017,0
deserialize,896,0
mult,365406,0
deserialize,895,0
mult,359004,0
deserialize,1067,0
mult,364255,0
deserialize,1205,0
mult,365106,0
deserialize,1238,0
mult,369203,0
deserialize,1035,0
mult,365502,0
deserialize,990,0
mult,361086,0
deserialize,1009,0
mult,365916,0
deserialize,896,0
mult,357531,0
deserialize,874,0
mult,357105,0
deserialize,930,0
mult,357161,0
deserialize,861,0
mult,357381,0
deserialize,864,0
mult,356715,0
deserialize,871,0
mult,357198,0
deserialize,891,0
mult,356568,0
deserialize,1385,0
mult,363954,0
deserialize,1140,0
mult,358162,0
deserialize,881,0
mult,359432,0
deserialize,930,0
mult,358041,0
deserialize,890,0
mult,362925,0
deserialize,967,0
mult,358432,0
deserialize,867,0
mult,357278,0
deserialize,1060,0
mult,358816,0
deserialize,866,0
mult,358154,0
deserialize,984,0
mult,360727,0
deserialize,893,0
mult,364568,0
deserialize,1201,0
mult,364057,0
deserialize,1250,0
mult,363596,0
deserialize,1013,0
mult,363627,0
deserialize,872,0
mult,363105,0
deserialize,1078,0
mult,364828,0
deserialize,828,0
mult,361066,0
deserialize,1006,0
mult,365851,0
deserialize,1026,0
mult,358148,0
deserialize,920,0
mult,357314,0
deserialize,853,0
mult,356377,0
deserialize,1340,0
mult,356904,0
deserialize,1024,0
mult,362525,0
deserialize,1053,0
mult,356403,0
deserialize,903,0
mult,357478,0
deserialize,902,0
mult,357138,0
deserialize,873,0
mult,358283,0
deserialize,890,0
mult,359909,0
deserialize,893,0
mult,357574,0
deserialize,913,0
mult,363061,0
deserialize,885,0
mult,359218,0
deserialize,1038,0
mult,358459,0
deserialize,892,0
mult,358284,0
deserialize,929,0
mult,363636,0
deserialize,1034,0
mult,361217,0
deserialize,932,0
mult,364736,0
deserialize,900,0
mult,359392,0
deserialize,914,0
mult,363758,0
deserialize,914,0
mult,363631,0
deserialize,1016,0
mult,365883,0
deserialize,1048,0
mult,365656,0
deserialize,1002,0
mult,360090,0
deserialize,1020,0
mult,367837,0
deserialize,970,0
mult,359047,0
deserialize,924,0
mult,363103,0
deserialize,1069,0
mult,356954,0
deserialize,980,0
mult,357054,0
deserialize,887,0
mult,356186,0
deserialize,950,0
mult,357104,0
deserialize,907,0
mult,357329,0
deserialize,897,0
mult,357024,0
deserialize,872,0
mult,358088,0
deserialize,897,0
mult,358591,0
deserialize,996,0
mult,357641,0
deserialize,865,0
mult,362470,0
deserialize,915,0
mult,372060,0
deserialize,1007,0
mult,359443,0
deserialize,894,0
mult,357639,0
deserialize,913,0
mult,358232,0
deserialize,1055,0
mult,362617,0
deserialize,897,0
mult,364165,0
deserialize,910,0
mult,359618,0
deserialize,893,0
mult,364425,0
deserialize,909,0
mult,362488,0
deserialize,994,0
mult,366423,0
deserialize,901,0
mult,365803,0
deserialize,870,0
mult,365510,0
deserialize,1095,0
mult,367118,0
deserialize,889,0
mult,359381,0
deserialize,1004,0
mult,359445,0
deserialize,870,0
mult,356731,0
deserialize,986,0
mult,357110,0
deserialize,858,0
mult,356674,0
deserialize,1156,0
mult,356976,0
deserialize,886,0
mult,357343,0
deserialize,1071,0
mult,357007,0
deserialize,896,0
mult,358209,0
deserialize,960,0
mult,365362,0
deserialize,998,0
mult,357252,0
deserialize,1026,0
mult,361198,0
deserialize,868,0
mult,359594,0
deserialize,1239,0
mult,360955,0
deserialize,900,0
mult,357220,0
deserialize,957,0
mult,357652,0
deserialize,930,0
mult,361665,0
deserialize,1023,0
mult,361435,0
deserialize,886,0
mult,359088,0
deserialize,1260,0
mult,363887,0
deserialize,882,0
mult,366174,0
deserialize,1121,0
mult,365021,0
deserialize,933,0
mult,366028,0
deserialize,1029,0
mult,359821,0
deserialize,926,0
mult,366727,0
gemm,9.12276e+08,0
wait_all,7.07536e+08,0
deserialize,2751,0
mult,374375,0
deserialize,1172,0
mult,366646,0
deserialize,897,0
mult,361945,0
deserialize,936,0
mult,367157,0
deserialize,877,0
mult,360425,0
deserialize,855,0
mult,358910,0
deserialize,1343,0
mult,358219,0
deserialize,920,0
mult,358178,0
deserialize,856,0
mult,357843,0
deserialize,893,0
mult,358487,0
deserialize,887,0
mult,357811,0
deserialize,930,0
mult,363388,0
deserialize,1094,0
mult,357895,0
deserialize,983,0
mult,360406,0
deserialize,854,0
mult,358424,0
deserialize,869,0
mult,362956,0
deserialize,867,0
mult,360309,0
deserialize,1073,0
mult,361197,0
deserialize,858,0
mult,358863,0
deserialize,876,0
mult,358506,0
deserialize,864,0
mult,363763,0
deserialize,880,0
mult,364325,0
deserialize,872,0
mult,365054,0
deserialize,986,0
mult,364008,0
deserialize,973,0
mult,362044,0
deserialize,859,0
mult,367134,0
deserialize,877,0
mult,368118,0
deserialize,883,0
mult,361440,0
deserialize,929,0
mult,368860,0
deserialize,870,0
mult,361118,0
deserialize,935,0
mult,360475,0
deserialize,852,0
mult,357891,0
deserialize,948,0
mult,358299,0
deserialize,872,0
mult,363699,0
deserialize,1020,0
mult,357314,0
deserialize,864,0
mult,357009,0
deserialize,909,0
mult,358186,0
deserialize,856,0
mult,359292,0
deserialize,829,0
mult,360196,0
deserialize,891,0
mult,358419,0
deserialize,880,0
mult,362911,0
deserialize,980,0
mult,360320,0
deserialize,881,0
mult,362406,0
deserialize,952,0
mult,357895,0
deserialize,904,0
mult,365098,0
deserialize,984,0
mult,361960,0
deserialize,926,0
mult,362622,0
deserialize,867,0
mult,360490,0
deserialize,952,0
mult,364996,0
deserialize,893,0
mult,361616,0
deserialize,901,0
mult,367015,0
deserialize,865,0
mult,366755,0
deserialize,850,0
mult,360714,0
deserialize,872,0
mult,367930,0
deserialize,863,0
mult,362391,0
deserialize,896,0
mult,367888,0
deserialize,980,0
mult,357255,0
deserialize,940,0
mult,360701,0
deserialize,1201,0
mult,1.68446e+06,0
deserialize,884,0
mult,1.79249e+06,0
deserialize,958,0
mult,1.61662e+06,0
deserialize,870,0
mult,1.28767e+06,0
deserialize,1180,0
mult,359771,0
deserialize,952,0
mult,362458,0
deserialize,897,0
mult,365784,0
deserialize,940,0
mult,358770,0
deserialize,951,0
mult,359701,0
deserialize,870,0
mult,358726,0
deserialize,854,0
mult,363969,0
deserialize,977,0
mult,358401,0
deserialize,867,0
mult,358352,0
deserialize,868,0
mult,359277,0
deserialize,960,0
mult,358831,0
deserialize,964,0
mult,362187,0
deserialize,880,0
mult,365955,0
deserialize,888,0
mult,364661,0
deserialize,1198,0
mult,363936,0
deserialize,1156,0
mult,364467,0
deserialize,910,0
mult,363911,0
deserialize,903,0
mult,366102,0
deserialize,870,0
mult,361539,0
deserialize,950,0
mult,366725,0
deserialize,880,0
mult,358498,0
deserialize,870,0
mult,358398,0
deserialize,886,0
mult,357047,0
deserialize,823,0
mult,357165,0
deserialize,860,0
mult,362963,0
deserialize,1021,0
mult,356276,0
deserialize,1041,0
mult,357051,0
deserialize,1077,0
mult,357623,0
deserialize,870,0
mult,359008,0
deserialize,932,0
mult,359741,0
deserialize,1000,0
mult,359243,0
deserialize,962,0
mult,362926,0
deserialize,1030,0
mult,358849,0
deserialize,1150,0
mult,359318,0
deserialize,951,0
mult,359756,0
deserialize,958,0
mult,364470,0
deserialize,986,0
mult,362114,0
deserialize,963,0
mult,363957,0
deserialize,1058,0
mult,359592,0
deserialize,955,0
mult,363872,0
deserialize,857,0
mult,364114,0
deserialize,889,0
mult,365711,0
deserialize,962,0
mult,364968,0
deserialize,936,0
mult,361038,0
deserialize,917,0
mult,367325,0
deserialize,881,0
mult,359433,0
deserialize,887,0
mult,364691,0
deserialize,1018,0
mult,356887,0
deserialize,1113,0
mult,356675,0
deserialize,895,0
mult,357413,0
deserialize,1100,0
mult,357248,0
deserialize,960,0
mult,356973,0
deserialize,1180,0
mult,357840,0
deserialize,913,0
mult,358350,0
deserialize,870,0
mult,360416,0
deserialize,16753,0
mult,392436,0
deserialize,1022,0
mult,394160,0
deserialize,902,0
mult,399627,0
deserialize,978,0
mult,392698,0
deserialize,970,0
mult,393805,0
deserialize,941,0
mult,395079,0
deserialize,867,0
mult,394515,0
deserialize,980,0
mult,394690,0
deserialize,1148,0
mult,393248,0
deserialize,865,0
mult,394973,0
deserialize,960,0
mult,397444,0
deserialize,853,0
mult,396986,0
deserialize,931,0
mult,410626,0
deserialize,1035,0
mult,398322,0
deserialize,953,0
mult,400293,0
deserialize,892,0
mult,409553,0
deserialize,1229,0
mult,402984,0
deserialize,875,0
mult,404806,0
deserialize,873,0
mult,396490,0
deserialize,900,0
mult,394296,0
deserialize,893,0
mult,394014,0
deserialize,963,0
mult,393070,0
deserialize,860,0
mult,399458,0
deserialize,1009,0
mult,392355,0
deserialize,896,0
mult,392624,0
deserialize,913,0
mult,393444,0
deserialize,1014,0
mult,392686,0
deserialize,874,0
mult,393237,0
deserialize,872,0
mult,393178,0
deserialize,880,0
mult,394091,0
deserialize,893,0
mult,394358,0
deserialize,864,0
mult,393721,0
deserialize,880,0
mult,400675,0
deserialize,1044,0
mult,393823,0
deserialize,869,0
mult,394293,0
deserialize,900,0
mult,396053,0
deserialize,827,0
mult,396797,0
deserialize,1196,0
mult,405593,0
deserialize,886,0
mult,398460,0
deserialize,863,0
mult,399774,0
deserialize,926,0
mult,408142,0
deserialize,959,0
mult,403834,0
deserialize,896,0
mult,415161,0
deserialize,1034,0
mult,397479,0
deserialize,987,0
mult,395679,0
deserialize,973,0
mult,394358,0
deserialize,900,0
mult,393367,0
deserialize,964,0
mult,393672,0
deserialize,888,0
mult,392908,0
deserialize,924,0
mult,392831,0
deserialize,1047,0
mult,393171,0
deserialize,954,0
mult,393171,0
deserialize,863,0
mult,399099,0
deserialize,1076,0
mult,393122,0
deserialize,919,0
mult,392916,0
deserialize,860,0
mult,394729,0
deserialize,857,0
mult,393927,0
deserialize,987,0
mult,394944,0
deserialize,847,0
mult,394278,0
deserialize,865,0
mult,395208,0
deserialize,843,0
mult,394055,0
deserialize,894,0
mult,395252,0
deserialize,850,0
mult,411337,0
deserialize,987,0
mult,398770,0
deserialize,932,0
mult,400440,0
deserialize,1141,0
mult,407765,0
deserialize,889,0
mult,404291,0
deserialize,900,0
mult,408474,0
deserialize,1134,0
mult,399016,0
deserialize,882,0
mult,395777,0
deserialize,938,0
mult,394222,0
deserialize,1263,0
mult,393339,0
deserialize,894,0
mult,399240,0
deserialize,1047,0
mult,392292,0
deserialize,944,0
mult,392580,0
deserialize,928,0
mult,392757,0
deserialize,988,0
mult,393252,0
deserialize,904,0
mult,392595,0
deserialize,919,0
mult,392819,0
deserialize,847,0
mult,393647,0
deserialize,1038,0
mult,394427,0
deserialize,930,0
mult,394914,0
deserialize,938,0
mult,401892,0
deserialize,1055,0
mult,393717,0
deserialize,1077,0
mult,395606,0
deserialize,1333,0
mult,393818,0
deserialize,901,0
mult,393702,0
deserialize,913,0
mult,404977,0
deserialize,838,0
mult,398662,0
deserialize,970,0
mult,402327,0
deserialize,891,0
mult,406533,0
deserialize,912,0
mult,403794,0
deserialize,887,0
mult,415694,0
deserialize,1036,0
mult,398820,0
deserialize,950,0
mult,397026,0
deserialize,861,0
mult,394503,0
deserialize,857,0
mult,393745,0
deserialize,856,0
mult,394055,0
deserialize,916,0
mult,392360,0
deserialize,947,0
mult,392595,0
deserialize,1020,0
mult,393424,0
deserialize,854,0
mult,392811,0
deserialize,878,0
mult,398734,0
deserialize,1056,0
mult,392998,0
deserialize,890,0
mult,393298,0
deserialize,960,0
mult,393077,0
deserialize,911,0
mult,394157,0
deserialize,932,0
mult,396343,0
deserialize,961,0
mult,393879,0
deserialize,983,0
mult,394778,0
deserialize,878,0
mult,392690,0
deserialize,1190,0
mult,394237,0
deserialize,877,0
mult,408993,0
deserialize,1093,0
mult,398499,0
deserialize,920,0
mult,403524,0
deserialize,986,0
mult,404651,0
deserialize,911,0
mult,404267,0
deserialize,997,0
mult,410493,0
deserialize,872,0
mult,400695,0
deserialize,974,0
mult,399919,0
deserialize,873,0
mult,394793,0
deserialize,980,0
mult,393687,0
deserialize,847,0
mult,397896,0
deserialize,955,0
mult,392697,0
deserialize,866,0
mult,392583,0
deserialize,900,0
mult,392500,0
deserialize,845,0
mult,392775,0
deserialize,890,0
mult,392961,0
deserialize,867,0
mult,393425,0
deserialize,986,0
mult,392894,0
deserialize,1015,0
mult,392965,0
deserialize,963,0
mult,393392,0
deserialize,898,0
mult,401534,0
deserialize,1033,0
mult,393714,0
deserialize,940,0
mult,394962,0
deserialize,865,0
mult,393250,0
deserialize,1028,0
mult,394707,0
deserialize,1079,0
mult,402081,0
deserialize,913,0
mult,398784,0
deserialize,1118,0
mult,405069,0
deserialize,914,0
mult,402816,0
deserialize,1140,0
mult,402727,0
deserialize,926,0
mult,414988,0
deserialize,997,0
mult,400985,0
deserialize,990,0
mult,400219,0
deserialize,934,0
mult,394560,0
deserialize,934,0
mult,393383,0
deserialize,870,0
mult,393395,0
deserialize,982,0
mult,393681,0
deserialize,974,0
mult,392881,0
deserialize,938,0
mult,392904,0
deserialize,846,0
mult,392724,0
deserialize,881,0
mult,397925,0
deserialize,1037,0
mult,392167,0
deserialize,890,0
mult,393137,0
deserialize,977,0
mult,393744,0
deserialize,849,0
mult,393581,0
deserialize,965,0
mult,395321,0
deserialize,867,0
mult,394200,0
deserialize,897,0
mult,394448,0
deserialize,877,0
mult,393930,0
deserialize,1007,0
mult,394441,0
deserialize,857,0
mult,404924,0
deserialize,1053,0
mult,397651,0
deserialize,1050,0
mult,405143,0
deserialize,899,0
mult,400941,0
deserialize,903,0
mult,401558,0
deserialize,887,0
mult,410661,0
deserialize,885,0
mult,402277,0
deserialize,869,0
mult,402943,0
deserialize,867,0
mult,394964,0
deserialize,937,0
mult,393411,0
deserialize,872,0
mult,399085,0
deserialize,1004,0
mult,392171,0
deserialize,899,0
mult,392009,0
deserialize,964,0
mult,392206,0
deserialize,885,0
mult,392419,0
deserialize,1168,0
mult,393088,0
deserialize,924,0
mult,392064,0
deserialize,1100,0
mult,392506,0
deserialize,863,0
mult,393224,0
deserialize,946,0
mult,392807,0
deserialize,861,0
mult,400590,0
deserialize,1003,0
mult,393157,0
deserialize,1032,0
mult,394164,0
deserialize,961,0
mult,393210,0
deserialize,896,0
mult,395133,0
deserialize,883,0
mult,397494,0
deserialize,900,0
mult,396891,0
deserialize,879,0
mult,405567,0
deserialize,890,0
mult,398487,0
deserialize,896,0
mult,399487,0
deserialize,891,0
mult,414934,0
deserialize,1025,0
mult,401546,0
deserialize,929,0
mult,404424,0
deserialize,965,0
mult,395970,0
deserialize,871,0
mult,394100,0
deserialize,1070,0
mult,393176,0
deserialize,826,0
mult,392104,0
deserialize,898,0
mult,392680,0
deserialize,865,0
mult,392101,0
deserialize,992,0
mult,391861,0
deserialize,874,0
mult,398493,0
deserialize,992,0
mult,392034,0
deserialize,947,0
mult,392580,0
deserialize,1018,0
mult,393495,0
deserialize,876,0
mult,392653,0
deserialize,834,0
mult,394106,0
deserialize,890,0
mult,394348,0
deserialize,982,0
mult,393699,0
deserialize,967,0
mult,394123,0
deserialize,897,0
mult,394834,0
deserialize,974,0
mult,401558,0
deserialize,1034,0
mult,396163,0
deserialize,963,0
mult,404777,0
deserialize,931,0
mult,397412,0
deserialize,1047,0
mult,398997,0
deserialize,1264,0
mult,408637,0
deserialize,903,0
mult,402298,0
deserialize,865,0
mult,405848,0
deserialize,890,0
mult,396216,0
deserialize,927,0
mult,394137,0
deserialize,901,0
mult,399791,0
deserialize,962,0
mult,392257,0
deserialize,947,0
mult,391918,0
deserialize,1036,0
mult,391807,0
deserialize,861,0
mult,391453,0
deserialize,940,0
mult,392400,0
deserialize,958,0
mult,392054,0
deserialize,864,0
mult,392004,0
deserialize,880,0
mult,392668,0
deserialize,867,0
mult,392496,0
deserialize,900,0
mult,398344,0
deserialize,1021,0
mult,393213,0
deserialize,946,0
mult,394054,0
deserialize,890,0
mult,393736,0
deserialize,899,0
mult,394788,0
deserialize,938,0
mult,394294,0
deserialize,890,0
mult,394427,0
deserialize,880,0
mult,404144,0
deserialize,908,0
mult,399104,0
deserialize,973,0
mult,399450,0
deserialize,871,0
mult,413250,0
deserialize,1085,0
mult,403240,0
deserialize,894,0
mult,407809,0
deserialize,947,0
mult,397956,0
deserialize,1018,0
mult,395364,0
deserialize,925,0
mult,393812,0
deserialize,859,0
mult,392673,0
deserialize,1171,0
mult,392150,0
deserialize,893,0
mult,391972,0
deserialize,876,0
mult,391827,0
deserialize,873,0
mult,391767,0
deserialize,886,0
mult,397578,0
deserialize,1027,0
mult,391732,0
deserialize,884,0
mult,392364,0
deserialize,1194,0
mult,392321,0
deserialize,960,0
mult,393688,0
deserialize,843,0
mult,393561,0
deserialize,1016,0
mult,393790,0
deserialize,936,0
mult,392731,0
deserialize,1197,0
mult,394699,0
deserialize,887,0
mult,392510,0
deserialize,901,0
mult,399397,0
deserialize,990,0
mult,403769,0
deserialize,1039,0
mult,398807,0
deserialize,915,0
mult,401414,0
deserialize,850,0
mult,405604,0
deserialize,853,0
mult,402970,0
deserialize,966,0
mult,408737,0
deserialize,946,0
mult,398302,0
deserialize,887,0
mult,396754,0
deserialize,841,0
mult,393060,0
deserialize,922,0
mult,398216,0
deserialize,1013,0
mult,392210,0
deserialize,973,0
mult,392153,0
deserialize,947,0
mult,393925,0
deserialize,860,0
mult,392814,0
deserialize,938,0
mult,392320,0
deserialize,888,0
mult,392963,0
deserialize,948,0
mult,391977,0
deserialize,873,0
mult,392273,0
deserialize,989,0
mult,393252,0
deserialize,860,0
mult,399547,0
deserialize,957,0
mult,393897,0
deserialize,963,0
mult,393016,0
deserialize,898,0
mult,394889,0
deserialize,880,0
mult,392725,0
deserialize,917,0
mult,393482,0
deserialize,978,0
mult,402946,0
deserialize,886,0
mult,398340,0
deserialize,1180,0
mult,403221,0
deserialize,984,0
mult,403759,0
deserialize,1102,0
mult,407730,0
deserialize,1034,0
mult,409283,0
deserialize,914,0
mult,399473,0
deserialize,878,0
mult,398772,0
deserialize,1119,0
mult,393280,0
deserialize,853,0
mult,392896,0
deserialize,1128,0
mult,392471,0
deserialize,862,0
mult,392423,0
deserialize,1049,0
mult,392521,0
deserialize,876,0
mult,392456,0
deserialize,918,0
mult,397762,0
deserialize,1005,0
mult,391780,0
deserialize,1046,0
mult,391906,0
deserialize,927,0
mult,392570,0
deserialize,1026,0
mult,393259,0
deserialize,865,0
mult,393159,0
deserialize,1203,0
mult,394490,0
deserialize,880,0
mult,393334,0
deserialize,963,0
mult,394557,0
deserialize,1069,0
mult,392350,0
deserialize,1026,0
mult,399043,0
deserialize,1166,0
mult,400925,0
deserialize,978,0
mult,398747,0
deserialize,897,0
mult,404041,0
deserialize,1318,0
mult,402828,0
deserialize,817,0
mult,402338,0
deserialize,928,0
mult,408980,0
deserialize,868,0
mult,400586,0
deserialize,880,0
mult,400495,0
deserialize,853,0
mult,393735,0
deserialize,1536,0
mult,398721,0
deserialize,975,0
mult,392848,0
deserialize,1240,0
mult,392881,0
deserialize,914,0
mult,392088,0
deserialize,1017,0
mult,392650,0
deserialize,874,0
mult,392176,0
deserialize,1328,0
mult,391641,0
deserialize,860,0
mult,391819,0
deserialize,1025,0
mult,392033,0
deserialize,870,0
mult,393169,0
deserialize,900,0
mult,397789,0
deserialize,956,0
mult,394648,0
deserialize,889,0
mult,392943,0
deserialize,890,0
mult,394090,0
deserialize,892,0
mult,393367,0
deserialize,877,0
mult,393889,0
deserialize,887,0
mult,399197,0
deserialize,924,0
mult,397998,0
deserialize,904,0
mult,405535,0
deserialize,1028,0
mult,400364,0
deserialize,838,0
mult,406876,0
deserialize,1032,0
mult,409728,0
deserialize,1110,0
mult,401364,0
deserialize,911,0
mult,401228,0
deserialize,855,0
mult,394636,0
deserialize,934,0
mult,393387,0
deserialize,866,0
mult,393257,0
deserialize,958,0
mult,392197,0
deserialize,865,0
mult,391953,0
deserialize,896,0
mult,392036,0
deserialize,878,0
mult,397594,0
deserialize,1029,0
mult,391968,0
deserialize,983,0
mult,392181,0
deserialize,867,0
mult,392379,0
deserialize,977,0
mult,393162,0
deserialize,889,0
mult,393197,0
deserialize,867,0
mult,394581,0
deserialize,939,0
mult,393647,0
deserialize,971,0
mult,393598,0
deserialize,852,0
mult,392747,0
deserialize,1123,0
mult,403147,0
deserialize,1001,0
mult,397595,0
deserialize,1173,0
mult,397174,0
deserialize,897,0
mult,404660,0
deserialize,867,0
mult,398640,0
deserialize,871,0
mult,399157,0
deserialize,1074,0
mult,409370,0
deserialize,848,0
mult,402405,0
deserialize,1030,0
mult,403559,0
deserialize,886,0
mult,394759,0
deserialize,877,0
mult,399453,0
deserialize,988,0
mult,392693,0
deserialize,970,0
mult,392748,0
deserialize,900,0
mult,392671,0
deserialize,1050,0
mult,392638,0
deserialize,873,0
mult,392279,0
deserialize,939,0
mult,392058,0
deserialize,870,0
mult,392030,0
deserialize,922,0
mult,391875,0
deserialize,862,0
mult,392577,0
deserialize,995,0
mult,399481,0
deserialize,1027,0
mult,393588,0
deserialize,1000,0
mult,393157,0
deserialize,909,0
mult,394443,0
deserialize,985,0
mult,393142,0
deserialize,850,0
mult,394458,0
deserialize,924,0
mult,395367,0
deserialize,907,0
mult,395158,0
deserialize,905,0
mult,404141,0
deserialize,945,0
mult,397622,0
deserialize,969,0
mult,404612,0
deserialize,970,0
mult,408203,0
gemm,9.17382e+08,0
wait_all,7.17267e+08,0
deserialize,2548,0
mult,408294,0
deserialize,1030,0
mult,400600,0
deserialize,913,0
mult,401535,0
deserialize,967,0
mult,410417,0
deserialize,869,0
mult,402032,0
deserialize,870,0
mult,403730,0
deserialize,870,0
mult,401432,0
deserialize,1383,0
mult,393872,0
deserialize,933,0
mult,393680,0
deserialize,958,0
mult,392917,0
deserialize,1173,0
mult,392703,0
deserialize,924,0
mult,393157,0
deserialize,862,0
mult,394118,0
deserialize,880,0
mult,393004,0
deserialize,820,0
mult,392741,0
deserialize,877,0
mult,392762,0
deserialize,904,0
mult,398936,0
deserialize,1008,0
mult,393289,0
deserialize,910,0
mult,394388,0
deserialize,905,0
mult,393905,0
deserialize,897,0
mult,395620,0
deserialize,879,0
mult,394427,0
deserialize,838,0
mult,394916,0
deserialize,804,0
mult,397494,0
deserialize,940,0
mult,398232,0
deserialize,865,0
mult,406204,0
deserialize,853,0
mult,405122,0
deserialize,1011,0
mult,400227,0
deserialize,978,0
mult,410544,0
deserialize,898,0
mult,403860,0
deserialize,964,0
mult,404389,0
deserialize,877,0
mult,395650,0
deserialize,967,0
mult,394940,0
deserialize,897,0
mult,393712,0
deserialize,951,0
mult,394106,0
deserialize,827,0
mult,393340,0
deserialize,950,0
mult,398874,0
deserialize,976,0
mult,392894,0
deserialize,890,0
mult,393170,0
deserialize,876,0
mult,393153,0
deserialize,918,0
mult,393584,0
deserialize,899,0
mult,393147,0
deserialize,894,0
mult,392780,0
deserialize,1117,0
mult,394477,0
deserialize,907,0
mult,394883,0
deserialize,874,0
mult,395287,0
deserialize,874,0
mult,399513,0
deserialize,1215,0
mult,394111,0
deserialize,978,0
mult,395664,0
deserialize,880,0
mult,395861,0
deserialize,943,0
mult,405486,0
deserialize,878,0
mult,398424,0
deserialize,1032,0
mult,399382,0
deserialize,873,0
mult,408800,0
deserialize,897,0
mult,403962,0
deserialize,917,0
mult,406657,0
deserialize,937,0
mult,399458,0
deserialize,999,0
mult,391994,0
deserialize,1056,0
mult,1.68714e+06,0
deserialize,918,0
mult,1.80522e+06,0
deserialize,924,0
mult,1.6233e+06,0
deserialize,880,0
mult,1.29912e+06,0
deserialize,1028,0
mult,401936,0
deserialize,948,0
mult,394524,0
deserialize,917,0
mult,399418,0
deserialize,1044,0
mult,391902,0
deserialize,971,0
mult,392867,0
deserialize,856,0
mult,392381,0
deserialize,892,0
mult,392098,0
deserialize,936,0
mult,392871,0
deserialize,1119,0
mult,393540,0
deserialize,870,0
mult,394711,0
deserialize,1007,0
mult,393461,0
deserialize,907,0
mult,394743,0
deserialize,883,0
mult,402778,0
deserialize,969,0
mult,393913,0
deserialize,943,0
mult,401452,0
deserialize,929,0
mult,398497,0
deserialize,906,0
mult,403694,0
deserialize,909,0
mult,401721,0
deserialize,870,0
mult,402274,0
deserialize,873,0
mult,410101,0
deserialize,887,0
mult,401148,0
deserialize,877,0
mult,400105,0
deserialize,904,0
mult,457535,0
deserialize,1020,0
mult,392870,0
deserialize,917,0
mult,392703,0
deserialize,970,0
mult,392266,0
deserialize,1036,0
mult,392674,0
deserialize,980,0
mult,392459,0
deserialize,882,0
mult,392703,0
deserialize,943,0
mult,393094,0
deserialize,884,0
mult,392594,0
deserialize,1244,0
mult,392556,0
deserialize,862,0
mult,401277,0
deserialize,1281,0
mult,392144,0
deserialize,881,0
mult,394680,0
deserialize,1002,0
mult,393413,0
deserialize,1089,0
mult,394550,0
deserialize,911,0
mult,393436,0
deserialize,891,0
mult,393978,0
deserialize,947,0
mult,399570,0
deserialize,896,0
mult,397705,0
deserialize,903,0
mult,405039,0
deserialize,878,0
mult,405643,0
deserialize,1033,0
mult,400637,0
deserialize,870,0
mult,409961,0
deserialize,890,0
mult,402064,0
deserialize,924,0
mult,402582,0
deserialize,1211,0
mult,394884,0
deserialize,863,0
mult,393989,0
deserialize,877,0
mult,393185,0
deserialize,931,0
mult,393111,0
deserialize,980,0
mult,391804,0
deserialize,976,0
mult,398243,0
deserialize,1065,0
mult,391839,0
deserialize,913,0
mult,392665,0
deserialize,20597,0
mult,386616,0
deserialize,1123,0
mult,377445,0
deserialize,917,0
mult,381059,0
deserialize,919,0
mult,378521,0
deserialize,1136,0
mult,375990,0
deserialize,991,0
mult,376063,0
deserialize,875,0
mult,370311,0
deserialize,880,0
mult,377074,0
deserialize,1306,0
mult,370790,0
deserialize,1024,0
mult,370468,0
deserialize,939,0
mult,371265,0
deserialize,876,0
mult,374156,0
deserialize,953,0
mult,370400,0
deserialize,909,0
mult,372092,0
deserialize,1321,0
mult,369654,0
deserialize,921,0
mult,372154,0
deserialize,979,0
mult,369761,0
deserialize,900,0
mult,370961,0
deserialize,900,0
mult,375888,0
deserialize,1053,0
mult,369399,0
deserialize,1086,0
mult,369481,0
deserialize,1041,0
mult,369363,0
deserialize,1084,0
mult,371444,0
deserialize,880,0
mult,377791,0
deserialize,887,0
mult,377522,0
deserialize,1010,0
mult,383105,0
deserialize,923,0
mult,377307,0
deserialize,882,0
mult,382207,0
deserialize,887,0
mult,377936,0
deserialize,901,0
mult,382071,0
deserialize,996,0
mult,375942,0
deserialize,913,0
mult,371480,0
deserialize,908,0
mult,372964,0
deserialize,890,0
mult,370794,0
deserialize,1014,0
mult,370918,0
deserialize,916,0
mult,371714,0
deserialize,856,0
mult,371911,0
deserialize,953,0
mult,370590,0
deserialize,885,0
mult,371624,0
deserialize,925,0
mult,375058,0
deserialize,1034,0
mult,369488,0
deserialize,1017,0
mult,369551,0
deserialize,870,0
mult,371830,0
deserialize,956,0
mult,369714,0
deserialize,893,0
mult,369754,0
deserialize,970,0
mult,370291,0
deserialize,864,0
mult,369894,0
deserialize,963,0
mult,371610,0
deserialize,909,0
mult,375488,0
deserialize,1072,0
mult,915100,0
deserialize,1163,0
mult,382534,0
deserialize,914,0
mult,377082,0
deserialize,876,0
mult,381493,0
deserialize,939,0
mult,376839,0
deserialize,1089,0
mult,376707,0
deserialize,880,0
mult,375472,0
deserialize,864,0
mult,370927,0
deserialize,905,0
mult,373557,0
deserialize,941,0
mult,370688,0
deserialize,904,0
mult,376826,0
deserialize,986,0
mult,371008,0
deserialize,1072,0
mult,372238,0
deserialize,872,0
mult,370672,0
deserialize,956,0
mult,372335,0
deserialize,940,0
mult,369644,0
deserialize,918,0
mult,371144,0
deserialize,910,0
mult,369061,0
deserialize,956,0
mult,371421,0
deserialize,896,0
mult,370187,0
deserialize,926,0
mult,370288,0
deserialize,921,0
mult,374997,0
deserialize,974,0
mult,368676,0
deserialize,1120,0
mult,371094,0
deserialize,882,0
mult,374141,0
deserialize,1254,0
mult,375566,0
deserialize,892,0
mult,383910,0
deserialize,992,0
mult,378720,0
deserialize,892,0
mult,382246,0
deserialize,943,0
mult,375595,0
deserialize,1327,0
mult,377059,0
deserialize,966,0
mult,382211,0
deserialize,1051,0
mult,370242,0
deserialize,964,0
mult,373371,0
deserialize,960,0
mult,370238,0
deserialize,881,0
mult,370668,0
deserialize,1141,0
mult,372644,0
deserialize,1050,0
mult,370199,0
deserialize,899,0
mult,371008,0
deserialize,876,0
mult,372320,0
deserialize,956,0
mult,369765,0
deserialize,924,0
mult,370210,0
deserialize,909,0
mult,375178,0
deserialize,987,0
mult,370500,0
deserialize,910,0
mult,369452,0
deserialize,888,0
mult,369238,0
deserialize,875,0
mult,370090,0
deserialize,1004,0
mult,370097,0
deserialize,1092,0
mult,371164,0
deserialize,836,0
mult,372294,0
deserialize,930,0
mult,374677,0
deserialize,840,0
mult,383421,0
deserialize,929,0
mult,378844,0
deserialize,882,0
mult,388359,0
deserialize,1292,0
mult,374812,0
deserialize,871,0
mult,378693,0
deserialize,991,0
mult,378554,0
deserialize,869,0
mult,370859,0
deserialize,868,0
mult,375136,0
deserialize,906,0
mult,369861,0
deserialize,1041,0
mult,368930,0
deserialize,1130,0
mult,371225,0
deserialize,957,0
mult,370066,0
deserialize,922,0
mult,376440,0
deserialize,1197,0
mult,371503,0
deserialize,950,0
mult,369439,0
deserialize,948,0
mult,371083,0
deserialize,884,0
mult,369623,0
deserialize,1060,0
mult,370102,0
deserialize,900,0
mult,368916,0
deserialize,878,0
mult,369654,0
deserialize,855,0
mult,369784,0
deserialize,1163,0
mult,369364,0
deserialize,865,0
mult,368980,0
deserialize,876,0
mult,377323,0
deserialize,1013,0
mult,373682,0
deserialize,1039,0
mult,380664,0
deserialize,1149,0
mult,378176,0
deserialize,907,0
mult,380930,0
deserialize,853,0
mult,374691,0
deserialize,868,0
mult,379698,0
deserialize,860,0
mult,377574,0
deserialize,932,0
mult,372105,0
deserialize,861,0
mult,374742,0
deserialize,999,0
mult,369381,0
deserialize,958,0
mult,375377,0
deserialize,991,0
mult,370294,0
deserialize,1120,0
mult,369231,0
deserialize,943,0
mult,370280,0
deserialize,882,0
mult,372385,0
deserialize,924,0
mult,369373,0
deserialize,916,0
mult,370121,0
deserialize,893,0
mult,368857,0
deserialize,937,0
mult,370632,0
deserialize,900,0
mult,368573,0
deserialize,1184,0
mult,369298,0
deserialize,909,0
mult,374673,0
deserialize,1042,0
mult,369480,0
deserialize,842,0
mult,369903,0
deserialize,993,0
mult,369978,0
deserialize,877,0
mult,372193,0
deserialize,927,0
mult,380149,0
deserialize,885,0
mult,378602,0
deserialize,920,0
mult,382137,0
deserialize,876,0
mult,374487,0
deserialize,896,0
mult,379835,0
deserialize,863,0
mult,382729,0
deserialize,963,0
mult,372242,0
deserialize,1051,0
mult,375548,0
deserialize,916,0
mult,369000,0
deserialize,905,0
mult,369208,0
deserialize,884,0
mult,370819,0
deserialize,1341,0
mult,369557,0
deserialize,870,0
mult,370620,0
deserialize,936,0
mult,371720,0
deserialize,891,0
mult,369314,0
deserialize,986,0
mult,370595,0
deserialize,875,0
mult,374728,0
deserialize,979,0
mult,370494,0
deserialize,920,0
mult,369081,0
deserialize,980,0
mult,369538,0
deserialize,877,0
mult,369179,0
deserialize,1203,0
mult,369097,0
deserialize,866,0
mult,369438,0
deserialize,995,0
mult,370203,0
deserialize,871,0
mult,371589,0
deserialize,937,0
mult,379000,0
deserialize,855,0
mult,378178,0
deserialize,1113,0
mult,387976,0
deserialize,1236,0
mult,375914,0
deserialize,1041,0
mult,380745,0
deserialize,912,0
mult,377097,0
deserialize,1158,0
mult,374946,0
deserialize,940,0
mult,374847,0
deserialize,933,0
mult,369654,0
deserialize,904,0
mult,371295,0
deserialize,1204,0
mult,370052,0
deserialize,887,0
mult,370071,0
deserialize,879,0
mult,375785,0
deserialize,967,0
mult,370374,0
deserialize,987,0
mult,368763,0
deserialize,860,0
mult,370258,0
deserialize,876,0
mult,368956,0
deserialize,1140,0
mult,370281,0
deserialize,961,0
mult,369345,0
deserialize,939,0
mult,370044,0
deserialize,1184,0
mult,369156,0
deserialize,880,0
mult,368710,0
deserialize,1157,0
mult,369281,0
deserialize,862,0
mult,374634,0
deserialize,980,0
mult,370259,0
deserialize,934,0
mult,376456,0
deserialize,950,0
mult,376701,0
deserialize,872,0
mult,382939,0
deserialize,833,0
mult,376287,0
deserialize,996,0
mult,380848,0
deserialize,859,0
mult,376034,0
deserialize,970,0
mult,376164,0
deserialize,841,0
mult,374693,0
deserialize,894,0
mult,369775,0
deserialize,960,0
mult,378074,0
deserialize,1045,0
mult,370280,0
deserialize,939,0
mult,369711,0
deserialize,967,0
mult,370744,0
deserialize,990,0
mult,371571,0
deserialize,926,0
mult,370208,0
deserialize,951,0
mult,371216,0
deserialize,963,0
mult,368468,0
deserialize,983,0
mult,370100,0
deserialize,1074,0
mult,368941,0
deserialize,859,0
mult,376440,0
deserialize,1017,0
mult,368847,0
deserialize,962,0
mult,368901,0
deserialize,1095,0
mult,369118,0
deserialize,856,0
mult,369285,0
deserialize,1148,0
mult,370500,0
deserialize,837,0
mult,375048,0
deserialize,923,0
mult,375873,0
deserialize,958,0
mult,382282,0
deserialize,984,0
mult,376937,0
deserialize,876,0
mult,381471,0
deserialize,863,0
mult,382425,0
deserialize,1013,0
mult,376640,0
deserialize,902,0
mult,375785,0
deserialize,890,0
mult,369761,0
deserialize,883,0
mult,372607,0
deserialize,878,0
mult,370384,0
deserialize,866,0
mult,369550,0
deserialize,884,0
mult,371246,0
deserialize,889,0
mult,371123,0
deserialize,904,0
mult,370699,0
deserialize,958,0
mult,371251,0
deserialize,959,0
mult,374607,0
deserialize,1029,0
mult,369202,0
deserialize,1025,0
mult,369212,0
deserialize,862,0
mult,370554,0
deserialize,971,0
mult,369555,0
deserialize,857,0
mult,368431,0
deserialize,923,0
mult,368767,0
deserialize,849,0
mult,368773,0
deserialize,1189,0
mult,369685,0
deserialize,882,0
mult,373692,0
deserialize,841,0
mult,380688,0
deserialize,1040,0
mult,382097,0
deserialize,1218,0
mult,377401,0
deserialize,856,0
mult,380604,0
deserialize,882,0
mult,374695,0
deserialize,909,0
mult,377577,0
deserialize,948,0
mult,375283,0
deserialize,877,0
mult,370542,0
deserialize,971,0
mult,373943,0
deserialize,886,0
mult,369011,0
deserialize,1045,0
mult,369785,0
deserialize,891,0
mult,376538,0
deserialize,982,0
mult,369889,0
deserialize,921,0
mult,369281,0
deserialize,872,0
mult,370931,0
deserialize,894,0
mult,368748,0
deserialize,877,0
mult,369511,0
deserialize,859,0
mult,368753,0
deserialize,1029,0
mult,370657,0
deserialize,840,0
mult,368787,0
deserialize,859,0
mult,369391,0
deserialize,852,0
mult,369647,0
deserialize,1271,0
mult,375040,0
deserialize,1023,0
mult,369115,0
deserialize,948,0
mult,371546,0
deserialize,941,0
mult,374021,0
deserialize,866,0
mult,381588,0
deserialize,1128,0
mult,378120,0
deserialize,875,0
mult,381577,0
deserialize,967,0
mult,374179,0
deserialize,1128,0
mult,377883,0
deserialize,990,0
mult,375909,0
deserialize,935,0
mult,376340,0
deserialize,971,0
mult,374094,0
deserialize,1027,0
mult,368854,0
deserialize,862,0
mult,368803,0
deserialize,880,0
mult,370768,0
deserialize,896,0
mult,369285,0
deserialize,961,0
mult,370621,0
deserialize,878,0
mult,371172,0
deserialize,934,0
mult,369296,0
deserialize,882,0
mult,369710,0
deserialize,884,0
mult,369051,0
deserialize,1495,0
mult,379799,0
deserialize,1267,0
mult,369096,0
deserialize,898,0
mult,368725,0
deserialize,1067,0
mult,369291,0
deserialize,876,0
mult,369102,0
deserialize,1116,0
mult,369670,0
deserialize,868,0
mult,371089,0
deserialize,871,0
mult,373966,0
deserialize,876,0
mult,380930,0
deserialize,923,0
mult,378905,0
deserialize,893,0
mult,381028,0
deserialize,885,0
mult,380397,0
deserialize,1086,0
mult,378883,0
deserialize,958,0
mult,377338,0
deserialize,880,0
mult,371885,0
deserialize,959,0
mult,374751,0
deserialize,881,0
mult,368902,0
deserialize,959,0
mult,369385,0
deserialize,869,0
mult,369951,0
deserialize,987,0
mult,368982,0
deserialize,862,0
mult,369852,0
deserialize,952,0
mult,377347,0
deserialize,1048,0
mult,369168,0
deserialize,1097,0
mult,369653,0
deserialize,917,0
mult,368503,0
deserialize,911,0
mult,370243,0
deserialize,871,0
mult,368851,0
deserialize,974,0
mult,369178,0
deserialize,863,0
mult,369091,0
deserialize,1184,0
mult,369553,0
deserialize,861,0
mult,368994,0
deserialize,869,0
mult,370393,0
deserialize,876,0
mult,379029,0
deserialize,1039,0
mult,380413,0
deserialize,900,0
mult,378420,0
deserialize,965,0
mult,381788,0
deserialize,869,0
mult,374907,0
deserialize,875,0
mult,379646,0
deserialize,874,0
mult,376651,0
deserialize,982,0
mult,373066,0
deserialize,1173,0
mult,374880,0
deserialize,915,0
mult,368905,0
deserialize,880,0
mult,370003,0
deserialize,954,0
mult,376082,0
deserialize,1011,0
mult,368882,0
deserialize,924,0
mult,370076,0
deserialize,1030,0
mult,371000,0
deserialize,1266,0
mult,369036,0
deserialize,1000,0
mult,369886,0
deserialize,826,0
mult,368974,0
deserialize,960,0
mult,370454,0
deserialize,957,0
mult,369240,0
deserialize,949,0
mult,368641,0
deserialize,863,0
mult,368758,0
deserialize,937,0
mult,374741,0
deserialize,1323,0
mult,369174,0
deserialize,955,0
mult,369614,0
deserialize,872,0
mult,371706,0
deserialize,894,0
mult,378808,0
deserialize,885,0
mult,377158,0
deserialize,921,0
mult,382229,0
deserialize,959,0
mult,374994,0
deserialize,880,0
mult,380675,0
deserialize,879,0
mult,376781,0
deserialize,894,0
mult,380910,0
deserialize,997,0
mult,375499,0
deserialize,948,0
mult,369203,0
deserialize,978,0
mult,370936,0
deserialize,1001,0
mult,369918,0
deserialize,876,0
mult,370106,0
deserialize,906,0
mult,369761,0
deserialize,996,0
mult,371247,0
deserialize,910,0
mult,369041,0
deserialize,890,0
mult,370401,0
deserialize,886,0
mult,368680,0
deserialize,980,0
mult,376317,0
deserialize,936,0
mult,369390,0
deserialize,976,0
mult,370646,0
deserialize,1143,0
mult,368590,0
deserialize,871,0
mult,369104,0
deserialize,990,0
mult,368402,0
deserialize,916,0
mult,368730,0
deserialize,898,0
mult,370796,0
deserialize,1066,0
mult,376655,0
deserialize,872,0
mult,376614,0
deserialize,952,0
mult,382735,0
deserialize,897,0
mult,381378,0
deserialize,1098,0
mult,380989,0
deserialize,1064,0
mult,376131,0
deserialize,973,0
mult,375152,0
deserialize,876,0
mult,375539,0
deserialize,1030,0
mult,369538,0
deserialize,950,0
mult,370962,0
deserialize,948,0
mult,369787,0
deserialize,1159,0
mult,369513,0
deserialize,915,0
mult,370641,0
deserialize,878,0
mult,377101,0
deserialize,978,0
mult,369707,0
deserialize,974,0
mult,371255,0
deserialize,981,0
mult,369080,0
deserialize,861,0
mult,370093,0
gemm,9.26811e+08,0
wait_all,7.24246e+08,0
deserialize,2120,0
mult,373997,0
deserialize,1059,0
mult,376683,0
deserialize,961,0
mult,369923,0
deserialize,951,0
mult,371131,0
deserialize,844,0
mult,370910,0
deserialize,874,0
mult,370908,0
deserialize,848,0
mult,370044,0
deserialize,903,0
mult,369666,0
deserialize,872,0
mult,370405,0
deserialize,900,0
mult,371210,0
deserialize,886,0
mult,372136,0
deserialize,938,0
mult,379965,0
deserialize,841,0
mult,385033,0
deserialize,976,0
mult,381830,0
deserialize,841,0
mult,375593,0
deserialize,932,0
mult,375221,0
deserialize,1150,0
mult,377852,0
deserialize,892,0
mult,372438,0
deserialize,889,0
mult,372502,0
deserialize,915,0
mult,372018,0
deserialize,846,0
mult,370904,0
deserialize,878,0
mult,371128,0
deserialize,875,0
mult,377314,0
deserialize,1066,0
mult,370374,0
deserialize,950,0
mult,372038,0
deserialize,1050,0
mult,370886,0
deserialize,907,0
mult,372057,0
deserialize,910,0
mult,369454,0
deserialize,911,0
mult,371982,0
deserialize,890,0
mult,369711,0
deserialize,974,0
mult,370495,0
deserialize,888,0
mult,371154,0
deserialize,960,0
mult,370130,0
deserialize,895,0
mult,376909,0
deserialize,1020,0
mult,369727,0
deserialize,926,0
mult,371475,0
deserialize,926,0
mult,377737,0
deserialize,931,0
mult,377621,0
deserialize,1006,0
mult,383174,0
deserialize,909,0
mult,377371,0
deserialize,884,0
mult,377766,0
deserialize,866,0
mult,377391,0
deserialize,867,0
mult,372983,0
deserialize,873,0
mult,373255,0
deserialize,957,0
mult,377926,0
deserialize,1312,0
mult,370644,0
deserialize,991,0
mult,371392,0
deserialize,869,0
mult,371235,0
deserialize,860,0
mult,372676,0
deserialize,920,0
mult,371026,0
deserialize,943,0
mult,370605,0
deserialize,902,0
mult,373002,0
deserialize,977,0
mult,369367,0
deserialize,913,0
mult,371687,0
deserialize,945,0
mult,376025,0
deserialize,995,0
mult,371555,0
deserialize,946,0
mult,368948,0
deserialize,941,0
mult,370561,0
deserialize,1001,0
mult,1.6873e+06,0
deserialize,930,0
mult,1.82762e+06,0
deserialize,904,0
mult,1.63308e+06,0
deserialize,883,0
mult,1.30578e+06,0
deserialize,1093,0
mult,376367,0
deserialize,1167,0
mult,368901,0
deserialize,963,0
mult,381225,0
deserialize,961,0
mult,377980,0
deserialize,915,0
mult,380317,0
deserialize,863,0
mult,373035,0
deserialize,865,0
mult,372628,0
deserialize,967,0
mult,376760,0
deserialize,894,0
mult,369665,0
deserialize,884,0
mult,372109,0
deserialize,955,0
mult,370486,0
deserialize,898,0
mult,374985,0
deserialize,967,0
mult,370712,0
deserialize,989,0
mult,369374,0
deserialize,887,0
mult,370051,0
deserialize,912,0
mult,372065,0
deserialize,887,0
mult,369580,0
deserialize,906,0
mult,369900,0
deserialize,863,0
mult,369481,0
deserialize,887,0
mult,370951,0
deserialize,880,0
mult,369531,0
deserialize,933,0
mult,369639,0
deserialize,903,0
mult,375143,0
deserialize,1114,0
mult,369102,0
deserialize,1077,0
mult,369985,0
deserialize,953,0
mult,370714,0
deserialize,1008,0
mult,373181,0
deserialize,912,0
mult,379772,0
deserialize,863,0
mult,378661,0
deserialize,941,0
mult,381972,0
deserialize,857,0
mult,373366,0
deserialize,977,0
mult,373117,0
deserialize,855,0
mult,383473,0
deserialize,1060,0
mult,369810,0
deserialize,973,0
mult,370651,0
deserialize,1217,0
mult,370603,0
deserialize,947,0
mult,369586,0
deserialize,949,0
mult,370256,0
deserialize,953,0
mult,370575,0
deserialize,982,0
mult,371302,0
deserialize,842,0
mult,372027,0
deserialize,902,0
mult,370199,0
deserialize,969,0
mult,370931,0
deserialize,899,0
mult,375356,0
deserialize,952,0
mult,370341,0
deserialize,903,0
mult,369028,0
deserialize,873,0
mult,370527,0
deserialize,915,0
mult,369910,0
deserialize,887,0
mult,369092,0
deserialize,894,0
mult,369000,0
deserialize,914,0
mult,370195,0
deserialize,985,0
mult,371469,0
deserialize,877,0
mult,379370,0
deserialize,1093,0
mult,378223,0
deserialize,873,0
mult,388044,0
deserialize,32352,0
mult,393697,0
deserialize,1126,0
mult,390531,0
deserialize,883,0
mult,384862,0
deserialize,933,0
mult,382613,0
deserialize,899,0
mult,384460,0
deserialize,902,0
mult,385445,0
deserialize,883,0
mult,385755,0
deserialize,881,0
mult,387274,0
deserialize,884,0
mult,398539,0
deserialize,964,0
mult,395688,0
deserialize,1308,0
mult,395467,0
deserialize,1139,0
mult,396904,0
deserialize,936,0
mult,393591,0
deserialize,911,0
mult,399117,0
deserialize,989,0
mult,390029,0
deserialize,907,0
mult,395100,0
deserialize,964,0
mult,388008,0
deserialize,901,0
mult,387331,0
deserialize,1130,0
mult,384387,0
deserialize,894,0
mult,389687,0
deserialize,1020,0
mult,382431,0
deserialize,1147,0
mult,382293,0
deserialize,941,0
mult,382294,0
deserialize,859,0
mult,381835,0
deserialize,897,0
mult,382184,0
deserialize,916,0
mult,382857,0
deserialize,887,0
mult,382740,0
deserialize,862,0
mult,384472,0
deserialize,918,0
mult,383143,0
deserialize,867,0
mult,388130,0
deserialize,1041,0
mult,383233,0
deserialize,982,0
mult,383700,0
deserialize,875,0
mult,386505,0
deserialize,876,0
mult,395853,0
deserialize,881,0
mult,390672,0
deserialize,894,0
mult,396176,0
deserialize,875,0
mult,395985,0
deserialize,936,0
mult,394829,0
deserialize,903,0
mult,399663,0
deserialize,1049,0
mult,390595,0
deserialize,878,0
mult,401409,0
deserialize,1165,0
mult,387677,0
deserialize,897,0
mult,387919,0
deserialize,920,0
mult,384070,0
deserialize,910,0
mult,383544,0
deserialize,954,0
mult,383221,0
deserialize,1071,0
mult,382491,0
deserialize,919,0
mult,382633,0
deserialize,890,0
mult,382300,0
deserialize,933,0
mult,382457,0
deserialize,907,0
mult,389256,0
deserialize,1275,0
mult,381567,0
deserialize,894,0
mult,383621,0
deserialize,871,0
mult,382431,0
deserialize,862,0
mult,383321,0
deserialize,873,0
mult,384485,0
deserialize,907,0
mult,383300,0
deserialize,983,0
mult,385234,0
deserialize,858,0
mult,395159,0
deserialize,903,0
mult,391951,0
deserialize,830,0
mult,403697,0
deserialize,1057,0
mult,392848,0
deserialize,941,0
mult,392559,0
deserialize,916,0
mult,400233,0
deserialize,903,0
mult,391209,0
deserialize,940,0
mult,396429,0
deserialize,908,0
mult,389194,0
deserialize,968,0
mult,390218,0
deserialize,1217,0
mult,384887,0
deserialize,896,0
mult,384849,0
deserialize,947,0
mult,388672,0
deserialize,982,0
mult,381339,0
deserialize,979,0
mult,382421,0
deserialize,924,0
mult,382322,0
deserialize,917,0
mult,381980,0
deserialize,977,0
mult,382684,0
deserialize,942,0
mult,382708,0
deserialize,907,0
mult,384012,0
deserialize,970,0
mult,382583,0
deserialize,984,0
mult,383572,0
deserialize,956,0
mult,384594,0
deserialize,1252,0
mult,388975,0
deserialize,1085,0
mult,383671,0
deserialize,982,0
mult,393420,0
deserialize,901,0
mult,390940,0
deserialize,915,0
mult,397921,0
deserialize,890,0
mult,391353,0
deserialize,910,0
mult,393302,0
deserialize,886,0
mult,400532,0
deserialize,1008,0
mult,392414,0
deserialize,866,0
mult,397040,0
deserialize,909,0
mult,394686,0
deserialize,988,0
mult,389785,0
deserialize,1040,0
mult,385159,0
deserialize,873,0
mult,384772,0
deserialize,906,0
mult,382929,0
deserialize,875,0
mult,383080,0
deserialize,859,0
mult,382592,0
deserialize,882,0
mult,381892,0
deserialize,948,0
mult,382372,0
deserialize,840,0
mult,381939,0
deserialize,859,0
mult,388235,0
deserialize,1019,0
mult,382520,0
deserialize,948,0
mult,381641,0
deserialize,884,0
mult,383189,0
deserialize,1275,0
mult,383857,0
deserialize,889,0
mult,383488,0
deserialize,890,0
mult,384475,0
deserialize,895,0
mult,390898,0
deserialize,1041,0
mult,390054,0
deserialize,899,0
mult,397221,0
deserialize,1149,0
mult,389471,0
deserialize,883,0
mult,400019,0
deserialize,1103,0
mult,399490,0
deserialize,1140,0
mult,391294,0
deserialize,991,0
mult,395955,0
deserialize,907,0
mult,390137,0
deserialize,1013,0
mult,392573,0
deserialize,887,0
mult,385455,0
deserialize,908,0
mult,384978,0
deserialize,873,0
mult,384242,0
deserialize,1079,0
mult,382436,0
deserialize,873,0
mult,387372,0
deserialize,980,0
mult,381453,0
deserialize,984,0
mult,381701,0
deserialize,905,0
mult,382202,0
deserialize,840,0
mult,382807,0
deserialize,885,0
mult,382714,0
deserialize,860,0
mult,382085,0
deserialize,955,0
mult,383573,0
deserialize,875,0
mult,383144,0
deserialize,952,0
mult,383418,0
deserialize,860,0
mult,390286,0
deserialize,1068,0
mult,388692,0
deserialize,965,0
mult,388667,0
deserialize,877,0
mult,397936,0
deserialize,934,0
mult,388619,0
deserialize,1030,0
mult,393634,0
deserialize,880,0
mult,399679,0
deserialize,889,0
mult,392332,0
deserialize,873,0
mult,396821,0
deserialize,954,0
mult,389657,0
deserialize,956,0
mult,398814,0
deserialize,1008,0
mult,385002,0
deserialize,976,0
mult,385725,0
deserialize,1080,0
mult,383367,0
deserialize,996,0
mult,382900,0
deserialize,864,0
mult,381967,0
deserialize,976,0
mult,382766,0
deserialize,970,0
mult,381990,0
deserialize,914,0
mult,381572,0
deserialize,858,0
mult,382190,0
deserialize,884,0
mult,382397,0
deserialize,867,0
mult,387987,0
deserialize,987,0
mult,383215,0
deserialize,904,0
mult,382546,0
deserialize,866,0
mult,382819,0
deserialize,869,0
mult,384828,0
deserialize,882,0
mult,387701,0
deserialize,1087,0
mult,388237,0
deserialize,1143,0
mult,397892,0
deserialize,956,0
mult,388910,0
deserialize,885,0
mult,394713,0
deserialize,938,0
mult,403756,0
deserialize,1104,0
mult,392000,0
deserialize,989,0
mult,397091,0
deserialize,852,0
mult,390642,0
deserialize,919,0
mult,394651,0
deserialize,876,0
mult,386266,0
deserialize,944,0
mult,385511,0
deserialize,866,0
mult,383704,0
deserialize,937,0
mult,383157,0
deserialize,956,0
mult,382485,0
deserialize,1189,0
mult,388068,0
deserialize,1166,0
mult,381473,0
deserialize,989,0
mult,381461,0
deserialize,897,0
mult,381778,0
deserialize,948,0
mult,381952,0
deserialize,851,0
mult,381511,0
deserialize,973,0
mult,383755,0
deserialize,943,0
mult,382741,0
deserialize,967,0
mult,382572,0
deserialize,860,0
mult,384069,0
deserialize,918,0
mult,385350,0
deserialize,898,0
mult,393024,0
deserialize,980,0
mult,397167,0
deserialize,913,0
mult,389357,0
deserialize,867,0
mult,395347,0
deserialize,896,0
mult,396446,0
deserialize,889,0
mult,392454,0
deserialize,876,0
mult,398194,0
deserialize,890,0
mult,388723,0
deserialize,875,0
mult,394031,0
deserialize,933,0
mult,386938,0
deserialize,889,0
mult,395324,0
deserialize,1146,0
mult,383649,0
deserialize,1166,0
mult,383314,0
deserialize,1034,0
mult,381808,0
deserialize,853,0
mult,381444,0
deserialize,873,0
mult,382227,0
deserialize,854,0
mult,381274,0
deserialize,897,0
mult,381174,0
deserialize,945,0
mult,382698,0
deserialize,847,0
mult,381803,0
deserialize,870,0
mult,389147,0
deserialize,1010,0
mult,381858,0
deserialize,908,0
mult,381938,0
deserialize,860,0
mult,383641,0
deserialize,930,0
mult,383949,0
deserialize,960,0
mult,386101,0
deserialize,971,0
mult,396006,0
deserialize,981,0
mult,389991,0
deserialize,962,0
mult,395472,0
deserialize,879,0
mult,395020,0
deserialize,952,0
mult,399369,0
deserialize,1019,0
mult,398654,0
deserialize,1273,0
mult,389354,0
deserialize,1120,0
mult,394685,0
deserialize,1105,0
mult,386564,0
deserialize,860,0
mult,386975,0
deserialize,932,0
mult,383399,0
deserialize,857,0
mult,383541,0
deserialize,901,0
mult,382331,0
deserialize,854,0
mult,381782,0
deserialize,908,0
mult,381652,0
deserialize,797,0
mult,386713,0
deserialize,1000,0
mult,381192,0
deserialize,916,0
mult,381411,0
deserialize,1009,0
mult,381843,0
deserialize,873,0
mult,382967,0
deserialize,1124,0
mult,382218,0
deserialize,860,0
mult,382907,0
deserialize,889,0
mult,383674,0
deserialize,870,0
mult,382739,0
deserialize,916,0
mult,384527,0
deserialize,897,0
mult,400819,0
deserialize,1046,0
mult,389997,0
deserialize,1021,0
mult,396854,0
deserialize,872,0
mult,393404,0
deserialize,878,0
mult,393264,0
deserialize,983,0
mult,399236,0
deserialize,967,0
mult,390071,0
deserialize,869,0
mult,395156,0
deserialize,936,0
mult,388494,0
deserialize,862,0
mult,389021,0
deserialize,976,0
mult,389837,0
deserialize,983,0
mult,383598,0
deserialize,969,0
mult,382497,0
deserialize,898,0
mult,381532,0
deserialize,1006,0
mult,382127,0
deserialize,866,0
mult,380431,0
deserialize,880,0
mult,381723,0
deserialize,881,0
mult,381526,0
deserialize,897,0
mult,382052,0
deserialize,881,0
mult,383654,0
deserialize,866,0
mult,381709,0
deserialize,897,0
mult,388942,0
deserialize,1042,0
mult,382511,0
deserialize,917,0
mult,382403,0
deserialize,959,0
mult,384794,0
deserialize,854,0
mult,392981,0
deserialize,1064,0
mult,389882,0
deserialize,874,0
mult,396513,0
deserialize,890,0
mult,390964,0
deserialize,924,0
mult,393358,0
deserialize,1032,0
mult,398723,0
deserialize,906,0
mult,395584,0
deserialize,988,0
mult,396597,0
deserialize,896,0
mult,388508,0
deserialize,927,0
mult,390522,0
deserialize,939,0
mult,384017,0
deserialize,854,0
mult,383444,0
deserialize,871,0
mult,383051,0
deserialize,860,0
mult,381608,0
deserialize,913,0
mult,381681,0
deserialize,885,0
mult,381559,0
deserialize,1087,0
mult,387393,0
deserialize,1080,0
mult,381004,0
deserialize,981,0
mult,381361,0
deserialize,883,0
mult,382405,0
deserialize,975,0
mult,381869,0
deserialize,891,0
mult,383351,0
deserialize,975,0
mult,382968,0
deserialize,865,0
mult,382074,0
deserialize,874,0
mult,383676,0
deserialize,946,0
mult,390494,0
deserialize,974,0
mult,389489,0
deserialize,863,0
mult,402360,0
deserialize,1030,0
mult,388609,0
deserialize,1227,0
mult,393720,0
deserialize,863,0
mult,399572,0
deserialize,958,0
mult,390666,0
deserialize,929,0
mult,395757,0
deserialize,874,0
mult,389319,0
deserialize,997,0
mult,391824,0
deserialize,886,0
mult,384438,0
deserialize,874,0
mult,384256,0
deserialize,897,0
mult,388244,0
deserialize,962,0
mult,381822,0
deserialize,893,0
mult,381769,0
deserialize,1120,0
mult,381733,0
deserialize,887,0
mult,381487,0
deserialize,878,0
mult,381394,0
deserialize,931,0
mult,382514,0
deserialize,850,0
mult,382721,0
deserialize,880,0
mult,382168,0
deserialize,1369,0
mult,382923,0
deserialize,931,0
mult,389262,0
deserialize,956,0
mult,382853,0
deserialize,1027,0
mult,383488,0
deserialize,857,0
mult,389100,0
deserialize,960,0
mult,388859,0
deserialize,860,0
mult,398511,0
deserialize,980,0
mult,388803,0
deserialize,904,0
mult,393791,0
deserialize,956,0
mult,398421,0
deserialize,903,0
mult,392148,0
deserialize,1097,0
mult,402538,0
deserialize,1005,0
mult,388460,0
deserialize,1199,0
mult,392477,0
deserialize,906,0
mult,385055,0
deserialize,869,0
mult,384173,0
deserialize,869,0
mult,383373,0
deserialize,938,0
mult,382378,0
deserialize,859,0
mult,381473,0
deserialize,852,0
mult,381479,0
deserialize,864,0
mult,382272,0
deserialize,881,0
mult,381214,0
deserialize,878,0
mult,387767,0
deserialize,1092,0
mult,383601,0
deserialize,911,0
mult,381406,0
deserialize,1190,0
mult,383261,0
deserialize,883,0
mult,383082,0
deserialize,948,0
mult,382838,0
deserialize,1047,0
mult,384115,0
deserialize,890,0
mult,386500,0
deserialize,883,0
mult,387840,0
deserialize,1438,0
mult,397237,0
deserialize,905,0
mult,395136,0
deserialize,981,0
mult,394823,0
deserialize,910,0
mult,397641,0
deserialize,891,0
mult,392134,0
deserialize,1040,0
mult,396247,0
deserialize,882,0
mult,388883,0
deserialize,938,0
mult,393517,0
deserialize,963,0
mult,385564,0
deserialize,919,0
mult,384747,0
deserialize,870,0
mult,383715,0
deserialize,940,0
mult,388837,0
deserialize,1027,0
mult,381610,0
deserialize,1007,0
mult,381726,0
deserialize,886,0
mult,381760,0
deserialize,907,0
mult,380771,0
deserialize,863,0
mult,381090,0
deserialize,885,0
mult,382172,0
deserialize,972,0
mult,382205,0
deserialize,898,0
mult,383022,0
deserialize,874,0
mult,382244,0
deserialize,872,0
mult,382627,0
deserialize,859,0
mult,389524,0
deserialize,980,0
mult,385481,0
deserialize,1163,0
mult,386825,0
deserialize,871,0
mult,396496,0
deserialize,889,0
mult,389630,0
deserialize,910,0
mult,394921,0
deserialize,951,0
mult,396828,0
deserialize,911,0
mult,392555,0
deserialize,905,0
mult,398952,0
deserialize,1053,0
mult,388540,0
deserialize,948,0
mult,399820,0
deserialize,935,0
mult,386756,0
deserialize,987,0
mult,385413,0
deserialize,1119,0
mult,383981,0
deserialize,901,0
mult,383359,0
deserialize,861,0
mult,382415,0
deserialize,966,0
mult,382060,0
deserialize,883,0
mult,381848,0
deserialize,1143,0
mult,381495,0
deserialize,873,0
mult,381301,0
deserialize,942,0
mult,387026,0
deserialize,998,0
mult,381656,0
deserialize,1040,0
mult,382956,0
deserialize,881,0
mult,381437,0
deserialize,979,0
mult,382323,0
deserialize,1179,0
mult,383422,0
deserialize,968,0
mult,384128,0
deserialize,903,0
mult,385025,0
deserialize,991,0
mult,395714,0
deserialize,981,0
mult,390777,0
deserialize,910,0
mult,401480,0
deserialize,981,0
mult,394362,0
deserialize,944,0
mult,393047,0
deserialize,877,0
mult,398847,0
deserialize,1001,0
mult,390158,0
deserialize,879,0
mult,394756,0
gemm,9.15065e+08,0
wait_all,7.24743e+08,0
deserialize,2781,0
mult,368938,0
deserialize,1050,0
mult,365790,0
deserialize,870,0
mult,366897,0
deserialize,1011,0
mult,367114,0
deserialize,980,0
mult,359816,0
deserialize,858,0
mult,358855,0
deserialize,866,0
mult,358198,0
deserialize,903,0
mult,357891,0
deserialize,882,0
mult,357738,0
deserialize,983,0
mult,358698,0
deserialize,998,0
mult,357524,0
deserialize,959,0
mult,358345,0
deserialize,837,0
mult,358825,0
deserialize,907,0
mult,366757,0
deserialize,997,0
mult,358461,0
deserialize,938,0
mult,362827,0
deserialize,873,0
mult,360519,0
deserialize,898,0
mult,360870,0
deserialize,890,0
mult,358746,0
deserialize,899,0
mult,358485,0
deserialize,888,0
mult,362848,0
deserialize,845,0
mult,363563,0
deserialize,906,0
mult,360018,0
deserialize,863,0
mult,365803,0
deserialize,893,0
mult,369022,0
deserialize,1281,0
mult,366928,0
deserialize,1019,0
mult,366631,0
deserialize,932,0
mult,360710,0
deserialize,1316,0
mult,367952,0
deserialize,867,0
mult,360996,0
deserialize,918,0
mult,360504,0
deserialize,856,0
mult,358394,0
deserialize,960,0
mult,358148,0
deserialize,886,0
mult,357844,0
deserialize,891,0
mult,358071,0
deserialize,844,0
mult,364468,0
deserialize,1121,0
mult,357378,0
deserialize,1073,0
mult,358423,0
deserialize,834,0
mult,360771,0
deserialize,942,0
mult,359861,0
deserialize,855,0
mult,363783,0
deserialize,865,0
mult,360178,0
deserialize,860,0
mult,362099,0
deserialize,877,0
mult,359041,0
deserialize,867,0
mult,358581,0
deserialize,903,0
mult,363292,0
deserialize,872,0
mult,369803,0
deserialize,1022,0
mult,359039,0
deserialize,1023,0
mult,365018,0
deserialize,861,0
mult,361592,0
deserialize,902,0
mult,367233,0
deserialize,890,0
mult,367707,0
deserialize,964,0
mult,360053,0
deserialize,928,0
mult,368000,0
deserialize,862,0
mult,361478,0
deserialize,932,0
mult,360685,0
deserialize,959,0
mult,358404,0
deserialize,910,0
mult,367172,0
deserialize,1149,0
mult,1.68399e+06,0
deserialize,970,0
mult,1.79179e+06,0
deserialize,869,0
mult,1.63305e+06,0
deserialize,1038,0
mult,1.2865e+06,0
deserialize,1243,0
mult,358577,0
deserialize,977,0
mult,360987,0
deserialize,1140,0
mult,358733,0
deserialize,977,0
mult,359111,0
deserialize,1042,0
mult,366970,0
deserialize,984,0
mult,357902,0
deserialize,926,0
mult,363220,0
deserialize,1016,0
mult,358456,0
deserialize,857,0
mult,358287,0
deserialize,947,0
mult,360333,0
deserialize,960,0
mult,359111,0
deserialize,955,0
mult,360659,0
deserialize,959,0
mult,365588,0
deserialize,896,0
mult,358653,0
deserialize,920,0
mult,364543,0
deserialize,981,0
mult,370292,0
deserialize,1053,0
mult,364215,0
deserialize,937,0
mult,365837,0
deserialize,923,0
mult,361563,0
deserialize,871,0
mult,366595,0
deserialize,898,0
mult,358434,0
deserialize,861,0
mult,358684,0
deserialize,888,0
mult,357433,0
deserialize,808,0
mult,357832,0
deserialize,1407,0
mult,357242,0
deserialize,1126,0
mult,357413,0
deserialize,1516,0
mult,363189,0
deserialize,1020,0
mult,356411,0
deserialize,963,0
mult,358570,0
deserialize,1423,0
mult,360389,0
deserialize,827,0
mult,358224,0
deserialize,944,0
mult,363368,0
deserialize,840,0
mult,359523,0
deserialize,1009,0
mult,359545,0
deserialize,896,0
mult,359151,0
deserialize,976,0
mult,358838,0
deserialize,1047,0
mult,362535,0
deserialize,1340,0
mult,370157,0
deserialize,990,0
mult,359060,0
deserialize,1227,0
mult,364086,0
deserialize,859,0
mult,363135,0
deserialize,925,0
mult,365621,0
deserialize,943,0
mult,365606,0
deserialize,1029,0
mult,360162,0
deserialize,946,0
mult,367592,0
deserialize,952,0
mult,358282,0
deserialize,898,0
mult,359338,0
deserialize,953,0
mult,357463,0
deserialize,940,0
mult,363331,0
deserialize,1078,0
mult,356857,0
deserialize,933,0
mult,357473,0
deserialize,1032,0
mult,357344,0
deserialize,938,0
mult,357916,0
deserialize,951,0
mult,357775,0
deserialize,936,0
mult,359914,0
deserialize,23087,0
mult,414500,0
deserialize,1031,0
mult,367601,0
deserialize,976,0
mult,363126,0
deserialize,945,0
mult,361184,0
deserialize,967,0
mult,366037,0
deserialize,1056,0
mult,358081,0
deserialize,974,0
mult,358436,0
deserialize,956,0
mult,364115,0
deserialize,980,0
mult,357702,0
deserialize,975,0
mult,357855,0
deserialize,980,0
mult,362217,0
deserialize,853,0
mult,359489,0
deserialize,990,0
mult,366382,0
deserialize,892,0
mult,359279,0
deserialize,949,0
mult,359208,0
deserialize,859,0
mult,373061,0
deserialize,1010,0
mult,359659,0
deserialize,1025,0
mult,360271,0
deserialize,915,0
mult,357122,0
deserialize,890,0
mult,357953,0
deserialize,920,0
mult,357381,0
deserialize,882,0
mult,357551,0
deserialize,907,0
mult,358098,0
deserialize,944,0
mult,357665,0
deserialize,917,0
mult,358144,0
deserialize,1030,0
mult,360520,0
deserialize,871,0
mult,364079,0
deserialize,967,0
mult,361956,0
deserialize,1177,0
mult,360383,0
deserialize,1027,0
mult,362130,0
deserialize,1099,0
mult,357281,0
deserialize,973,0
mult,358042,0
deserialize,954,0
mult,364021,0
deserialize,1033,0
mult,358467,0
deserialize,822,0
mult,357705,0
deserialize,960,0
mult,360577,0
deserialize,924,0
mult,359183,0
deserialize,860,0
mult,373054,0
deserialize,1020,0
mult,358355,0
deserialize,993,0
mult,358881,0
deserialize,949,0
mult,366127,0
deserialize,1206,0
mult,361971,0
deserialize,889,0
mult,361872,0
deserialize,918,0
mult,357748,0
deserialize,950,0
mult,358311,0
deserialize,1047,0
mult,357417,0
deserialize,863,0
mult,357484,0
deserialize,1110,0
mult,357481,0
deserialize,1141,0
mult,366057,0
deserialize,1117,0
mult,357868,0
deserialize,934,0
mult,360113,0
deserialize,981,0
mult,358643,0
deserialize,850,0
mult,361983,0
deserialize,873,0
mult,360380,0
deserialize,857,0
mult,363401,0
deserialize,861,0
mult,357802,0
deserialize,1020,0
mult,357977,0
deserialize,981,0
mult,361783,0
deserialize,853,0
mult,358726,0
deserialize,895,0
mult,364872,0
deserialize,1025,0
mult,359126,0
deserialize,980,0
mult,359537,0
deserialize,876,0
mult,365118,0
deserialize,898,0
mult,359067,0
deserialize,860,0
mult,359248,0
deserialize,917,0
mult,365335,0
deserialize,886,0
mult,361955,0
deserialize,901,0
mult,363718,0
deserialize,883,0
mult,358152,0
deserialize,963,0
mult,357963,0
deserialize,1024,0
mult,363077,0
deserialize,975,0
mult,357396,0
deserialize,1020,0
mult,357271,0
deserialize,1167,0
mult,358105,0
deserialize,1080,0
mult,356900,0
deserialize,1019,0
mult,359596,0
deserialize,1053,0
mult,359265,0
deserialize,895,0
mult,361333,0
deserialize,1100,0
mult,359456,0
deserialize,906,0
mult,364111,0
deserialize,948,0
mult,357627,0
deserialize,947,0
mult,363759,0
deserialize,1081,0
mult,361070,0
deserialize,909,0
mult,358655,0
deserialize,864,0
mult,359081,0
deserialize,950,0
mult,358845,0
deserialize,990,0
mult,358968,0
deserialize,972,0
mult,365341,0
deserialize,943,0
mult,361194,0
deserialize,1026,0
mult,360248,0
deserialize,930,0
mult,363305,0
deserialize,932,0
mult,361834,0
deserialize,976,0
mult,371122,0
deserialize,1024,0
mult,357423,0
deserialize,959,0
mult,357214,0
deserialize,868,0
mult,357094,0
deserialize,972,0
mult,357577,0
deserialize,924,0
mult,357824,0
deserialize,957,0
mult,357242,0
deserialize,1022,0
mult,357645,0
deserialize,931,0
mult,358746,0
deserialize,1069,0
mult,359430,0
deserialize,935,0
mult,361150,0
deserialize,999,0
mult,364787,0
deserialize,1034,0
mult,362883,0
deserialize,1176,0
mult,357392,0
deserialize,935,0
mult,357452,0
deserialize,970,0
mult,360864,0
deserialize,993,0
mult,359154,0
deserialize,1135,0
mult,360134,0
deserialize,954,0
mult,358461,0
deserialize,1056,0
mult,358345,0
deserialize,875,0
mult,362751,0
deserialize,1110,0
mult,359574,0
deserialize,1001,0
mult,370388,0
deserialize,1162,0
mult,361077,0
deserialize,1103,0
mult,360662,0
deserialize,1120,0
mult,365585,0
deserialize,966,0
mult,358177,0
deserialize,1054,0
mult,358051,0
deserialize,1010,0
mult,357258,0
deserialize,1138,0
mult,357557,0
deserialize,977,0
mult,357270,0
deserialize,947,0
mult,357148,0
deserialize,953,0
mult,357088,0
deserialize,944,0
mult,365114,0
deserialize,967,0
mult,358707,0
deserialize,1040,0
mult,359694,0
deserialize,936,0
mult,358178,0
deserialize,960,0
mult,364984,0
deserialize,932,0
mult,359563,0
deserialize,1027,0
mult,357934,0
deserialize,933,0
mult,360639,0
deserialize,1089,0
mult,359937,0
deserialize,1019,0
mult,361316,0
deserialize,953,0
mult,357361,0
deserialize,898,0
mult,364370,0
deserialize,1056,0
mult,361557,0
deserialize,990,0
mult,359734,0
deserialize,946,0
mult,363839,0
deserialize,975,0
mult,360806,0
deserialize,924,0
mult,361471,0
deserialize,957,0
mult,366386,0
deserialize,987,0
mult,358725,0
deserialize,980,0
mult,357841,0
deserialize,945,0
mult,357241,0
deserialize,993,0
mult,356811,0
deserialize,940,0
mult,363065,0
deserialize,1159,0
mult,356511,0
deserialize,1048,0
mult,357536,0
deserialize,1076,0
mult,357344,0
deserialize,855,0
mult,358803,0
deserialize,889,0
mult,359804,0
deserialize,1203,0
mult,358238,0
deserialize,1104,0
mult,363549,0
deserialize,950,0
mult,359246,0
deserialize,926,0
mult,358792,0
deserialize,934,0
mult,358092,0
deserialize,963,0
mult,363981,0
deserialize,1088,0
mult,361119,0
deserialize,929,0
mult,356708,0
deserialize,942,0
mult,357214,0
deserialize,976,0
mult,361637,0
deserialize,934,0
mult,359618,0
deserialize,934,0
mult,364511,0
deserialize,1075,0
mult,359239,0
deserialize,880,0
mult,359722,0
deserialize,888,0
mult,367071,0
deserialize,891,0
mult,359111,0
deserialize,954,0
mult,364826,0
deserialize,1063,0
mult,356745,0
deserialize,953,0
mult,356417,0
deserialize,925,0
mult,356918,0
deserialize,1057,0
mult,357282,0
deserialize,964,0
mult,357181,0
deserialize,1094,0
mult,356664,0
deserialize,946,0
mult,357944,0
deserialize,1109,0
mult,359711,0
deserialize,933,0
mult,357588,0
deserialize,1105,0
mult,363207,0
deserialize,869,0
mult,359240,0
deserialize,985,0
mult,366012,0
deserialize,1054,0
mult,357571,0
deserialize,1012,0
mult,357858,0
deserialize,974,0
mult,361911,0
deserialize,984,0
mult,357404,0
deserialize,960,0
mult,357581,0
deserialize,924,0
mult,360508,0
deserialize,866,0
mult,358573,0
deserialize,946,0
mult,365740,0
deserialize,933,0
mult,358339,0
deserialize,880,0
mult,359042,0
deserialize,978,0
mult,371620,0
deserialize,1075,0
mult,359565,0
deserialize,1061,0
mult,359011,0
deserialize,1093,0
mult,356806,0
deserialize,887,0
mult,357048,0
deserialize,1069,0
mult,356428,0
deserialize,943,0
mult,356955,0
deserialize,937,0
mult,356917,0
deserialize,1125,0
mult,356875,0
deserialize,1081,0
mult,358248,0
deserialize,941,0
mult,359434,0
deserialize,922,0
mult,364509,0
deserialize,1050,0
mult,362101,0
deserialize,1083,0
mult,359008,0
deserialize,952,0
mult,361445,0
deserialize,848,0
mult,357205,0
deserialize,967,0
mult,357804,0
deserialize,1035,0
mult,362178,0
deserialize,964,0
mult,357971,0
deserialize,921,0
mult,357165,0
deserialize,1052,0
mult,360021,0
deserialize,1123,0
mult,358128,0
deserialize,1103,0
mult,371001,0
deserialize,1056,0
mult,359167,0
deserialize,1188,0
mult,357723,0
deserialize,977,0
mult,365241,0
deserialize,904,0
mult,360937,0
deserialize,874,0
mult,360878,0
deserialize,966,0
mult,357428,0
deserialize,926,0
mult,357016,0
deserialize,959,0
mult,356574,0
deserialize,931,0
mult,357211,0
deserialize,1007,0
mult,356961,0
deserialize,844,0
mult,363143,0
deserialize,1006,0
mult,357699,0
deserialize,1191,0
mult,359318,0
deserialize,964,0
mult,357840,0
deserialize,866,0
mult,361135,0
deserialize,865,0
mult,359887,0
deserialize,976,0
mult,362080,0
deserialize,997,0
mult,356761,0
deserialize,951,0
mult,357584,0
deserialize,887,0
mult,361528,0
deserialize,964,0
mult,357904,0
deserialize,872,0
mult,363442,0
deserialize,1202,0
mult,359251,0
deserialize,1052,0
mult,358210,0
deserialize,945,0
mult,365454,0
deserialize,942,0
mult,357669,0
deserialize,1090,0
mult,358259,0
deserialize,960,0
mult,365704,0
deserialize,1226,0
mult,361482,0
deserialize,919,0
mult,361874,0
deserialize,1050,0
mult,357134,0
deserialize,838,0
mult,357411,0
deserialize,950,0
mult,362837,0
deserialize,1043,0
mult,356541,0
deserialize,1081,0
mult,356648,0
deserialize,959,0
mult,356614,0
deserialize,871,0
mult,356551,0
deserialize,887,0
mult,358625,0
deserialize,863,0
mult,358321,0
deserialize,874,0
mult,359645,0
deserialize,954,0
mult,358979,0
deserialize,885,0
mult,363774,0
deserialize,988,0
mult,356725,0
deserialize,986,0
mult,362341,0
deserialize,1075,0
mult,360146,0
deserialize,907,0
mult,358108,0
deserialize,1026,0
mult,358519,0
deserialize,894,0
mult,358163,0
deserialize,990,0
mult,358300,0
deserialize,984,0
mult,364418,0
deserialize,1074,0
mult,360125,0
deserialize,850,0
mult,360735,0
deserialize,856,0
mult,363025,0
deserialize,960,0
mult,361223,0
deserialize,973,0
mult,369986,0
deserialize,1015,0
mult,357066,0
deserialize,974,0
mult,356943,0
deserialize,907,0
mult,356944,0
deserialize,945,0
mult,357484,0
deserialize,925,0
mult,356822,0
deserialize,956,0
mult,356503,0
deserialize,931,0
mult,356687,0
deserialize,867,0
mult,358536,0
deserialize,1031,0
mult,358833,0
deserialize,865,0
mult,359661,0
deserialize,1002,0
mult,365078,0
deserialize,1110,0
mult,363623,0
deserialize,1074,0
mult,356861,0
deserialize,958,0
mult,357502,0
deserialize,867,0
mult,360196,0
deserialize,973,0
mult,357985,0
deserialize,936,0
mult,358744,0
deserialize,873,0
mult,356999,0
deserialize,897,0
mult,357418,0
deserialize,891,0
mult,361766,0
deserialize,885,0
mult,360224,0
deserialize,1036,0
mult,367384,0
deserialize,969,0
mult,361638,0
deserialize,1108,0
mult,361377,0
deserialize,970,0
mult,365478,0
deserialize,890,0
mult,356926,0
deserialize,969,0
mult,357152,0
deserialize,980,0
mult,357072,0
deserialize,954,0
mult,356754,0
deserialize,853,0
mult,356606,0
deserialize,878,0
mult,357001,0
deserialize,886,0
mult,357337,0
deserialize,858,0
mult,363954,0
deserialize,1000,0
mult,358497,0
deserialize,899,0
mult,359238,0
deserialize,943,0
mult,358665,0
deserialize,1173,0
mult,364047,0
deserialize,1099,0
mult,358221,0
deserialize,876,0
mult,357951,0
deserialize,1072,0
mult,359751,0
deserialize,866,0
mult,358414,0
deserialize,969,0
mult,360530,0
deserialize,925,0
mult,356746,0
deserialize,1060,0
mult,363703,0
deserialize,984,0
mult,361437,0
deserialize,1053,0
mult,359709,0
deserialize,883,0
mult,364305,0
deserialize,987,0
mult,359885,0
deserialize,843,0
mult,360108,0
deserialize,888,0
mult,365399,0
deserialize,878,0
mult,357757,0
deserialize,927,0
mult,357934,0
deserialize,870,0
mult,356170,0
deserialize,954,0
mult,356700,0
deserialize,880,0
mult,356311,0
deserialize,6653,0
mult,356458,0
deserialize,960,0
mult,357416,0
deserialize,900,0
mult,358175,0
deserialize,889,0
mult,358597,0
deserialize,1030,0
mult,359761,0
deserialize,864,0
mult,357511,0
deserialize,907,0
mult,363723,0
deserialize,874,0
mult,358484,0
deserialize,898,0
mult,357938,0
deserialize,888,0
mult,358936,0
deserialize,902,0
mult,359644,0
deserialize,986,0
mult,368065,0
deserialize,1036,0
mult,356902,0
deserialize,905,0
mult,356711,0
deserialize,1050,0
mult,361641,0
deserialize,907,0
mult,359109,0
deserialize,909,0
mult,364900,0
deserialize,1311,0
mult,358884,0
deserialize,873,0
mult,359642,0
deserialize,960,0
mult,366258,0
deserialize,963,0
mult,359342,0
deserialize,1158,0
mult,358634,0
deserialize,899,0
mult,361966,0
deserialize,999,0
mult,356972,0
deserialize,960,0
mult,356332,0
deserialize,961,0
mult,356282,0
deserialize,922,0
mult,356584,0
deserialize,889,0
mult,356884,0
deserialize,900,0
mult,357848,0
deserialize,902,0
mult,359138,0
deserialize,970,0
mult,357794,0
deserialize,859,0
mult,362694,0
deserialize,948,0
mult,359054,0
deserialize,878,0
mult,366157,0
deserialize,1023,0
mult,357391,0
deserialize,1046,0
mult,358671,0
deserialize,1203,0
mult,362529,0
deserialize,854,0
mult,356141,0
deserialize,841,0
mult,356864,0
deserialize,897,0
mult,360941,0
deserialize,1054,0
mult,359268,0
deserialize,897,0
mult,366086,0
deserialize,906,0
mult,358493,0
deserialize,846,0
mult,360215,0
deserialize,1160,0
mult,372455,0
deserialize,927,0
mult,359354,0
deserialize,977,0
mult,358969,0
deserialize,893,0
mult,356740,0
deserialize,875,0
mult,357052,0
deserialize,916,0
mult,356908,0
deserialize,909,0
mult,357080,0
deserialize,957,0
mult,357108,0
deserialize,1019,0
mult,357287,0
deserialize,873,0
mult,357785,0
deserialize,1083,0
mult,359434,0
deserialize,859,0
mult,363743,0
deserialize,1089,0
mult,362180,0
deserialize,943,0
mult,359846,0
deserialize,976,0
mult,360852,0
deserialize,925,0
mult,356943,0
deserialize,861,0
mult,357648,0
deserialize,1119,0
mult,361151,0
deserialize,977,0
mult,357484,0
deserialize,901,0
mult,357028,0
deserialize,916,0
mult,360020,0
deserialize,885,0
mult,357825,0
deserialize,1127,0
mult,371098,0
deserialize,981,0
mult,358021,0
deserialize,1017,0
mult,357211,0
deserialize,903,0
mult,364567,0
gemm,9.08184e+08,0
wait_all,7.03206e+08,0
deserialize,1947,0
mult,367516,0
deserialize,1217,0
mult,364308,0
deserialize,907,0
mult,361329,0
deserialize,933,0
mult,367878,0
deserialize,865,0
mult,365948,0
deserialize,993,0
mult,358499,0
deserialize,869,0
mult,357526,0
deserialize,921,0
mult,358087,0
deserialize,967,0
mult,357896,0
deserialize,1064,0
mult,358381,0
deserialize,897,0
mult,357471,0
deserialize,919,0
mult,358108,0
deserialize,847,0
mult,359265,0
deserialize,893,0
mult,359809,0
deserialize,1011,0
mult,358848,0
deserialize,919,0
mult,369451,0
deserialize,996,0
mult,359875,0
deserialize,1023,0
mult,361380,0
deserialize,867,0
mult,358417,0
deserialize,900,0
mult,358396,0
deserialize,863,0
mult,362798,0
deserialize,833,0
mult,362805,0
deserialize,857,0
mult,359835,0
deserialize,883,0
mult,365289,0
deserialize,920,0
mult,361860,0
deserialize,852,0
mult,366171,0
deserialize,883,0
mult,370729,0
deserialize,1030,0
mult,360051,0
deserialize,949,0
mult,367420,0
deserialize,888,0
mult,360150,0
deserialize,864,0
mult,360968,0
deserialize,870,0
mult,357864,0
deserialize,977,0
mult,358216,0
deserialize,911,0
mult,358165,0
deserialize,937,0
mult,358144,0
deserialize,847,0
mult,357748,0
deserialize,938,0
mult,357996,0
deserialize,863,0
mult,363474,0
deserialize,964,0
mult,359571,0
deserialize,1003,0
mult,359030,0
deserialize,873,0
mult,362965,0
deserialize,884,0
mult,361100,0
deserialize,855,0
mult,362707,0
deserialize,860,0
mult,358248,0
deserialize,902,0
mult,358665,0
deserialize,867,0
mult,363308,0
deserialize,863,0
mult,362880,0
deserialize,842,0
mult,360465,0
deserialize,872,0
mult,370237,0
deserialize,1005,0
mult,359988,0
deserialize,940,0
mult,367103,0
deserialize,888,0
mult,364941,0
deserialize,895,0
mult,360649,0
deserialize,867,0
mult,367266,0
deserialize,912,0
mult,361275,0
deserialize,904,0
mult,360627,0
deserialize,932,0
mult,357924,0
deserialize,910,0
mult,360117,0
deserialize,1256,0
mult,1.69033e+06,0
deserialize,991,0
mult,1.79708e+06,0
deserialize,864,0
mult,1.62141e+06,0
deserialize,1022,0
mult,1.28598e+06,0
deserialize,1069,0
mult,359489,0
deserialize,969,0
mult,361694,0
deserialize,903,0
mult,358848,0
deserialize,955,0
mult,359106,0
deserialize,923,0
mult,360091,0
deserialize,847,0
mult,365845,0
deserialize,997,0
mult,364355,0
deserialize,1050,0
mult,358379,0
deserialize,863,0
mult,358921,0
deserialize,864,0
mult,360108,0
deserialize,1001,0
mult,358776,0
deserialize,873,0
mult,360498,0
deserialize,893,0
mult,364693,0
deserialize,922,0
mult,358800,0
deserialize,880,0
mult,364494,0
deserialize,1033,0
mult,363955,0
deserialize,894,0
mult,370443,0
deserialize,997,0
mult,364719,0
deserialize,990,0
mult,361201,0
deserialize,1150,0
mult,366786,0
deserialize,829,0
mult,358437,0
deserialize,907,0
mult,358165,0
deserialize,925,0
mult,357024,0
deserialize,825,0
mult,357197,0
deserialize,866,0
mult,357667,0
deserialize,895,0
mult,356967,0
deserialize,1103,0
mult,357174,0
deserialize,991,0
mult,363741,0
deserialize,997,0
mult,357855,0
deserialize,990,0
mult,359391,0
deserialize,860,0
mult,357844,0
deserialize,1014,0
mult,363941,0
deserialize,892,0
mult,359710,0
deserialize,945,0
mult,359501,0
deserialize,864,0
mult,358198,0
deserialize,963,0
mult,358953,0
deserialize,889,0
mult,362010,0
deserialize,1117,0
mult,362951,0
deserialize,934,0
mult,365334,0
deserialize,1122,0
mult,368128,0
deserialize,956,0
mult,362163,0
deserialize,1203,0
mult,364987,0
deserialize,954,0
mult,365062,0
deserialize,1119,0
mult,360437,0
deserialize,893,0
mult,366825,0
deserialize,902,0
mult,359834,0
deserialize,1183,0
mult,358572,0
deserialize,883,0
mult,357389,0
deserialize,884,0
mult,357614,0
deserialize,933,0
mult,362344,0
deserialize,1262,0
mult,356797,0
deserialize,999,0
mult,356436,0
deserialize,871,0
mult,357326,0
deserialize,865,0
mult,358061,0
deserialize,1091,0
mult,360126,0
deserialize,16389,0
mult,385460,0
deserialize,1029,0
mult,394900,0
deserialize,897,0
mult,392892,0
deserialize,900,0
mult,393514,0
deserialize,924,0
mult,393559,0
deserialize,1013,0
mult,401324,0
deserialize,996,0
mult,393978,0
deserialize,915,0
mult,394980,0
deserialize,862,0
mult,395457,0
deserialize,976,0
mult,393043,0
deserialize,968,0
mult,401757,0
deserialize,863,0
mult,399019,0
deserialize,960,0
mult,405410,0
deserialize,887,0
mult,403249,0
deserialize,951,0
mult,400801,0
deserialize,865,0
mult,416546,0
deserialize,1032,0
mult,403156,0
deserialize,1037,0
mult,404605,0
deserialize,908,0
mult,396396,0
deserialize,912,0
mult,394758,0
deserialize,899,0
mult,394118,0
deserialize,870,0
mult,392809,0
deserialize,911,0
mult,393007,0
deserialize,852,0
mult,392971,0
deserialize,899,0
mult,393530,0
deserialize,1004,0
mult,399457,0
deserialize,1001,0
mult,391972,0
deserialize,904,0
mult,393724,0
deserialize,883,0
mult,393164,0
deserialize,877,0
mult,392923,0
deserialize,881,0
mult,394571,0
deserialize,872,0
mult,393840,0
deserialize,866,0
mult,394131,0
deserialize,854,0
mult,394920,0
deserialize,1004,0
mult,394050,0
deserialize,893,0
mult,407233,0
deserialize,973,0
mult,396797,0
deserialize,1047,0
mult,406217,0
deserialize,832,0
mult,402963,0
deserialize,863,0
mult,401373,0
deserialize,1215,0
mult,409351,0
deserialize,977,0
mult,403493,0
deserialize,869,0
mult,406211,0
deserialize,1256,0
mult,397078,0
deserialize,1167,0
mult,395604,0
deserialize,1425,0
mult,400098,0
deserialize,972,0
mult,392342,0
deserialize,960,0
mult,392423,0
deserialize,897,0
mult,393200,0
deserialize,930,0
mult,392371,0
deserialize,845,0
mult,392627,0
deserialize,895,0
mult,393370,0
deserialize,900,0
mult,392974,0
deserialize,1001,0
mult,393308,0
deserialize,979,0
mult,394524,0
deserialize,887,0
mult,401986,0
deserialize,980,0
mult,393349,0
deserialize,948,0
mult,394834,0
deserialize,1079,0
mult,394449,0
deserialize,868,0
mult,393460,0
deserialize,859,0
mult,400017,0
deserialize,1152,0
mult,396824,0
deserialize,986,0
mult,404193,0
deserialize,1120,0
mult,402327,0
deserialize,883,0
mult,400940,0
deserialize,855,0
mult,488013,0
deserialize,1021,0
mult,403754,0
deserialize,943,0
mult,407713,0
deserialize,889,0
mult,398256,0
deserialize,884,0
mult,396454,0
deserialize,956,0
mult,394001,0
deserialize,901,0
mult,393099,0
deserialize,878,0
mult,393416,0
deserialize,906,0
mult,393469,0
deserialize,937,0
mult,392671,0
deserialize,1167,0
mult,400375,0
deserialize,1025,0
mult,392052,0
deserialize,1034,0
mult,392711,0
deserialize,986,0
mult,392899,0
deserialize,861,0
mult,392637,0
deserialize,967,0
mult,394317,0
deserialize,966,0
mult,394584,0
deserialize,897,0
mult,395084,0
deserialize,1167,0
mult,394552,0
deserialize,885,0
mult,394302,0
deserialize,901,0
mult,405016,0
deserialize,997,0
mult,395085,0
deserialize,938,0
mult,404863,0
deserialize,907,0
mult,402338,0
deserialize,960,0
mult,402494,0
deserialize,910,0
mult,407757,0
deserialize,884,0
mult,403712,0
deserialize,900,0
mult,410144,0
deserialize,958,0
mult,400251,0
deserialize,869,0
mult,397515,0
deserialize,907,0
mult,400460,0
deserialize,968,0
mult,392437,0
deserialize,1035,0
mult,392723,0
deserialize,914,0
mult,392732,0
deserialize,964,0
mult,392955,0
deserialize,851,0
mult,392709,0
deserialize,877,0
mult,393404,0
deserialize,953,0
mult,392187,0
deserialize,921,0
mult,392423,0
deserialize,1034,0
mult,392687,0
deserialize,1000,0
mult,399638,0
deserialize,1140,0
mult,393584,0
deserialize,998,0
mult,394506,0
deserialize,898,0
mult,394344,0
deserialize,1015,0
mult,394594,0
deserialize,867,0
mult,398601,0
deserialize,958,0
mult,394788,0
deserialize,876,0
mult,404412,0
deserialize,1074,0
mult,401334,0
deserialize,904,0
mult,404006,0
deserialize,1023,0
mult,411947,0
deserialize,950,0
mult,403217,0
deserialize,1057,0
mult,410033,0
deserialize,897,0
mult,400443,0
deserialize,1169,0
mult,399455,0
deserialize,915,0
mult,394471,0
deserialize,986,0
mult,393320,0
deserialize,1083,0
mult,393222,0
deserialize,872,0
mult,392116,0
deserialize,885,0
mult,392480,0
deserialize,870,0
mult,398391,0
deserialize,953,0
mult,392108,0
deserialize,976,0
mult,392080,0
deserialize,887,0
mult,393040,0
deserialize,867,0
mult,392601,0
deserialize,856,0
mult,394178,0
deserialize,963,0
mult,393146,0
deserialize,867,0
mult,394701,0
deserialize,909,0
mult,394137,0
deserialize,877,0
mult,394328,0
deserialize,943,0
mult,403282,0
deserialize,1049,0
mult,393457,0
deserialize,1324,0
mult,403332,0
deserialize,904,0
mult,400624,0
deserialize,884,0
mult,405203,0
deserialize,916,0
mult,406662,0
deserialize,889,0
mult,402494,0
deserialize,962,0
mult,410645,0
deserialize,849,0
mult,401502,0
deserialize,966,0
mult,401045,0
deserialize,876,0
mult,400957,0
deserialize,1049,0
mult,392783,0
deserialize,908,0
mult,392880,0
deserialize,960,0
mult,393050,0
deserialize,898,0
mult,392484,0
deserialize,914,0
mult,392094,0
deserialize,848,0
mult,392265,0
deserialize,865,0
mult,392261,0
deserialize,994,0
mult,392944,0
deserialize,870,0
mult,392551,0
deserialize,858,0
mult,399329,0
deserialize,926,0
mult,392789,0
deserialize,1190,0
mult,394557,0
deserialize,916,0
mult,393797,0
deserialize,908,0
mult,393547,0
deserialize,847,0
mult,396653,0
deserialize,877,0
mult,393859,0
deserialize,897,0
mult,402290,0
deserialize,971,0
mult,398875,0
deserialize,916,0
mult,404474,0
deserialize,903,0
mult,411108,0
deserialize,975,0
mult,401730,0
deserialize,966,0
mult,410233,0
deserialize,877,0
mult,401313,0
deserialize,975,0
mult,402869,0
deserialize,863,0
mult,394670,0
deserialize,939,0
mult,392981,0
deserialize,855,0
mult,392444,0
deserialize,880,0
mult,392473,0
deserialize,888,0
mult,391920,0
deserialize,954,0
mult,398073,0
deserialize,966,0
mult,392530,0
deserialize,1050,0
mult,392314,0
deserialize,875,0
mult,392381,0
deserialize,996,0
mult,392627,0
deserialize,860,0
mult,392790,0
deserialize,1066,0
mult,393296,0
deserialize,918,0
mult,393619,0
deserialize,943,0
mult,393835,0
deserialize,910,0
mult,394267,0
deserialize,903,0
mult,400849,0
deserialize,1107,0
mult,392830,0
deserialize,916,0
mult,401406,0
deserialize,912,0
mult,398131,0
deserialize,981,0
mult,404993,0
deserialize,940,0
mult,403741,0
deserialize,905,0
mult,401053,0
deserialize,887,0
mult,409176,0
deserialize,1221,0
mult,402630,0
deserialize,923,0
mult,403998,0
deserialize,967,0
mult,401020,0
deserialize,978,0
mult,393582,0
deserialize,1026,0
mult,392594,0
deserialize,855,0
mult,392830,0
deserialize,873,0
mult,392240,0
deserialize,894,0
mult,392810,0
deserialize,916,0
mult,391997,0
deserialize,879,0
mult,391726,0
deserialize,843,0
mult,392002,0
deserialize,851,0
mult,392394,0
deserialize,1043,0
mult,399326,0
deserialize,996,0
mult,392437,0
deserialize,1164,0
mult,393096,0
deserialize,890,0
mult,393021,0
deserialize,954,0
mult,394292,0
deserialize,1012,0
mult,394763,0
deserialize,951,0
mult,392430,0
deserialize,967,0
mult,401064,0
deserialize,941,0
mult,396687,0
deserialize,910,0
mult,405452,0
deserialize,913,0
mult,409024,0
deserialize,1084,0
mult,400219,0
deserialize,1053,0
mult,408814,0
deserialize,934,0
mult,402808,0
deserialize,907,0
mult,406253,0
deserialize,1080,0
mult,396848,0
deserialize,952,0
mult,395312,0
deserialize,907,0
mult,392979,0
deserialize,890,0
mult,392368,0
deserialize,870,0
mult,392154,0
deserialize,800,0
mult,399074,0
deserialize,972,0
mult,391670,0
deserialize,1033,0
mult,391307,0
deserialize,984,0
mult,393006,0
deserialize,880,0
mult,391656,0
deserialize,853,0
mult,392468,0
deserialize,907,0
mult,393055,0
deserialize,910,0
mult,393660,0
deserialize,1044,0
mult,393897,0
deserialize,882,0
mult,394017,0
deserialize,907,0
mult,398840,0
deserialize,992,0
mult,393444,0
deserialize,982,0
mult,399421,0
deserialize,999,0
mult,396200,0
deserialize,874,0
mult,404352,0
deserialize,942,0
mult,401772,0
deserialize,1224,0
mult,399579,0
deserialize,904,0
mult,408395,0
deserialize,1154,0
mult,402923,0
deserialize,860,0
mult,407999,0
deserialize,947,0
mult,404184,0
deserialize,990,0
mult,395660,0
deserialize,1049,0
mult,393454,0
deserialize,1008,0
mult,392197,0
deserialize,920,0
mult,391940,0
deserialize,984,0
mult,392459,0
deserialize,876,0
mult,392048,0
deserialize,865,0
mult,392330,0
deserialize,876,0
mult,392278,0
deserialize,947,0
mult,391883,0
deserialize,868,0
mult,397576,0
deserialize,955,0
mult,392240,0
deserialize,1107,0
mult,392724,0
deserialize,883,0
mult,393098,0
deserialize,999,0
mult,394367,0
deserialize,870,0
mult,393957,0
deserialize,973,0
mult,393711,0
deserialize,875,0
mult,398864,0
deserialize,900,0
mult,395367,0
deserialize,911,0
mult,403847,0
deserialize,941,0
mult,400602,0
deserialize,882,0
mult,408051,0
deserialize,1053,0
mult,406637,0
deserialize,903,0
mult,403122,0
deserialize,897,0
mult,408881,0
deserialize,903,0
mult,398856,0
deserialize,859,0
mult,396977,0
deserialize,885,0
mult,393404,0
deserialize,853,0
mult,392290,0
deserialize,932,0
mult,391719,0
deserialize,961,0
mult,392136,0
deserialize,939,0
mult,397507,0
deserialize,1362,0
mult,391724,0
deserialize,992,0
mult,392374,0
deserialize,894,0
mult,392411,0
deserialize,984,0
mult,392367,0
deserialize,1354,0
mult,392094,0
deserialize,1023,0
mult,393490,0
deserialize,884,0
mult,393160,0
deserialize,862,0
mult,394391,0
deserialize,885,0
mult,393574,0
deserialize,855,0
mult,398483,0
deserialize,974,0
mult,398506,0
deserialize,995,0
mult,393938,0
deserialize,950,0
mult,403970,0
deserialize,906,0
mult,400767,0
deserialize,984,0
mult,402966,0
deserialize,927,0
mult,406899,0
deserialize,876,0
mult,402930,0
deserialize,1127,0
mult,409241,0
deserialize,888,0
mult,400164,0
deserialize,866,0
mult,403992,0
deserialize,1044,0
mult,392706,0
deserialize,896,0
mult,392647,0
deserialize,871,0
mult,392748,0
deserialize,876,0
mult,392688,0
deserialize,881,0
mult,392160,0
deserialize,843,0
mult,391928,0
deserialize,920,0
mult,391953,0
deserialize,860,0
mult,391975,0
deserialize,880,0
mult,392291,0
deserialize,899,0
mult,398707,0
deserialize,1324,0
mult,392973,0
deserialize,919,0
mult,393189,0
deserialize,956,0
mult,394625,0
deserialize,889,0
mult,393137,0
deserialize,1036,0
mult,393574,0
deserialize,904,0
mult,396678,0
deserialize,970,0
mult,393868,0
deserialize,1207,0
mult,402883,0
deserialize,981,0
mult,399115,0
deserialize,853,0
mult,410106,0
deserialize,1450,0
mult,405360,0
deserialize,903,0
mult,401652,0
deserialize,1148,0
mult,409734,0
deserialize,923,0
mult,401128,0
deserialize,880,0
mult,400762,0
deserialize,1110,0
mult,394132,0
deserialize,948,0
mult,392643,0
deserialize,858,0
mult,392650,0
deserialize,878,0
mult,392317,0
deserialize,861,0
mult,397681,0
deserialize,1064,0
mult,391651,0
deserialize,897,0
mult,392586,0
deserialize,876,0
mult,392302,0
deserialize,854,0
mult,392301,0
deserialize,889,0
mult,392466,0
deserialize,923,0
mult,393021,0
deserialize,917,0
mult,392862,0
deserialize,845,0
mult,394605,0
deserialize,890,0
mult,393401,0
deserialize,885,0
mult,399187,0
deserialize,1087,0
mult,396450,0
deserialize,898,0
mult,392537,0
deserialize,877,0
mult,402198,0
deserialize,890,0
mult,398798,0
deserialize,900,0
mult,405063,0
deserialize,1000,0
mult,403920,0
deserialize,865,0
mult,401389,0
deserialize,947,0
mult,410134,0
deserialize,1223,0
mult,401475,0
deserialize,932,0
mult,408922,0
deserialize,944,0
mult,394091,0
deserialize,1194,0
mult,393131,0
deserialize,880,0
mult,392447,0
deserialize,933,0
mult,392150,0
deserialize,870,0
mult,391770,0
deserialize,1120,0
mult,391600,0
deserialize,881,0
mult,392552,0
deserialize,1117,0
mult,392230,0
deserialize,1000,0
mult,392980,0
deserialize,863,0
mult,397927,0
deserialize,1044,0
mult,392584,0
deserialize,946,0
mult,392242,0
deserialize,872,0
mult,393624,0
deserialize,914,0
mult,394345,0
deserialize,1091,0
mult,394466,0
deserialize,843,0
mult,397484,0
deserialize,855,0
mult,393917,0
deserialize,883,0
mult,401246,0
deserialize,1147,0
mult,397861,0
deserialize,882,0
mult,411147,0
deserialize,1004,0
mult,403788,0
deserialize,881,0
mult,400488,0
deserialize,926,0
mult,409481,0
deserialize,892,0
mult,401614,0
deserialize,1057,0
mult,403791,0
deserialize,921,0
mult,395756,0
deserialize,1390,0
mult,394129,0
deserialize,846,0
mult,392967,0
deserialize,980,0
mult,392619,0
deserialize,888,0
mult,403420,0
deserialize,1181,0
mult,392584,0
deserialize,1013,0
mult,392318,0
deserialize,992,0
mult,392454,0
deserialize,894,0
mult,391506,0
deserialize,904,0
mult,391598,0
deserialize,837,0
mult,392279,0
deserialize,983,0
mult,392305,0
deserialize,858,0
mult,393561,0
deserialize,915,0
mult,392958,0
deserialize,906,0
mult,400657,0
deserialize,1055,0
mult,394036,0
deserialize,891,0
mult,393074,0
deserialize,902,0
mult,400745,0
deserialize,881,0
mult,396747,0
deserialize,1093,0
mult,406105,0
deserialize,908,0
mult,403070,0
deserialize,1010,0
mult,399992,0
deserialize,877,0
mult,409558,0
gemm,9.12028e+08,0
wait_all,7.12549e+08,0
deserialize,2472,0
mult,412070,0
deserialize,1060,0
mult,403051,0
deserialize,860,0
mult,404356,0
deserialize,950,0
mult,413144,0
deserialize,1020,0
mult,405259,0
deserialize,866,0
mult,406146,0
deserialize,868,0
mult,397825,0
deserialize,935,0
mult,402606,0
deserialize,1190,0
mult,395527,0
deserialize,1009,0
mult,395382,0
deserialize,872,0
mult,395229,0
deserialize,1175,0
mult,395843,0
deserialize,836,0
mult,396441,0
deserialize,918,0
mult,396049,0
deserialize,859,0
mult,396030,0
deserialize,1043,0
mult,400913,0
deserialize,887,0
mult,398212,0
deserialize,953,0
mult,405425,0
deserialize,919,0
mult,403277,0
deserialize,940,0
mult,401163,0
deserialize,983,0
mult,406162,0
deserialize,874,0
mult,398419,0
deserialize,917,0
mult,397472,0
deserialize,816,0
mult,400901,0
deserialize,1418,0
mult,400890,0
deserialize,820,0
mult,409033,0
deserialize,939,0
mult,402432,0
deserialize,1071,0
mult,409583,0
deserialize,1108,0
mult,411064,0
deserialize,914,0
mult,405755,0
deserialize,917,0
mult,407706,0
deserialize,908,0
mult,399007,0
deserialize,937,0
mult,398245,0
deserialize,910,0
mult,397630,0
deserialize,921,0
mult,396803,0
deserialize,855,0
mult,395342,0
deserialize,1147,0
mult,395028,0
deserialize,863,0
mult,410781,0
deserialize,974,0
mult,394720,0
deserialize,976,0
mult,395854,0
deserialize,886,0
mult,401708,0
deserialize,890,0
mult,397331,0
deserialize,865,0
mult,400763,0
deserialize,1104,0
mult,403490,0
deserialize,1104,0
mult,402418,0
deserialize,885,0
mult,406754,0
deserialize,898,0
mult,399067,0
deserialize,861,0
mult,403040,0
deserialize,1049,0
mult,398115,0
deserialize,928,0
mult,397355,0
deserialize,897,0
mult,407520,0
deserialize,895,0
mult,400690,0
deserialize,902,0
mult,402330,0
deserialize,880,0
mult,411490,0
deserialize,891,0
mult,406956,0
deserialize,896,0
mult,408440,0
deserialize,923,0
mult,397950,0
deserialize,920,0
mult,402164,0
deserialize,1100,0
mult,1.69181e+06,0
deserialize,919,0
mult,1.80899e+06,0
deserialize,893,0
mult,1.6496e+06,0
deserialize,999,0
mult,1.30088e+06,0
deserialize,1117,0
mult,404901,0
deserialize,1017,0
mult,402748,0
deserialize,959,0
mult,395036,0
deserialize,881,0
mult,402057,0
deserialize,1054,0
mult,396779,0
deserialize,1242,0
mult,395217,0
deserialize,855,0
mult,401539,0
deserialize,957,0
mult,398425,0
deserialize,863,0
mult,399170,0
deserialize,914,0
mult,404838,0
deserialize,956,0
mult,400481,0
deserialize,896,0
mult,401578,0
deserialize,873,0
mult,395911,0
deserialize,897,0
mult,401391,0
deserialize,1026,0
mult,403005,0
deserialize,1163,0
mult,401324,0
deserialize,887,0
mult,406925,0
deserialize,1076,0
mult,404735,0
deserialize,903,0
mult,405393,0
deserialize,869,0
mult,412868,0
deserialize,894,0
mult,403354,0
deserialize,873,0
mult,403500,0
deserialize,915,0
mult,396523,0
deserialize,968,0
mult,401874,0
deserialize,993,0
mult,394421,0
deserialize,954,0
mult,395442,0
deserialize,1033,0
mult,394867,0
deserialize,1058,0
mult,395237,0
deserialize,887,0
mult,395354,0
deserialize,933,0
mult,396012,0
deserialize,861,0
mult,395709,0
deserialize,948,0
mult,401134,0
deserialize,862,0
mult,397808,0
deserialize,1075,0
mult,408854,0
deserialize,992,0
mult,404142,0
deserialize,979,0
mult,401672,0
deserialize,984,0
mult,403559,0
deserialize,946,0
mult,396915,0
deserialize,885,0
mult,395880,0
deserialize,1006,0
mult,401882,0
deserialize,851,0
mult,400237,0
deserialize,900,0
mult,408075,0
deserialize,953,0
mult,403258,0
deserialize,894,0
mult,409816,0
deserialize,945,0
mult,412086,0
deserialize,898,0
mult,405532,0
deserialize,896,0
mult,405406,0
deserialize,932,0
mult,397835,0
deserialize,899,0
mult,396872,0
deserialize,879,0
mult,396323,0
deserialize,867,0
mult,395394,0
deserialize,913,0
mult,394916,0
deserialize,1139,0
mult,395076,0
deserialize,880,0
mult,401043,0
deserialize,1047,0
mult,394799,0
deserialize,17345,0
mult,414860,0
deserialize,1130,0
mult,375342,0
deserialize,964,0
mult,379097,0
deserialize,892,0
mult,373425,0
deserialize,931,0
mult,374134,0
deserialize,900,0
mult,372744,0
deserialize,878,0
mult,369917,0
deserialize,893,0
mult,370516,0
deserialize,900,0
mult,374851,0
deserialize,1131,0
mult,368144,0
deserialize,1186,0
mult,369178,0
deserialize,880,0
mult,370388,0
deserialize,960,0
mult,368645,0
deserialize,911,0
mult,370437,0
deserialize,956,0
mult,369177,0
deserialize,1083,0
mult,370680,0
deserialize,946,0
mult,368765,0
deserialize,955,0
mult,368535,0
deserialize,903,0
mult,368038,0
deserialize,1174,0
mult,374707,0
deserialize,1039,0
mult,368762,0
deserialize,997,0
mult,368882,0
deserialize,897,0
mult,369815,0
deserialize,877,0
mult,374208,0
deserialize,1021,0
mult,374893,0
deserialize,1067,0
mult,380000,0
deserialize,860,0
mult,374348,0
deserialize,880,0
mult,379183,0
deserialize,896,0
mult,373360,0
deserialize,991,0
mult,381949,0
deserialize,1011,0
mult,372589,0
deserialize,982,0
mult,367894,0
deserialize,910,0
mult,370918,0
deserialize,908,0
mult,368669,0
deserialize,851,0
mult,369479,0
deserialize,915,0
mult,370667,0
deserialize,873,0
mult,369785,0
deserialize,1213,0
mult,370087,0
deserialize,899,0
mult,370768,0
deserialize,910,0
mult,369164,0
deserialize,861,0
mult,375590,0
deserialize,1203,0
mult,368734,0
deserialize,900,0
mult,367888,0
deserialize,972,0
mult,368381,0
deserialize,870,0
mult,368914,0
deserialize,977,0
mult,369251,0
deserialize,860,0
mult,369600,0
deserialize,1141,0
mult,370132,0
deserialize,927,0
mult,373107,0
deserialize,970,0
mult,374127,0
deserialize,1135,0
mult,378905,0
deserialize,912,0
mult,379888,0
deserialize,1052,0
mult,378493,0
deserialize,1014,0
mult,374649,0
deserialize,849,0
mult,376298,0
deserialize,901,0
mult,373361,0
deserialize,995,0
mult,370090,0
deserialize,923,0
mult,371808,0
deserialize,885,0
mult,368463,0
deserialize,920,0
mult,368742,0
deserialize,903,0
mult,370469,0
deserialize,924,0
mult,369410,0
deserialize,863,0
mult,375773,0
deserialize,1124,0
mult,370155,0
deserialize,938,0
mult,368711,0
deserialize,947,0
mult,368678,0
deserialize,916,0
mult,368725,0
deserialize,916,0
mult,369095,0
deserialize,910,0
mult,368680,0
deserialize,952,0
mult,368384,0
deserialize,954,0
mult,368715,0
deserialize,969,0
mult,368924,0
deserialize,891,0
mult,375685,0
deserialize,1083,0
mult,370535,0
deserialize,984,0
mult,373370,0
deserialize,905,0
mult,378276,0
deserialize,974,0
mult,375207,0
deserialize,913,0
mult,378111,0
deserialize,972,0
mult,373778,0
deserialize,887,0
mult,377196,0
deserialize,1005,0
mult,373621,0
deserialize,906,0
mult,369674,0
deserialize,1013,0
mult,372383,0
deserialize,947,0
mult,374103,0
deserialize,1234,0
mult,368532,0
deserialize,927,0
mult,370205,0
deserialize,1154,0
mult,369239,0
deserialize,897,0
mult,369282,0
deserialize,888,0
mult,370717,0
deserialize,1213,0
mult,369037,0
deserialize,876,0
mult,368873,0
deserialize,1071,0
mult,369443,0
deserialize,911,0
mult,368705,0
deserialize,1148,0
mult,369274,0
deserialize,880,0
mult,374496,0
deserialize,987,0
mult,367720,0
deserialize,959,0
mult,368452,0
deserialize,900,0
mult,368869,0
deserialize,1164,0
mult,370141,0
deserialize,970,0
mult,372732,0
deserialize,849,0
mult,378528,0
deserialize,892,0
mult,376442,0
deserialize,870,0
mult,378095,0
deserialize,943,0
mult,372768,0
deserialize,855,0
mult,383541,0
deserialize,1112,0
mult,372402,0
deserialize,963,0
mult,369861,0
deserialize,907,0
mult,371687,0
deserialize,889,0
mult,368898,0
deserialize,1006,0
mult,368478,0
deserialize,902,0
mult,369794,0
deserialize,961,0
mult,369085,0
deserialize,894,0
mult,370406,0
deserialize,1355,0
mult,369631,0
deserialize,877,0
mult,369108,0
deserialize,947,0
mult,375640,0
deserialize,958,0
mult,367320,0
deserialize,1056,0
mult,368617,0
deserialize,972,0
mult,368008,0
deserialize,901,0
mult,368026,0
deserialize,854,0
mult,369051,0
deserialize,990,0
mult,368268,0
deserialize,1022,0
mult,368904,0
deserialize,903,0
mult,369607,0
deserialize,971,0
mult,372071,0
deserialize,886,0
mult,377571,0
deserialize,836,0
mult,381646,0
deserialize,1019,0
mult,377957,0
deserialize,886,0
mult,372709,0
deserialize,984,0
mult,378538,0
deserialize,1087,0
mult,372938,0
deserialize,961,0
mult,371361,0
deserialize,1247,0
mult,372726,0
deserialize,1138,0
mult,368741,0
deserialize,861,0
mult,367740,0
deserialize,885,0
mult,369334,0
deserialize,895,0
mult,368162,0
deserialize,954,0
mult,374406,0
deserialize,1193,0
mult,369826,0
deserialize,945,0
mult,368870,0
deserialize,1088,0
mult,369121,0
deserialize,1023,0
mult,368381,0
deserialize,1227,0
mult,370164,0
deserialize,907,0
mult,368172,0
deserialize,967,0
mult,368541,0
deserialize,954,0
mult,369052,0
deserialize,969,0
mult,367926,0
deserialize,910,0
mult,374405,0
deserialize,993,0
mult,367924,0
deserialize,996,0
mult,370547,0
deserialize,922,0
mult,376753,0
deserialize,873,0
mult,375107,0
deserialize,895,0
mult,378386,0
deserialize,891,0
mult,372744,0
deserialize,873,0
mult,378548,0
deserialize,1207,0
mult,373273,0
deserialize,876,0
mult,372708,0
deserialize,1043,0
mult,373207,0
deserialize,889,0
mult,385708,0
deserialize,1014,0
mult,368681,0
deserialize,948,0
mult,369551,0
deserialize,919,0
mult,368664,0
deserialize,882,0
mult,370081,0
deserialize,966,0
mult,369920,0
deserialize,873,0
mult,368804,0
deserialize,1007,0
mult,368718,0
deserialize,893,0
mult,368037,0
deserialize,920,0
mult,370719,0
deserialize,850,0
mult,368205,0
deserialize,1047,0
mult,375134,0
deserialize,976,0
mult,367765,0
deserialize,1044,0
mult,367744,0
deserialize,1074,0
mult,368044,0
deserialize,910,0
mult,368951,0
deserialize,1148,0
mult,369854,0
deserialize,962,0
mult,375991,0
deserialize,901,0
mult,374584,0
deserialize,970,0
mult,378219,0
deserialize,856,0
mult,373041,0
deserialize,967,0
mult,383722,0
deserialize,1022,0
mult,372784,0
deserialize,1074,0
mult,373143,0
deserialize,967,0
mult,372427,0
deserialize,977,0
mult,368536,0
deserialize,894,0
mult,369156,0
deserialize,909,0
mult,368628,0
deserialize,881,0
mult,368737,0
deserialize,929,0
mult,368891,0
deserialize,880,0
mult,370060,0
deserialize,893,0
mult,368834,0
deserialize,880,0
mult,375496,0
deserialize,1154,0
mult,367984,0
deserialize,902,0
mult,369681,0
deserialize,1004,0
mult,367895,0
deserialize,914,0
mult,367553,0
deserialize,1040,0
mult,368956,0
deserialize,877,0
mult,367823,0
deserialize,1014,0
mult,367894,0
deserialize,1173,0
mult,368428,0
deserialize,887,0
mult,369840,0
deserialize,1085,0
mult,373088,0
deserialize,996,0
mult,379070,0
deserialize,1016,0
mult,378584,0
deserialize,973,0
mult,373184,0
deserialize,923,0
mult,379003,0
deserialize,877,0
mult,372448,0
deserialize,880,0
mult,374456,0
deserialize,857,0
mult,371877,0
deserialize,881,0
mult,368766,0
deserialize,1077,0
mult,369980,0
deserialize,988,0
mult,368117,0
deserialize,997,0
mult,368677,0
deserialize,971,0
mult,375660,0
deserialize,1041,0
mult,368733,0
deserialize,951,0
mult,369178,0
deserialize,930,0
mult,368934,0
deserialize,916,0
mult,367535,0
deserialize,914,0
mult,368867,0
deserialize,944,0
mult,368300,0
deserialize,917,0
mult,367798,0
deserialize,883,0
mult,368390,0
deserialize,910,0
mult,367574,0
deserialize,848,0
mult,373518,0
deserialize,1010,0
mult,367951,0
deserialize,941,0
mult,368635,0
deserialize,843,0
mult,372004,0
deserialize,866,0
mult,372618,0
deserialize,980,0
mult,378852,0
deserialize,957,0
mult,373934,0
deserialize,901,0
mult,377568,0
deserialize,866,0
mult,373290,0
deserialize,913,0
mult,374751,0
deserialize,867,0
mult,371950,0
deserialize,1149,0
mult,374775,0
deserialize,1007,0
mult,371074,0
deserialize,1005,0
mult,368858,0
deserialize,868,0
mult,367597,0
deserialize,1241,0
mult,368722,0
deserialize,904,0
mult,368503,0
deserialize,897,0
mult,368791,0
deserialize,961,0
mult,370661,0
deserialize,1427,0
mult,367807,0
deserialize,852,0
mult,367697,0
deserialize,952,0
mult,368397,0
deserialize,888,0
mult,374888,0
deserialize,1126,0
mult,367125,0
deserialize,1006,0
mult,368477,0
deserialize,953,0
mult,368206,0
deserialize,860,0
mult,368141,0
deserialize,1243,0
mult,368436,0
deserialize,874,0
mult,371574,0
deserialize,884,0
mult,372898,0
deserialize,876,0
mult,378377,0
deserialize,1004,0
mult,373997,0
deserialize,874,0
mult,378109,0
deserialize,921,0
mult,380081,0
deserialize,949,0
mult,376307,0
deserialize,971,0
mult,371402,0
deserialize,1147,0
mult,369401,0
deserialize,1006,0
mult,371481,0
deserialize,876,0
mult,367684,0
deserialize,967,0
mult,367978,0
deserialize,883,0
mult,369733,0
deserialize,931,0
mult,368642,0
deserialize,890,0
mult,369164,0
deserialize,920,0
mult,380074,0
deserialize,1031,0
mult,367667,0
deserialize,1161,0
mult,368399,0
deserialize,844,0
mult,368502,0
deserialize,972,0
mult,367510,0
deserialize,913,0
mult,368014,0
deserialize,897,0
mult,368117,0
deserialize,1120,0
mult,368556,0
deserialize,884,0
mult,367666,0
deserialize,927,0
mult,368798,0
deserialize,920,0
mult,370183,0
deserialize,945,0
mult,377624,0
deserialize,1074,0
mult,378404,0
deserialize,992,0
mult,374704,0
deserialize,899,0
mult,377783,0
deserialize,1162,0
mult,372932,0
deserialize,1089,0
mult,376345,0
deserialize,963,0
mult,372805,0
deserialize,992,0
mult,369757,0
deserialize,855,0
mult,371402,0
deserialize,1368,0
mult,368303,0
deserialize,857,0
mult,367512,0
deserialize,910,0
mult,374761,0
deserialize,999,0
mult,367875,0
deserialize,983,0
mult,368793,0
deserialize,923,0
mult,369754,0
deserialize,990,0
mult,368207,0
deserialize,970,0
mult,368041,0
deserialize,936,0
mult,368037,0
deserialize,1002,0
mult,369284,0
deserialize,890,0
mult,367643,0
deserialize,859,0
mult,368130,0
deserialize,990,0
mult,367556,0
deserialize,867,0
mult,373831,0
deserialize,1082,0
mult,368053,0
deserialize,901,0
mult,368787,0
deserialize,894,0
mult,371114,0
deserialize,1080,0
mult,377415,0
deserialize,935,0
mult,375520,0
deserialize,957,0
mult,377482,0
deserialize,902,0
mult,372545,0
deserialize,846,0
mult,377737,0
deserialize,1040,0
mult,372184,0
deserialize,867,0
mult,376467,0
deserialize,1133,0
mult,371978,0
deserialize,974,0
mult,367699,0
deserialize,986,0
mult,368164,0
deserialize,902,0
mult,369067,0
deserialize,972,0
mult,368234,0
deserialize,874,0
mult,367695,0
deserialize,979,0
mult,369486,0
deserialize,981,0
mult,368742,0
deserialize,990,0
mult,368678,0
deserialize,860,0
mult,367957,0
deserialize,947,0
mult,377260,0
deserialize,982,0
mult,368128,0
deserialize,1028,0
mult,368215,0
deserialize,886,0
mult,368008,0
deserialize,1072,0
mult,368421,0
deserialize,881,0
mult,368509,0
deserialize,1160,0
mult,368924,0
deserialize,866,0
mult,370670,0
deserialize,905,0
mult,376162,0
deserialize,886,0
mult,375817,0
deserialize,1355,0
mult,377725,0
deserialize,849,0
mult,498486,0
deserialize,999,0
mult,377885,0
deserialize,936,0
mult,372395,0
deserialize,940,0
mult,371332,0
deserialize,927,0
mult,373111,0
deserialize,922,0
mult,368695,0
deserialize,889,0
mult,367856,0
deserialize,1123,0
mult,368836,0
deserialize,875,0
mult,368441,0
deserialize,1108,0
mult,369086,0
deserialize,865,0
mult,375486,0
deserialize,1088,0
mult,367507,0
deserialize,1045,0
mult,369619,0
deserialize,894,0
mult,367731,0
deserialize,928,0
mult,369535,0
deserialize,1007,0
mult,367369,0
deserialize,1220,0
mult,367775,0
deserialize,889,0
mult,367902,0
deserialize,948,0
mult,367961,0
deserialize,959,0
mult,368048,0
deserialize,938,0
mult,367944,0
deserialize,963,0
mult,375252,0
deserialize,1017,0
mult,375089,0
deserialize,1026,0
mult,374440,0
deserialize,888,0
mult,377575,0
deserialize,987,0
mult,372784,0
deserialize,853,0
mult,377769,0
deserialize,1335,0
mult,373010,0
deserialize,928,0
mult,373576,0
deserialize,903,0
mult,371870,0
deserialize,1006,0
mult,368577,0
deserialize,1044,0
mult,369551,0
deserialize,883,0
mult,374304,0
deserialize,979,0
mult,367878,0
deserialize,946,0
mult,369336,0
deserialize,920,0
mult,369524,0
deserialize,887,0
mult,369422,0
deserialize,893,0
mult,369000,0
deserialize,877,0
mult,367812,0
deserialize,1264,0
mult,370041,0
deserialize,886,0
mult,367720,0
deserialize,952,0
mult,367936,0
deserialize,869,0
mult,374399,0
deserialize,1084,0
mult,367681,0
deserialize,876,0
mult,367290,0
deserialize,953,0
mult,368460,0
deserialize,890,0
mult,369343,0
deserialize,1059,0
mult,373539,0
deserialize,851,0
mult,373683,0
deserialize,949,0
mult,378188,0
deserialize,866,0
mult,372975,0
deserialize,950,0
mult,378626,0
deserialize,1100,0
mult,372932,0
deserialize,1299,0
mult,380416,0
deserialize,1242,0
mult,371945,0
deserialize,972,0
mult,368170,0
deserialize,924,0
mult,370132,0
deserialize,1003,0
mult,368417,0
deserialize,874,0
mult,368547,0
deserialize,1040,0
mult,369462,0
deserialize,885,0
mult,368917,0
deserialize,1091,0
mult,369501,0
deserialize,972,0
mult,369884,0
deserialize,993,0
mult,368064,0
deserialize,866,0
mult,374246,0
gemm,9.0685e+08,0
wait_all,7.05694e+08,0
deserialize,2511,0
mult,368627,0
deserialize,1153,0
mult,365289,0
deserialize,856,0
mult,361091,0
deserialize,954,0
mult,367207,0
deserialize,881,0
mult,359523,0
deserialize,874,0
mult,359062,0
deserialize,1165,0
mult,358021,0
deserialize,932,0
mult,357653,0
deserialize,851,0
mult,363224,0
deserialize,1077,0
mult,357101,0
deserialize,1131,0
mult,357611,0
deserialize,1025,0
mult,357593,0
deserialize,875,0
mult,359607,0
deserialize,897,0
mult,360236,0
deserialize,811,0
mult,358581,0
deserialize,859,0
mult,363732,0
deserialize,880,0
mult,361160,0
deserialize,919,0
mult,361784,0
deserialize,814,0
mult,359648,0
deserialize,1199,0
mult,364745,0
deserialize,1229,0
mult,361944,0
deserialize,899,0
mult,362527,0
deserialize,882,0
mult,359944,0
deserialize,873,0
mult,364229,0
deserialize,888,0
mult,362685,0
deserialize,863,0
mult,366516,0
deserialize,882,0
mult,365389,0
deserialize,904,0
mult,361204,0
deserialize,946,0
mult,368001,0
deserialize,921,0
mult,360961,0
deserialize,979,0
mult,366221,0
deserialize,960,0
mult,356875,0
deserialize,959,0
mult,358088,0
deserialize,901,0
mult,358011,0
deserialize,960,0
mult,358088,0
deserialize,836,0
mult,357602,0
deserialize,954,0
mult,358281,0
deserialize,880,0
mult,358666,0
deserialize,893,0
mult,360453,0
deserialize,887,0
mult,359572,0
deserialize,868,0
mult,363116,0
deserialize,894,0
mult,366962,0
deserialize,1044,0
mult,361998,0
deserialize,979,0
mult,358193,0
deserialize,951,0
mult,358762,0
deserialize,936,0
mult,363267,0
deserialize,902,0
mult,362567,0
deserialize,863,0
mult,359973,0
deserialize,889,0
mult,364771,0
deserialize,1208,0
mult,361624,0
deserialize,932,0
mult,366769,0
deserialize,941,0
mult,364767,0
deserialize,907,0
mult,366302,0
deserialize,1050,0
mult,366194,0
deserialize,1043,0
mult,362046,0
deserialize,919,0
mult,360701,0
deserialize,1061,0
mult,358091,0
deserialize,950,0
mult,360345,0
deserialize,988,0
mult,1.68661e+06,0
deserialize,918,0
mult,1.79615e+06,0
deserialize,984,0
mult,1.61043e+06,0
deserialize,1001,0
mult,1.29718e+06,0
deserialize,1135,0
mult,359921,0
deserialize,993,0
mult,361559,0
deserialize,923,0
mult,358765,0
deserialize,891,0
mult,358919,0
deserialize,953,0
mult,360380,0
deserialize,868,0
mult,358657,0
deserialize,878,0
mult,364748,0
deserialize,962,0
mult,358658,0
deserialize,873,0
mult,358687,0
deserialize,903,0
mult,367313,0
deserialize,1098,0
mult,358004,0
deserialize,1032,0
mult,361499,0
deserialize,910,0
mult,363744,0
deserialize,946,0
mult,358052,0
deserialize,1129,0
mult,363295,0
deserialize,913,0
mult,363673,0
deserialize,898,0
mult,363504,0
deserialize,890,0
mult,364092,0
deserialize,884,0
mult,361125,0
deserialize,905,0
mult,366662,0
deserialize,866,0
mult,363533,0
deserialize,989,0
mult,357362,0
deserialize,968,0
mult,356742,0
deserialize,1040,0
mult,357445,0
deserialize,904,0
mult,356825,0
deserialize,993,0
mult,357314,0
deserialize,1024,0
mult,357152,0
deserialize,1104,0
mult,357236,0
deserialize,871,0
mult,358546,0
deserialize,949,0
mult,360013,0
deserialize,849,0
mult,358806,0
deserialize,969,0
mult,363922,0
deserialize,836,0
mult,364591,0
deserialize,1133,0
mult,359868,0
deserialize,946,0
mult,359716,0
deserialize,987,0
mult,357785,0
deserialize,864,0
mult,361643,0
deserialize,928,0
mult,363422,0
deserialize,913,0
mult,359226,0
deserialize,963,0
mult,363046,0
deserialize,874,0
mult,362040,0
deserialize,1047,0
mult,366007,0
deserialize,1150,0
mult,365041,0
deserialize,885,0
mult,366412,0
deserialize,964,0
mult,366166,0
deserialize,950,0
mult,358958,0
deserialize,934,0
mult,358151,0
deserialize,900,0
mult,356981,0
deserialize,881,0
mult,357103,0
deserialize,876,0
mult,357314,0
deserialize,867,0
mult,357313,0
deserialize,977,0
mult,357378,0
deserialize,840,0
mult,357603,0
deserialize,926,0
mult,358148,0
deserialize,902,0
mult,366332,0
deserialize,16683,0
mult,383897,0
deserialize,1139,0
mult,393970,0
deserialize,868,0
mult,383638,0
deserialize,875,0
mult,382941,0
deserialize,797,0
mult,383701,0
deserialize,891,0
mult,384693,0
deserialize,884,0
mult,386054,0
deserialize,946,0
mult,388180,0
deserialize,889,0
mult,397320,0
deserialize,890,0
mult,396605,0
deserialize,1073,0
mult,395977,0
deserialize,909,0
mult,397222,0
deserialize,953,0
mult,393554,0
deserialize,1072,0
mult,398599,0
deserialize,959,0
mult,389261,0
deserialize,900,0
mult,394626,0
deserialize,938,0
mult,387156,0
deserialize,917,0
mult,386667,0
deserialize,863,0
mult,384511,0
deserialize,923,0
mult,391371,0
deserialize,1052,0
mult,382053,0
deserialize,1554,0
mult,382402,0
deserialize,940,0
mult,382645,0
deserialize,870,0
mult,382086,0
deserialize,860,0
mult,382507,0
deserialize,1468,0
mult,382953,0
deserialize,917,0
mult,382825,0
deserialize,872,0
mult,384096,0
deserialize,893,0
mult,383044,0
deserialize,903,0
mult,389332,0
deserialize,1081,0
mult,383449,0
deserialize,1017,0
mult,383889,0
deserialize,881,0
mult,385690,0
deserialize,881,0
mult,396784,0
deserialize,922,0
mult,391601,0
deserialize,928,0
mult,395904,0
deserialize,859,0
mult,395116,0
deserialize,953,0
mult,393807,0
deserialize,910,0
mult,399024,0
deserialize,916,0
mult,390175,0
deserialize,863,0
mult,400932,0
deserialize,1143,0
mult,388000,0
deserialize,900,0
mult,387975,0
deserialize,943,0
mult,384504,0
deserialize,880,0
mult,384742,0
deserialize,1224,0
mult,383987,0
deserialize,850,0
mult,382883,0
deserialize,963,0
mult,382450,0
deserialize,917,0
mult,382610,0
deserialize,957,0
mult,382468,0
deserialize,909,0
mult,387899,0
deserialize,1028,0
mult,381811,0
deserialize,907,0
mult,383724,0
deserialize,1090,0
mult,382621,0
deserialize,870,0
mult,383717,0
deserialize,924,0
mult,384483,0
deserialize,876,0
mult,383717,0
deserialize,955,0
mult,385039,0
deserialize,857,0
mult,395337,0
deserialize,1233,0
mult,392412,0
deserialize,897,0
mult,402518,0
deserialize,1157,0
mult,392835,0
deserialize,1106,0
mult,393861,0
deserialize,900,0
mult,400444,0
deserialize,881,0
mult,390913,0
deserialize,939,0
mult,396783,0
deserialize,910,0
mult,389085,0
deserialize,911,0
mult,389233,0
deserialize,883,0
mult,384167,0
deserialize,982,0
mult,384341,0
deserialize,963,0
mult,389439,0
deserialize,1000,0
mult,381814,0
deserialize,1176,0
mult,382542,0
deserialize,1004,0
mult,381972,0
deserialize,929,0
mult,381489,0
deserialize,897,0
mult,381961,0
deserialize,948,0
mult,382474,0
deserialize,921,0
mult,384148,0
deserialize,950,0
mult,383234,0
deserialize,865,0
mult,383246,0
deserialize,990,0
mult,384307,0
deserialize,923,0
mult,389716,0
deserialize,1088,0
mult,383960,0
deserialize,1000,0
mult,393614,0
deserialize,906,0
mult,390396,0
deserialize,920,0
mult,398290,0
deserialize,909,0
mult,391133,0
deserialize,974,0
mult,393919,0
deserialize,882,0
mult,400282,0
deserialize,1090,0
mult,392639,0
deserialize,881,0
mult,396200,0
deserialize,888,0
mult,395445,0
deserialize,970,0
mult,390702,0
deserialize,1018,0
mult,384244,0
deserialize,894,0
mult,384938,0
deserialize,932,0
mult,383573,0
deserialize,841,0
mult,383541,0
deserialize,884,0
mult,382834,0
deserialize,882,0
mult,382543,0
deserialize,1036,0
mult,382847,0
deserialize,840,0
mult,382534,0
deserialize,880,0
mult,388332,0
deserialize,996,0
mult,382724,0
deserialize,961,0
mult,382242,0
deserialize,1102,0
mult,384029,0
deserialize,998,0
mult,383480,0
deserialize,893,0
mult,384045,0
deserialize,906,0
mult,384430,0
deserialize,900,0
mult,391924,0
deserialize,988,0
mult,390675,0
deserialize,890,0
mult,397517,0
deserialize,952,0
mult,389684,0
deserialize,913,0
mult,399426,0
deserialize,1143,0
mult,400054,0
deserialize,919,0
mult,391457,0
deserialize,973,0
mult,396973,0
deserialize,965,0
mult,389131,0
deserialize,978,0
mult,393393,0
deserialize,1591,0
mult,384978,0
deserialize,898,0
mult,384521,0
deserialize,903,0
mult,383871,0
deserialize,1001,0
mult,382206,0
deserialize,872,0
mult,388465,0
deserialize,1004,0
mult,381481,0
deserialize,900,0
mult,381854,0
deserialize,1176,0
mult,382178,0
deserialize,794,0
mult,381997,0
deserialize,914,0
mult,383438,0
deserialize,868,0
mult,382570,0
deserialize,1261,0
mult,383578,0
deserialize,860,0
mult,383261,0
deserialize,992,0
mult,382845,0
deserialize,877,0
mult,390187,0
deserialize,1115,0
mult,388650,0
deserialize,968,0
mult,388785,0
deserialize,888,0
mult,397705,0
deserialize,922,0
mult,388648,0
deserialize,978,0
mult,393979,0
deserialize,903,0
mult,399735,0
deserialize,921,0
mult,392538,0
deserialize,914,0
mult,397594,0
deserialize,957,0
mult,389854,0
deserialize,943,0
mult,399835,0
deserialize,1270,0
mult,385117,0
deserialize,1031,0
mult,384749,0
deserialize,896,0
mult,383926,0
deserialize,983,0
mult,382744,0
deserialize,872,0
mult,382737,0
deserialize,944,0
mult,382410,0
deserialize,893,0
mult,382214,0
deserialize,934,0
mult,381970,0
deserialize,875,0
mult,381670,0
deserialize,871,0
mult,382444,0
deserialize,1130,0
mult,388645,0
deserialize,1003,0
mult,383446,0
deserialize,911,0
mult,383004,0
deserialize,869,0
mult,382518,0
deserialize,1019,0
mult,383895,0
deserialize,923,0
mult,386894,0
deserialize,916,0
mult,388105,0
deserialize,893,0
mult,398115,0
deserialize,921,0
mult,390050,0
deserialize,1029,0
mult,394509,0
deserialize,965,0
mult,402952,0
deserialize,1123,0
mult,392375,0
deserialize,1253,0
mult,396993,0
deserialize,917,0
mult,388771,0
deserialize,900,0
mult,394064,0
deserialize,910,0
mult,386270,0
deserialize,995,0
mult,385347,0
deserialize,869,0
mult,383875,0
deserialize,991,0
mult,382328,0
deserialize,808,0
mult,382574,0
deserialize,960,0
mult,387537,0
deserialize,1229,0
mult,381477,0
deserialize,1021,0
mult,381716,0
deserialize,884,0
mult,381511,0
deserialize,976,0
mult,382286,0
deserialize,880,0
mult,381708,0
deserialize,993,0
mult,384296,0
deserialize,890,0
mult,382334,0
deserialize,976,0
mult,382438,0
deserialize,870,0
mult,383771,0
deserialize,964,0
mult,385287,0
deserialize,916,0
mult,392181,0
deserialize,1050,0
mult,396728,0
deserialize,920,0
mult,389376,0
deserialize,915,0
mult,394782,0
deserialize,870,0
mult,397389,0
deserialize,888,0
mult,392405,0
deserialize,913,0
mult,398104,0
deserialize,1091,0
mult,389156,0
deserialize,856,0
mult,393480,0
deserialize,907,0
mult,387279,0
deserialize,847,0
mult,391474,0
deserialize,1466,0
mult,383259,0
deserialize,967,0
mult,382394,0
deserialize,928,0
mult,382696,0
deserialize,1111,0
mult,381354,0
deserialize,1079,0
mult,381460,0
deserialize,866,0
mult,381402,0
deserialize,866,0
mult,381127,0
deserialize,888,0
mult,381815,0
deserialize,863,0
mult,381851,0
deserialize,867,0
mult,388984,0
deserialize,1063,0
mult,381763,0
deserialize,969,0
mult,382048,0
deserialize,973,0
mult,383861,0
deserialize,893,0
mult,383228,0
deserialize,1038,0
mult,385347,0
deserialize,967,0
mult,395821,0
deserialize,993,0
mult,390185,0
deserialize,1000,0
mult,395607,0
deserialize,892,0
mult,395171,0
deserialize,922,0
mult,399057,0
deserialize,1046,0
mult,398989,0
deserialize,1043,0
mult,389500,0
deserialize,890,0
mult,395270,0
deserialize,864,0
mult,387187,0
deserialize,1162,0
mult,388253,0
deserialize,1007,0
mult,383424,0
deserialize,888,0
mult,383762,0
deserialize,910,0
mult,382460,0
deserialize,1308,0
mult,381492,0
deserialize,895,0
mult,381550,0
deserialize,823,0
mult,387526,0
deserialize,1001,0
mult,381779,0
deserialize,1007,0
mult,381777,0
deserialize,997,0
mult,381467,0
deserialize,886,0
mult,382982,0
deserialize,853,0
mult,383119,0
deserialize,880,0
mult,383100,0
deserialize,893,0
mult,384012,0
deserialize,972,0
mult,382600,0
deserialize,901,0
mult,384821,0
deserialize,911,0
mult,400636,0
deserialize,986,0
mult,389924,0
deserialize,982,0
mult,395629,0
deserialize,882,0
mult,393154,0
deserialize,1051,0
mult,393454,0
deserialize,982,0
mult,399197,0
deserialize,1100,0
mult,390741,0
deserialize,882,0
mult,395191,0
deserialize,953,0
mult,388563,0
deserialize,894,0
mult,388837,0
deserialize,1129,0
mult,389488,0
deserialize,1020,0
mult,382967,0
deserialize,976,0
mult,382302,0
deserialize,1147,0
mult,381957,0
deserialize,960,0
mult,382044,0
deserialize,877,0
mult,380873,0
deserialize,893,0
mult,381130,0
deserialize,873,0
mult,380846,0
deserialize,907,0
mult,381695,0
deserialize,869,0
mult,382751,0
deserialize,884,0
mult,382192,0
deserialize,874,0
mult,388961,0
deserialize,1055,0
mult,382751,0
deserialize,914,0
mult,382136,0
deserialize,971,0
mult,384014,0
deserialize,879,0
mult,393557,0
deserialize,983,0
mult,389741,0
deserialize,1146,0
mult,396954,0
deserialize,1183,0
mult,390829,0
deserialize,871,0
mult,394046,0
deserialize,1123,0
mult,399504,0
deserialize,886,0
mult,399131,0
deserialize,1004,0
mult,396486,0
deserialize,926,0
mult,388242,0
deserialize,1218,0
mult,390667,0
deserialize,856,0
mult,383925,0
deserialize,882,0
mult,384115,0
deserialize,881,0
mult,382879,0
deserialize,880,0
mult,381669,0
deserialize,925,0
mult,382894,0
deserialize,914,0
mult,382019,0
deserialize,1146,0
mult,387246,0
deserialize,1035,0
mult,380680,0
deserialize,992,0
mult,381290,0
deserialize,898,0
mult,382706,0
deserialize,956,0
mult,381769,0
deserialize,955,0
mult,382643,0
deserialize,986,0
mult,383736,0
deserialize,915,0
mult,382452,0
deserialize,900,0
mult,383931,0
deserialize,964,0
mult,390635,0
deserialize,857,0
mult,395932,0
deserialize,1170,0
mult,397477,0
deserialize,1022,0
mult,388520,0
deserialize,887,0
mult,394373,0
deserialize,897,0
mult,398945,0
deserialize,976,0
mult,391270,0
deserialize,918,0
mult,396079,0
deserialize,979,0
mult,389105,0
deserialize,1008,0
mult,392123,0
deserialize,896,0
mult,384466,0
deserialize,861,0
mult,383888,0
deserialize,1213,0
mult,388591,0
deserialize,1183,0
mult,381691,0
deserialize,907,0
mult,381505,0
deserialize,867,0
mult,381754,0
deserialize,903,0
mult,381657,0
deserialize,872,0
mult,381184,0
deserialize,945,0
mult,381594,0
deserialize,860,0
mult,382487,0
deserialize,883,0
mult,382367,0
deserialize,890,0
mult,382956,0
deserialize,979,0
mult,389074,0
deserialize,964,0
mult,383563,0
deserialize,1229,0
mult,383795,0
deserialize,867,0
mult,389178,0
deserialize,989,0
mult,388758,0
deserialize,868,0
mult,397365,0
deserialize,973,0
mult,388984,0
deserialize,876,0
mult,392578,0
deserialize,1015,0
mult,399092,0
deserialize,936,0
mult,392486,0
deserialize,1058,0
mult,404991,0
deserialize,1034,0
mult,388766,0
deserialize,965,0
mult,393660,0
deserialize,936,0
mult,384997,0
deserialize,926,0
mult,385280,0
deserialize,847,0
mult,383290,0
deserialize,978,0
mult,382207,0
deserialize,860,0
mult,381525,0
deserialize,979,0
mult,380949,0
deserialize,983,0
mult,381667,0
deserialize,886,0
mult,381297,0
deserialize,886,0
mult,386955,0
deserialize,1327,0
mult,382773,0
deserialize,881,0
mult,381472,0
deserialize,944,0
mult,382972,0
deserialize,886,0
mult,382404,0
deserialize,934,0
mult,382164,0
deserialize,890,0
mult,384709,0
deserialize,906,0
mult,386861,0
deserialize,878,0
mult,387839,0
deserialize,919,0
mult,397651,0
deserialize,916,0
mult,394543,0
deserialize,1046,0
mult,394077,0
deserialize,894,0
mult,398761,0
deserialize,929,0
mult,392212,0
deserialize,1010,0
mult,396858,0
deserialize,892,0
mult,388403,0
deserialize,1143,0
mult,394714,0
deserialize,1196,0
mult,385689,0
deserialize,892,0
mult,384952,0
deserialize,875,0
mult,383764,0
deserialize,934,0
mult,388700,0
deserialize,1063,0
mult,382059,0
deserialize,957,0
mult,381114,0
deserialize,922,0
mult,381364,0
deserialize,877,0
mult,381555,0
deserialize,1225,0
mult,381307,0
deserialize,890,0
mult,382206,0
deserialize,1021,0
mult,381763,0
deserialize,880,0
mult,383053,0
deserialize,1047,0
mult,382299,0
deserialize,1120,0
mult,387491,0
deserialize,1159,0
mult,383947,0
deserialize,1010,0
mult,384270,0
deserialize,1144,0
mult,386973,0
deserialize,874,0
mult,396723,0
deserialize,866,0
mult,389522,0
deserialize,891,0
mult,395091,0
deserialize,947,0
mult,396778,0
deserialize,903,0
mult,393211,0
deserialize,894,0
mult,397675,0
deserialize,861,0
mult,389042,0
deserialize,945,0
mult,400737,0
deserialize,1022,0
mult,386364,0
deserialize,970,0
mult,385624,0
deserialize,908,0
mult,384077,0
deserialize,1119,0
mult,383404,0
deserialize,854,0
mult,381731,0
deserialize,930,0
mult,381363,0
deserialize,884,0
mult,382273,0
deserialize,1480,0
mult,381345,0
deserialize,882,0
mult,381126,0
deserialize,970,0
mult,387498,0
deserialize,1241,0
mult,381601,0
deserialize,1027,0
mult,382536,0
deserialize,859,0
mult,382047,0
deserialize,981,0
mult,383037,0
deserialize,1026,0
mult,384207,0
deserialize,974,0
mult,383430,0
deserialize,932,0
mult,385405,0
deserialize,1016,0
mult,396088,0
deserialize,868,0
mult,390460,0
deserialize,931,0
mult,401507,0
deserialize,940,0
mult,395038,0
deserialize,944,0
mult,392920,0
deserialize,862,0
mult,398649,0
deserialize,1273,0
mult,389752,0
deserialize,865,0
mult,394287,0
gemm,9.30032e+08,0
wait_all,7.22361e+08,0
deserialize,3066,0
mult,372661,0
deserialize,1170,0
mult,369819,0
deserialize,943,0
mult,369340,0
deserialize,955,0
mult,370392,0
deserialize,956,0
mult,369544,0
deserialize,890,0
mult,369778,0
deserialize,884,0
mult,374891,0
deserialize,1034,0
mult,368063,0
deserialize,894,0
mult,369185,0
deserialize,887,0
mult,368994,0
deserialize,970,0
mult,370858,0
deserialize,937,0
mult,375707,0
deserialize,904,0
mult,375766,0
deserialize,896,0
mult,378935,0
deserialize,793,0
mult,373325,0
deserialize,903,0
mult,372064,0
deserialize,865,0
mult,374330,0
deserialize,910,0
mult,376187,0
deserialize,918,0
mult,368340,0
deserialize,923,0
mult,370356,0
deserialize,865,0
mult,369228,0
deserialize,893,0
mult,370068,0
deserialize,793,0
mult,368497,0
deserialize,875,0
mult,370159,0
deserialize,891,0
mult,370993,0
deserialize,870,0
mult,370650,0
deserialize,858,0
mult,370364,0
deserialize,864,0
mult,374769,0
deserialize,1058,0
mult,370152,0
deserialize,1196,0
mult,368817,0
deserialize,920,0
mult,369355,0
deserialize,885,0
mult,369594,0
deserialize,966,0
mult,369412,0
deserialize,900,0
mult,369407,0
deserialize,926,0
mult,369198,0
deserialize,821,0
mult,370681,0
deserialize,1002,0
mult,375048,0
deserialize,890,0
mult,374717,0
deserialize,804,0
mult,384806,0
deserialize,1166,0
mult,373409,0
deserialize,962,0
mult,373831,0
deserialize,893,0
mult,373805,0
deserialize,853,0
mult,369284,0
deserialize,1232,0
mult,370167,0
deserialize,876,0
mult,371004,0
deserialize,893,0
mult,369602,0
deserialize,947,0
mult,370174,0
deserialize,845,0
mult,369967,0
deserialize,877,0
mult,370902,0
deserialize,897,0
mult,381329,0
deserialize,1296,0
mult,369654,0
deserialize,938,0
mult,370736,0
deserialize,867,0
mult,369447,0
deserialize,902,0
mult,370658,0
deserialize,874,0
mult,369970,0
deserialize,907,0
mult,368633,0
deserialize,904,0
mult,368757,0
deserialize,995,0
mult,369191,0
deserialize,1018,0
mult,1.69995e+06,0
deserialize,963,0
mult,1.80748e+06,0
deserialize,1262,0
mult,1.63585e+06,0
deserialize,1022,0
mult,1.3008e+06,0
deserialize,1120,0
mult,367630,0
deserialize,981,0
mult,367443,0
deserialize,902,0
mult,377696,0
deserialize,969,0
mult,374948,0
deserialize,938,0
mult,376018,0
deserialize,1002,0
mult,371104,0
deserialize,924,0
mult,377274,0
deserialize,1030,0
mult,372421,0
deserialize,880,0
mult,368303,0
deserialize,912,0
mult,368934,0
deserialize,977,0
mult,369786,0
deserialize,857,0
mult,368551,0
deserialize,899,0
mult,369985,0
deserialize,885,0
mult,369101,0
deserialize,948,0
mult,369602,0
deserialize,1052,0
mult,369858,0
deserialize,917,0
mult,374866,0
deserialize,1030,0
mult,368719,0
deserialize,1009,0
mult,367884,0
deserialize,973,0
mult,369473,0
deserialize,886,0
mult,367670,0
deserialize,889,0
mult,368820,0
deserialize,943,0
mult,368985,0
deserialize,813,0
mult,368776,0
deserialize,946,0
mult,368744,0
deserialize,901,0
mult,368815,0
deserialize,1434,0
mult,370649,0
deserialize,884,0
mult,383500,0
deserialize,1057,0
mult,374787,0
deserialize,940,0
mult,376867,0
deserialize,877,0
mult,371237,0
deserialize,946,0
mult,371261,0
deserialize,873,0
mult,372841,0
deserialize,940,0
mult,369364,0
deserialize,983,0
mult,368699,0
deserialize,963,0
mult,368905,0
deserialize,919,0
mult,368424,0
deserialize,970,0
mult,370064,0
deserialize,1181,0
mult,376312,0
deserialize,1050,0
mult,368699,0
deserialize,923,0
mult,369217,0
deserialize,940,0
mult,370049,0
deserialize,951,0
mult,369742,0
deserialize,878,0
mult,368400,0
deserialize,883,0
mult,370806,0
deserialize,1063,0
mult,369042,0
deserialize,872,0
mult,369065,0
deserialize,948,0
mult,368835,0
deserialize,970,0
mult,368174,0
deserialize,927,0
mult,375620,0
deserialize,1002,0
mult,368842,0
deserialize,1040,0
mult,369824,0
deserialize,897,0
mult,375455,0
deserialize,870,0
mult,375287,0
deserialize,1219,0
mult,378009,0
deserialize,26138,0
mult,393524,0
deserialize,1025,0
mult,401163,0
deserialize,921,0
mult,401320,0
deserialize,906,0
mult,398595,0
deserialize,901,0
mult,404183,0
deserialize,1110,0
mult,403133,0
deserialize,961,0
mult,401531,0
deserialize,901,0
mult,404740,0
deserialize,880,0
mult,397974,0
deserialize,1017,0
mult,396671,0
deserialize,1134,0
mult,400158,0
deserialize,888,0
mult,400164,0
deserialize,958,0
mult,407542,0
deserialize,921,0
mult,401563,0
deserialize,942,0
mult,408606,0
deserialize,993,0
mult,412041,0
deserialize,1228,0
mult,406003,0
deserialize,889,0
mult,407241,0
deserialize,890,0
mult,399255,0
deserialize,914,0
mult,397590,0
deserialize,899,0
mult,397011,0
deserialize,920,0
mult,395517,0
deserialize,1155,0
mult,395678,0
deserialize,1101,0
mult,396155,0
deserialize,906,0
mult,401927,0
deserialize,1088,0
mult,394972,0
deserialize,904,0
mult,395541,0
deserialize,876,0
mult,401301,0
deserialize,857,0
mult,398041,0
deserialize,886,0
mult,400140,0
deserialize,1053,0
mult,403461,0
deserialize,881,0
mult,401902,0
deserialize,860,0
mult,405971,0
deserialize,869,0
mult,398318,0
deserialize,1088,0
mult,402913,0
deserialize,1030,0
mult,398545,0
deserialize,893,0
mult,398361,0
deserialize,955,0
mult,406976,0
deserialize,908,0
mult,400726,0
deserialize,920,0
mult,402277,0
deserialize,881,0
mult,411518,0
deserialize,981,0
mult,406587,0
deserialize,887,0
mult,408924,0
deserialize,1081,0
mult,399237,0
deserialize,886,0
mult,406444,0
deserialize,1165,0
mult,395904,0
deserialize,909,0
mult,396045,0
deserialize,960,0
mult,395717,0
deserialize,923,0
mult,395605,0
deserialize,955,0
mult,396092,0
deserialize,897,0
mult,395789,0
deserialize,910,0
mult,395960,0
deserialize,860,0
mult,400520,0
deserialize,1084,0
mult,397083,0
deserialize,840,0
mult,406444,0
deserialize,1012,0
mult,402349,0
deserialize,902,0
mult,400982,0
deserialize,911,0
mult,406493,0
deserialize,877,0
mult,399657,0
deserialize,930,0
mult,397926,0
deserialize,873,0
mult,396770,0
deserialize,929,0
mult,398245,0
deserialize,858,0
mult,407372,0
deserialize,963,0
mult,401281,0
deserialize,932,0
mult,409159,0
deserialize,1086,0
mult,409577,0
deserialize,904,0
mult,406739,0
deserialize,943,0
mult,411217,0
deserialize,910,0
mult,402296,0
deserialize,890,0
mult,399695,0
deserialize,1268,0
mult,397213,0
deserialize,903,0
mult,395698,0
deserialize,943,0
mult,395583,0
deserialize,1234,0
mult,402107,0
deserialize,1001,0
mult,395111,0
deserialize,999,0
mult,394915,0
deserialize,940,0
mult,395950,0
deserialize,920,0
mult,400075,0
deserialize,1203,0
mult,396622,0
deserialize,1016,0
mult,401904,0
deserialize,966,0
mult,401703,0
deserialize,884,0
mult,400430,0
deserialize,1190,0
mult,406110,0
deserialize,900,0
mult,406208,0
deserialize,1041,0
mult,398967,0
deserialize,1048,0
mult,395679,0
deserialize,894,0
mult,396384,0
deserialize,1153,0
mult,406580,0
deserialize,856,0
mult,401497,0
deserialize,1197,0
mult,404700,0
deserialize,1053,0
mult,408641,0
deserialize,933,0
mult,406550,0
deserialize,895,0
mult,412226,0
deserialize,960,0
mult,407874,0
deserialize,1000,0
mult,399744,0
deserialize,911,0
mult,397097,0
deserialize,876,0
mult,396560,0
deserialize,877,0
mult,395997,0
deserialize,842,0
mult,395683,0
deserialize,960,0
mult,395767,0
deserialize,847,0
mult,395574,0
deserialize,891,0
mult,396331,0
deserialize,1060,0
mult,398842,0
deserialize,934,0
mult,402877,0
deserialize,976,0
mult,401088,0
deserialize,1037,0
mult,399651,0
deserialize,831,0
mult,400474,0
deserialize,900,0
mult,405892,0
deserialize,1164,0
mult,400787,0
deserialize,1046,0
mult,401691,0
deserialize,885,0
mult,396312,0
deserialize,962,0
mult,395895,0
deserialize,870,0
mult,405607,0
deserialize,960,0
mult,407724,0
deserialize,1014,0
mult,406403,0
deserialize,992,0
mult,406381,0
deserialize,884,0
mult,406676,0
deserialize,987,0
mult,412447,0
deserialize,865,0
mult,403107,0
deserialize,954,0
mult,402284,0
deserialize,866,0
mult,397022,0
deserialize,1043,0
mult,395908,0
deserialize,873,0
mult,395457,0
deserialize,901,0
mult,400494,0
deserialize,1205,0
mult,394853,0
deserialize,1057,0
mult,395787,0
deserialize,880,0
mult,396270,0
deserialize,906,0
mult,397800,0
deserialize,853,0
mult,396884,0
deserialize,932,0
mult,402230,0
deserialize,1035,0
mult,399375,0
deserialize,967,0
mult,399709,0
deserialize,847,0
mult,406020,0
deserialize,933,0
mult,407210,0
deserialize,954,0
mult,401907,0
deserialize,940,0
mult,396505,0
deserialize,893,0
mult,395838,0
deserialize,965,0
mult,403542,0
deserialize,1100,0
mult,401410,0
deserialize,880,0
mult,407776,0
deserialize,900,0
mult,405388,0
deserialize,914,0
mult,405137,0
deserialize,960,0
mult,413289,0
deserialize,904,0
mult,409367,0
deserialize,1029,0
mult,403544,0
deserialize,990,0
mult,397123,0
deserialize,965,0
mult,396107,0
deserialize,883,0
mult,395776,0
deserialize,927,0
mult,395783,0
deserialize,884,0
mult,395605,0
deserialize,979,0
mult,395435,0
deserialize,883,0
mult,395654,0
deserialize,880,0
mult,395667,0
deserialize,971,0
mult,404044,0
deserialize,1406,0
mult,400983,0
deserialize,917,0
mult,397540,0
deserialize,851,0
mult,399583,0
deserialize,1003,0
mult,404329,0
deserialize,866,0
mult,401123,0
deserialize,933,0
mult,403630,0
deserialize,887,0
mult,397108,0
deserialize,1295,0
mult,395886,0
deserialize,937,0
mult,401867,0
deserialize,960,0
mult,532786,0
deserialize,976,0
mult,408047,0
deserialize,1037,0
mult,402620,0
deserialize,900,0
mult,404379,0
deserialize,924,0
mult,412983,0
deserialize,893,0
mult,404993,0
deserialize,937,0
mult,405230,0
deserialize,1114,0
mult,398050,0
deserialize,940,0
mult,396090,0
deserialize,844,0
mult,402864,0
deserialize,1172,0
mult,395378,0
deserialize,1143,0
mult,395294,0
deserialize,959,0
mult,394995,0
deserialize,846,0
mult,395331,0
deserialize,973,0
mult,395389,0
deserialize,861,0
mult,395649,0
deserialize,990,0
mult,401238,0
deserialize,828,0
mult,396487,0
deserialize,1200,0
mult,398241,0
deserialize,884,0
mult,404400,0
deserialize,932,0
mult,406665,0
deserialize,960,0
mult,403952,0
deserialize,913,0
mult,397597,0
deserialize,880,0
mult,396525,0
deserialize,1053,0
mult,400057,0
deserialize,885,0
mult,399947,0
deserialize,900,0
mult,407770,0
deserialize,883,0
mult,401896,0
deserialize,1327,0
mult,403019,0
deserialize,866,0
mult,417628,0
deserialize,1078,0
mult,404953,0
deserialize,971,0
mult,406248,0
deserialize,1074,0
mult,398411,0
deserialize,876,0
mult,397368,0
deserialize,1064,0
mult,395676,0
deserialize,851,0
mult,394996,0
deserialize,919,0
mult,395075,0
deserialize,900,0
mult,395227,0
deserialize,887,0
mult,395787,0
deserialize,1052,0
mult,401156,0
deserialize,1060,0
mult,395076,0
deserialize,953,0
mult,400975,0
deserialize,966,0
mult,396632,0
deserialize,856,0
mult,399971,0
deserialize,875,0
mult,402457,0
deserialize,901,0
mult,401189,0
deserialize,1114,0
mult,405180,0
deserialize,949,0
mult,398835,0
deserialize,1016,0
mult,397054,0
deserialize,971,0
mult,404497,0
deserialize,1077,0
mult,397637,0
deserialize,972,0
mult,407358,0
deserialize,931,0
mult,400587,0
deserialize,1284,0
mult,402333,0
deserialize,1010,0
mult,410972,0
deserialize,909,0
mult,405756,0
deserialize,888,0
mult,409065,0
deserialize,870,0
mult,399157,0
deserialize,937,0
mult,397151,0
deserialize,1016,0
mult,401801,0
deserialize,972,0
mult,395191,0
deserialize,868,0
mult,394961,0
deserialize,996,0
mult,394723,0
deserialize,871,0
mult,394744,0
deserialize,1007,0
mult,395056,0
deserialize,966,0
mult,394745,0
deserialize,961,0
mult,399936,0
deserialize,890,0
mult,396864,0
deserialize,894,0
mult,400434,0
deserialize,909,0
mult,407658,0
deserialize,1067,0
mult,400456,0
deserialize,893,0
mult,405390,0
deserialize,960,0
mult,400267,0
deserialize,862,0
mult,398406,0
deserialize,891,0
mult,397051,0
deserialize,851,0
mult,397300,0
deserialize,1106,0
mult,407969,0
deserialize,906,0
mult,400373,0
deserialize,1145,0
mult,402749,0
deserialize,863,0
mult,415863,0
deserialize,1041,0
mult,405908,0
deserialize,978,0
mult,410749,0
deserialize,983,0
mult,400267,0
deserialize,914,0
mult,398444,0
deserialize,947,0
mult,396462,0
deserialize,852,0
mult,395876,0
deserialize,938,0
mult,394683,0
deserialize,865,0
mult,395330,0
deserialize,871,0
mult,394974,0
deserialize,875,0
mult,401087,0
deserialize,1065,0
mult,395487,0
deserialize,944,0
mult,398195,0
deserialize,893,0
mult,396417,0
deserialize,859,0
mult,400457,0
deserialize,986,0
mult,400954,0
deserialize,882,0
mult,400184,0
deserialize,994,0
mult,405559,0
deserialize,880,0
mult,399672,0
deserialize,980,0
mult,399960,0
deserialize,912,0
mult,401985,0
deserialize,1232,0
mult,395568,0
deserialize,1094,0
mult,405804,0
deserialize,891,0
mult,400765,0
deserialize,900,0
mult,404676,0
deserialize,1159,0
mult,407510,0
deserialize,843,0
mult,406889,0
deserialize,892,0
mult,410765,0
deserialize,833,0
mult,401790,0
deserialize,918,0
mult,399862,0
deserialize,851,0
mult,403081,0
deserialize,1071,0
mult,395484,0
deserialize,953,0
mult,395141,0
deserialize,929,0
mult,395311,0
deserialize,921,0
mult,395448,0
deserialize,948,0
mult,395244,0
deserialize,1167,0
mult,395958,0
deserialize,894,0
mult,398548,0
deserialize,945,0
mult,396019,0
deserialize,913,0
mult,400564,0
deserialize,973,0
mult,405322,0
deserialize,1085,0
mult,399418,0
deserialize,906,0
mult,405823,0
deserialize,894,0
mult,400463,0
deserialize,876,0
mult,400425,0
deserialize,911,0
mult,395580,0
deserialize,893,0
mult,395594,0
deserialize,1003,0
mult,404004,0
deserialize,975,0
mult,402197,0
deserialize,980,0
mult,406377,0
deserialize,933,0
mult,412598,0
deserialize,1021,0
mult,406004,0
deserialize,1389,0
mult,412294,0
deserialize,903,0
mult,402787,0
deserialize,900,0
mult,401459,0
deserialize,927,0
mult,396032,0
deserialize,860,0
mult,396021,0
deserialize,863,0
mult,395061,0
deserialize,877,0
mult,395838,0
deserialize,887,0
mult,394895,0
deserialize,864,0
mult,400944,0
deserialize,1110,0
mult,394953,0
deserialize,873,0
mult,396803,0
deserialize,968,0
mult,396248,0
deserialize,873,0
mult,400762,0
deserialize,1042,0
mult,398465,0
deserialize,905,0
mult,399267,0
deserialize,975,0
mult,405053,0
deserialize,869,0
mult,400722,0
deserialize,966,0
mult,401527,0
deserialize,895,0
mult,403098,0
deserialize,1072,0
mult,394667,0
deserialize,1104,0
mult,403394,0
deserialize,1029,0
mult,401487,0
deserialize,895,0
mult,406720,0
deserialize,1041,0
mult,405136,0
deserialize,849,0
mult,404324,0
deserialize,957,0
mult,412623,0
deserialize,884,0
mult,403196,0
deserialize,888,0
mult,402578,0
deserialize,894,0
mult,402927,0
deserialize,1091,0
mult,395595,0
deserialize,870,0
mult,395337,0
deserialize,956,0
mult,394963,0
deserialize,835,0
mult,395916,0
deserialize,867,0
mult,394855,0
deserialize,858,0
mult,395044,0
deserialize,1029,0
mult,395015,0
deserialize,871,0
mult,395210,0
deserialize,899,0
mult,400550,0
deserialize,889,0
mult,402915,0
deserialize,1090,0
mult,398636,0
deserialize,917,0
mult,404149,0
deserialize,899,0
mult,401138,0
deserialize,977,0
mult,403804,0
deserialize,1237,0
mult,396557,0
deserialize,893,0
mult,395740,0
deserialize,900,0
mult,401866,0
deserialize,871,0
mult,400907,0
deserialize,926,0
mult,408447,0
deserialize,1199,0
mult,408686,0
deserialize,904,0
mult,403349,0
deserialize,967,0
mult,413102,0
deserialize,974,0
mult,405540,0
deserialize,925,0
mult,404865,0
deserialize,1463,0
mult,397668,0
deserialize,929,0
mult,396403,0
deserialize,868,0
mult,395245,0
deserialize,957,0
mult,394608,0
deserialize,891,0
mult,395334,0
deserialize,895,0
mult,400304,0
deserialize,1065,0
mult,394912,0
deserialize,905,0
mult,394697,0
deserialize,1240,0
mult,394875,0
deserialize,895,0
mult,400668,0
deserialize,891,0
mult,396197,0
deserialize,935,0
mult,397171,0
deserialize,926,0
mult,403418,0
deserialize,895,0
mult,400923,0
deserialize,1007,0
mult,404152,0
deserialize,885,0
mult,403052,0
deserialize,961,0
mult,396140,0
deserialize,888,0
mult,400095,0
deserialize,913,0
mult,399475,0
deserialize,878,0
mult,408301,0
deserialize,893,0
mult,401193,0
deserialize,838,0
mult,402272,0
deserialize,872,0
mult,411513,0
deserialize,847,0
mult,405007,0
deserialize,914,0
mult,412700,0
deserialize,1028,0
mult,398026,0
deserialize,1450,0
mult,396534,0
deserialize,888,0
mult,396671,0
deserialize,923,0
mult,395831,0
deserialize,870,0
mult,395133,0
deserialize,1159,0
mult,395113,0
deserialize,894,0
mult,395649,0
deserialize,969,0
mult,394563,0
deserialize,851,0
mult,395063,0
deserialize,1019,0
mult,405923,0
deserialize,971,0
mult,397168,0
deserialize,1018,0
mult,398972,0
deserialize,900,0
mult,402952,0
deserialize,1390,0
mult,401525,0
deserialize,933,0
mult,405206,0
deserialize,1296,0
mult,398909,0
deserialize,870,0
mult,396964,0
deserialize,1026,0
mult,398374,0
deserialize,853,0
mult,398601,0
deserialize,1213,0
mult,413234,0
deserialize,1043,0
mult,400044,0
deserialize,1190,0
mult,400865,0
deserialize,892,0
mult,410406,0
gemm,9.16256e+08,0
wait_all,7.16617e+08,0
deserialize,2738,0
mult,413593,0
deserialize,1239,0
mult,400192,0
deserialize,901,0
mult,401807,0
deserialize,970,0
mult,410014,0
deserialize,882,0
mult,402860,0
deserialize,892,0
mult,403232,0
deserialize,838,0
mult,394899,0
deserialize,941,0
mult,394290,0
deserialize,993,0
mult,393884,0
deserialize,902,0
mult,393909,0
deserialize,880,0
mult,399189,0
deserialize,1010,0
mult,391945,0
deserialize,836,0
mult,392720,0
deserialize,903,0
mult,393491,0
deserialize,803,0
mult,393072,0
deserialize,855,0
mult,392869,0
deserialize,891,0
mult,393984,0
deserialize,930,0
mult,394115,0
deserialize,855,0
mult,394542,0
deserialize,926,0
mult,394532,0
deserialize,848,0
mult,400464,0
deserialize,1021,0
mult,393434,0
deserialize,992,0
mult,395186,0
deserialize,839,0
mult,397875,0
deserialize,888,0
mult,397673,0
deserialize,848,0
mult,406147,0
deserialize,1191,0
mult,399450,0
deserialize,900,0
mult,401008,0
deserialize,1145,0
mult,409919,0
deserialize,883,0
mult,403987,0
deserialize,925,0
mult,410460,0
deserialize,1010,0
mult,395593,0
deserialize,952,0
mult,394800,0
deserialize,880,0
mult,393804,0
deserialize,990,0
mult,394047,0
deserialize,896,0
mult,392754,0
deserialize,933,0
mult,393052,0
deserialize,1105,0
mult,393005,0
deserialize,825,0
mult,392746,0
deserialize,1166,0
mult,392343,0
deserialize,897,0
mult,399938,0
deserialize,1004,0
mult,392082,0
deserialize,885,0
mult,392834,0
deserialize,893,0
mult,394562,0
deserialize,920,0
mult,394976,0
deserialize,877,0
mult,395264,0
deserialize,893,0
mult,394251,0
deserialize,863,0
mult,395583,0
deserialize,967,0
mult,395382,0
deserialize,908,0
mult,396391,0
deserialize,960,0
mult,410817,0
deserialize,1032,0
mult,397886,0
deserialize,901,0
mult,399314,0
deserialize,888,0
mult,409246,0
deserialize,884,0
mult,403631,0
deserialize,919,0
mult,405470,0
deserialize,1010,0
mult,394433,0
deserialize,990,0
mult,393061,0
deserialize,1048,0
mult,1.6906e+06,0
deserialize,937,0
mult,1.79491e+06,0
deserialize,975,0
mult,1.62629e+06,0
deserialize,959,0
mult,1.28739e+06,0
deserialize,1115,0
mult,402571,0
deserialize,1062,0
mult,395605,0
deserialize,1221,0
mult,392329,0
deserialize,960,0
mult,392393,0
deserialize,1209,0
mult,392416,0
deserialize,859,0
mult,392272,0
deserialize,903,0
mult,399509,0
deserialize,1075,0
mult,392993,0
deserialize,1010,0
mult,392993,0
deserialize,888,0
mult,394754,0
deserialize,1024,0
mult,393500,0
deserialize,886,0
mult,394498,0
deserialize,867,0
mult,393458,0
deserialize,884,0
mult,394142,0
deserialize,886,0
mult,401287,0
deserialize,1213,0
mult,398212,0
deserialize,939,0
mult,409792,0
deserialize,1242,0
mult,401412,0
deserialize,966,0
mult,402024,0
deserialize,994,0
mult,409367,0
deserialize,891,0
mult,401461,0
deserialize,913,0
mult,400973,0
deserialize,866,0
mult,393685,0
deserialize,940,0
mult,393574,0
deserialize,843,0
mult,392944,0
deserialize,897,0
mult,393823,0
deserialize,1238,0
mult,398984,0
deserialize,1067,0
mult,391691,0
deserialize,870,0
mult,392024,0
deserialize,939,0
mult,392538,0
deserialize,853,0
mult,392223,0
deserialize,956,0
mult,392987,0
deserialize,842,0
mult,392794,0
deserialize,994,0
mult,393354,0
deserialize,1111,0
mult,394583,0
deserialize,1012,0
mult,393697,0
deserialize,880,0
mult,401138,0
deserialize,1100,0
mult,393421,0
deserialize,908,0
mult,394968,0
deserialize,967,0
mult,399004,0
deserialize,1013,0
mult,397757,0
deserialize,900,0
mult,405206,0
deserialize,922,0
mult,400919,0
deserialize,1035,0
mult,401149,0
deserialize,844,0
mult,410426,0
deserialize,909,0
mult,402840,0
deserialize,921,0
mult,408192,0
deserialize,1063,0
mult,394601,0
deserialize,911,0
mult,392619,0
deserialize,942,0
mult,392732,0
deserialize,920,0
mult,392367,0
deserialize,1001,0
mult,393170,0
deserialize,880,0
mult,392662,0
deserialize,891,0
mult,392226,0
deserialize,912,0
mult,392487,0
deserialize,20770,0
mult,384948,0
deserialize,1084,0
mult,386865,0
deserialize,1416,0
mult,381217,0
deserialize,943,0
mult,377336,0
deserialize,928,0
mult,375330,0
deserialize,1060,0
mult,376235,0
deserialize,894,0
mult,369717,0
deserialize,887,0
mult,371661,0
deserialize,1018,0
mult,370824,0
deserialize,948,0
mult,370424,0
deserialize,934,0
mult,370227,0
deserialize,1048,0
mult,372457,0
deserialize,917,0
mult,376547,0
deserialize,1040,0
mult,370958,0
deserialize,977,0
mult,369314,0
deserialize,895,0
mult,370302,0
deserialize,943,0
mult,369828,0
deserialize,912,0
mult,370951,0
deserialize,893,0
mult,370575,0
deserialize,917,0
mult,369415,0
deserialize,898,0
mult,370057,0
deserialize,893,0
mult,370011,0
deserialize,883,0
mult,371066,0
deserialize,872,0
mult,382463,0
deserialize,1064,0
mult,377287,0
deserialize,1155,0
mult,383557,0
deserialize,930,0
mult,376947,0
deserialize,884,0
mult,382654,0
deserialize,887,0
mult,377784,0
deserialize,888,0
mult,375468,0
deserialize,884,0
mult,376313,0
deserialize,881,0
mult,371168,0
deserialize,883,0
mult,373005,0
deserialize,886,0
mult,376226,0
deserialize,1003,0
mult,370185,0
deserialize,1009,0
mult,371598,0
deserialize,847,0
mult,372468,0
deserialize,1056,0
mult,370930,0
deserialize,895,0
mult,371927,0
deserialize,1129,0
mult,369847,0
deserialize,861,0
mult,370634,0
deserialize,983,0
mult,370056,0
deserialize,903,0
mult,371519,0
deserialize,963,0
mult,370624,0
deserialize,889,0
mult,374958,0
deserialize,1316,0
mult,369890,0
deserialize,879,0
mult,368977,0
deserialize,988,0
mult,371381,0
deserialize,895,0
mult,376160,0
deserialize,1000,0
mult,376382,0
deserialize,910,0
mult,383976,0
deserialize,928,0
mult,377982,0
deserialize,860,0
mult,382328,0
deserialize,895,0
mult,377321,0
deserialize,859,0
mult,382980,0
deserialize,1246,0
mult,376391,0
deserialize,930,0
mult,370106,0
deserialize,920,0
mult,373631,0
deserialize,843,0
mult,370984,0
deserialize,1175,0
mult,369930,0
deserialize,840,0
mult,371531,0
deserialize,915,0
mult,371657,0
deserialize,862,0
mult,370981,0
deserialize,1028,0
mult,371486,0
deserialize,946,0
mult,370220,0
deserialize,950,0
mult,376239,0
deserialize,1223,0
mult,368906,0
deserialize,934,0
mult,371583,0
deserialize,866,0
mult,368792,0
deserialize,1009,0
mult,371078,0
deserialize,961,0
mult,370811,0
deserialize,902,0
mult,369859,0
deserialize,1019,0
mult,371473,0
deserialize,1020,0
mult,374054,0
deserialize,963,0
mult,375970,0
deserialize,918,0
mult,384870,0
deserialize,1050,0
mult,387269,0
deserialize,1074,0
mult,382003,0
deserialize,1064,0
mult,376971,0
deserialize,866,0
mult,378000,0
deserialize,956,0
mult,377001,0
deserialize,895,0
mult,371787,0
deserialize,958,0
mult,374856,0
deserialize,1000,0
mult,371118,0
deserialize,880,0
mult,370281,0
deserialize,920,0
mult,372748,0
deserialize,890,0
mult,377027,0
deserialize,1413,0
mult,370004,0
deserialize,900,0
mult,371190,0
deserialize,965,0
mult,370489,0
deserialize,894,0
mult,370759,0
deserialize,892,0
mult,370254,0
deserialize,899,0
mult,372239,0
deserialize,886,0
mult,370053,0
deserialize,873,0
mult,370916,0
deserialize,882,0
mult,370116,0
deserialize,897,0
mult,370166,0
deserialize,874,0
mult,377174,0
deserialize,982,0
mult,371493,0
deserialize,1006,0
mult,374778,0
deserialize,881,0
mult,383185,0
deserialize,881,0
mult,379374,0
deserialize,1243,0
mult,382259,0
deserialize,955,0
mult,375144,0
deserialize,870,0
mult,379690,0
deserialize,970,0
mult,378143,0
deserialize,870,0
mult,371736,0
deserialize,910,0
mult,375050,0
deserialize,895,0
mult,377002,0
deserialize,1069,0
mult,369338,0
deserialize,917,0
mult,371313,0
deserialize,966,0
mult,371500,0
deserialize,1298,0
mult,371134,0
deserialize,1000,0
mult,373996,0
deserialize,879,0
mult,370581,0
deserialize,1057,0
mult,370671,0
deserialize,886,0
mult,369790,0
deserialize,1216,0
mult,370937,0
deserialize,874,0
mult,375685,0
deserialize,1024,0
mult,369117,0
deserialize,926,0
mult,369487,0
deserialize,1003,0
mult,370234,0
deserialize,1016,0
mult,369516,0
deserialize,920,0
mult,370791,0
deserialize,862,0
mult,373902,0
deserialize,924,0
mult,381750,0
deserialize,846,0
mult,378910,0
deserialize,910,0
mult,382921,0
deserialize,870,0
mult,375981,0
deserialize,1170,0
mult,386226,0
deserialize,1013,0
mult,376775,0
deserialize,1014,0
mult,371594,0
deserialize,889,0
mult,375514,0
deserialize,912,0
mult,369354,0
deserialize,911,0
mult,369487,0
deserialize,879,0
mult,371575,0
deserialize,903,0
mult,370509,0
deserialize,948,0
mult,370172,0
deserialize,867,0
mult,372574,0
deserialize,959,0
mult,369837,0
deserialize,935,0
mult,377310,0
deserialize,1128,0
mult,369098,0
deserialize,996,0
mult,370819,0
deserialize,929,0
mult,368790,0
deserialize,945,0
mult,369664,0
deserialize,893,0
mult,369774,0
deserialize,987,0
mult,370220,0
deserialize,941,0
mult,370534,0
deserialize,948,0
mult,372311,0
deserialize,978,0
mult,373264,0
deserialize,1010,0
mult,386044,0
deserialize,1176,0
mult,378988,0
deserialize,981,0
mult,382518,0
deserialize,881,0
mult,375194,0
deserialize,886,0
mult,380853,0
deserialize,901,0
mult,377230,0
deserialize,873,0
mult,373859,0
deserialize,899,0
mult,376727,0
deserialize,877,0
mult,369500,0
deserialize,898,0
mult,370204,0
deserialize,885,0
mult,370240,0
deserialize,911,0
mult,375784,0
deserialize,1115,0
mult,371066,0
deserialize,1014,0
mult,371497,0
deserialize,902,0
mult,369883,0
deserialize,954,0
mult,370836,0
deserialize,865,0
mult,368762,0
deserialize,893,0
mult,371342,0
deserialize,867,0
mult,369445,0
deserialize,984,0
mult,370437,0
deserialize,860,0
mult,369067,0
deserialize,1003,0
mult,369374,0
deserialize,836,0
mult,375244,0
deserialize,1105,0
mult,370382,0
deserialize,880,0
mult,371299,0
deserialize,973,0
mult,379457,0
deserialize,861,0
mult,378090,0
deserialize,971,0
mult,382674,0
deserialize,866,0
mult,375794,0
deserialize,1062,0
mult,380678,0
deserialize,861,0
mult,376795,0
deserialize,1483,0
mult,374322,0
deserialize,888,0
mult,381965,0
deserialize,1105,0
mult,369289,0
deserialize,1106,0
mult,370675,0
deserialize,959,0
mult,370783,0
deserialize,854,0
mult,369946,0
deserialize,938,0
mult,371188,0
deserialize,1064,0
mult,371776,0
deserialize,890,0
mult,369631,0
deserialize,856,0
mult,371651,0
deserialize,890,0
mult,369107,0
deserialize,862,0
mult,370622,0
deserialize,927,0
mult,375335,0
deserialize,975,0
mult,369528,0
deserialize,1057,0
mult,368919,0
deserialize,880,0
mult,369901,0
deserialize,1019,0
mult,368736,0
deserialize,861,0
mult,369765,0
deserialize,933,0
mult,370941,0
deserialize,870,0
mult,376544,0
deserialize,884,0
mult,377723,0
deserialize,865,0
mult,383959,0
deserialize,855,0
mult,376322,0
deserialize,852,0
mult,386919,0
deserialize,1099,0
mult,376836,0
deserialize,881,0
mult,375704,0
deserialize,1057,0
mult,375825,0
deserialize,880,0
mult,370376,0
deserialize,975,0
mult,371659,0
deserialize,1058,0
mult,370686,0
deserialize,1002,0
mult,370830,0
deserialize,1003,0
mult,370572,0
deserialize,895,0
mult,372401,0
deserialize,917,0
mult,376250,0
deserialize,1033,0
mult,371161,0
deserialize,1069,0
mult,369194,0
deserialize,1317,0
mult,369654,0
deserialize,879,0
mult,369156,0
deserialize,990,0
mult,370505,0
deserialize,864,0
mult,369382,0
deserialize,866,0
mult,369687,0
deserialize,1180,0
mult,369286,0
deserialize,881,0
mult,369360,0
deserialize,910,0
mult,370474,0
deserialize,824,0
mult,380864,0
deserialize,994,0
mult,376076,0
deserialize,1043,0
mult,382777,0
deserialize,1007,0
mult,376958,0
deserialize,1045,0
mult,381168,0
deserialize,866,0
mult,376609,0
deserialize,929,0
mult,376864,0
deserialize,877,0
mult,376325,0
deserialize,885,0
mult,369780,0
deserialize,877,0
mult,373879,0
deserialize,892,0
mult,369908,0
deserialize,855,0
mult,375688,0
deserialize,1109,0
mult,370910,0
deserialize,1073,0
mult,370791,0
deserialize,894,0
mult,370512,0
deserialize,908,0
mult,371334,0
deserialize,984,0
mult,369464,0
deserialize,851,0
mult,370254,0
deserialize,1035,0
mult,369432,0
deserialize,865,0
mult,371134,0
deserialize,1009,0
mult,369573,0
deserialize,876,0
mult,374222,0
deserialize,1097,0
mult,368531,0
deserialize,952,0
mult,368671,0
deserialize,930,0
mult,370825,0
deserialize,878,0
mult,373199,0
deserialize,894,0
mult,375867,0
deserialize,868,0
mult,382559,0
deserialize,879,0
mult,377611,0
deserialize,857,0
mult,381359,0
deserialize,871,0
mult,375868,0
deserialize,879,0
mult,377893,0
deserialize,997,0
mult,382331,0
deserialize,1047,0
mult,370241,0
deserialize,1007,0
mult,374187,0
deserialize,1097,0
mult,369265,0
deserialize,978,0
mult,369548,0
deserialize,906,0
mult,370440,0
deserialize,903,0
mult,370183,0
deserialize,870,0
mult,370024,0
deserialize,1008,0
mult,371874,0
deserialize,920,0
mult,369734,0
deserialize,870,0
mult,370886,0
deserialize,877,0
mult,375384,0
deserialize,1042,0
mult,370324,0
deserialize,930,0
mult,368944,0
deserialize,922,0
mult,369499,0
deserialize,858,0
mult,369391,0
deserialize,1026,0
mult,368878,0
deserialize,944,0
mult,370551,0
deserialize,991,0
mult,371761,0
deserialize,930,0
mult,374415,0
deserialize,874,0
mult,382237,0
deserialize,949,0
mult,383784,0
deserialize,1070,0
mult,381344,0
deserialize,1084,0
mult,374769,0
deserialize,896,0
mult,378940,0
deserialize,991,0
mult,377112,0
deserialize,897,0
mult,371424,0
deserialize,883,0
mult,374304,0
deserialize,907,0
mult,369823,0
deserialize,847,0
mult,369788,0
deserialize,895,0
mult,371499,0
deserialize,880,0
mult,369861,0
deserialize,989,0
mult,376718,0
deserialize,1048,0
mult,371549,0
deserialize,997,0
mult,369934,0
deserialize,870,0
mult,370062,0
deserialize,894,0
mult,369228,0
deserialize,976,0
mult,370258,0
deserialize,891,0
mult,369024,0
deserialize,870,0
mult,369173,0
deserialize,1148,0
mult,369414,0
deserialize,905,0
mult,369340,0
deserialize,873,0
mult,369466,0
deserialize,867,0
mult,376839,0
deserialize,1080,0
mult,374215,0
deserialize,930,0
mult,381676,0
deserialize,970,0
mult,378373,0
deserialize,876,0
mult,383251,0
deserialize,891,0
mult,374612,0
deserialize,867,0
mult,379731,0
deserialize,976,0
mult,377834,0
deserialize,890,0
mult,372064,0
deserialize,969,0
mult,375023,0
deserialize,868,0
mult,374467,0
deserialize,1074,0
mult,369879,0
deserialize,901,0
mult,370064,0
deserialize,1090,0
mult,369526,0
deserialize,901,0
mult,369911,0
deserialize,1006,0
mult,371020,0
deserialize,907,0
mult,369144,0
deserialize,1060,0
mult,370338,0
deserialize,844,0
mult,368831,0
deserialize,940,0
mult,369968,0
deserialize,872,0
mult,369077,0
deserialize,1317,0
mult,374273,0
deserialize,974,0
mult,369032,0
deserialize,967,0
mult,369427,0
deserialize,860,0
mult,370106,0
deserialize,1050,0
mult,371144,0
deserialize,875,0
mult,373015,0
deserialize,892,0
mult,379940,0
deserialize,860,0
mult,378955,0
deserialize,932,0
mult,382364,0
deserialize,872,0
mult,374973,0
deserialize,1244,0
mult,379949,0
deserialize,883,0
mult,382675,0
deserialize,1094,0
mult,372738,0
deserialize,894,0
mult,375624,0
deserialize,908,0
mult,369814,0
deserialize,872,0
mult,369766,0
deserialize,992,0
mult,370528,0
deserialize,887,0
mult,369783,0
deserialize,906,0
mult,370935,0
deserialize,893,0
mult,371208,0
deserialize,981,0
mult,370533,0
deserialize,994,0
mult,378710,0
deserialize,1038,0
mult,368855,0
deserialize,974,0
mult,369724,0
deserialize,971,0
mult,369244,0
deserialize,902,0
mult,369335,0
deserialize,883,0
mult,368783,0
deserialize,936,0
mult,369639,0
deserialize,877,0
mult,368366,0
deserialize,960,0
mult,370017,0
deserialize,884,0
mult,371677,0
deserialize,870,0
mult,378459,0
deserialize,1197,0
mult,385968,0
deserialize,1002,0
mult,382153,0
deserialize,1023,0
mult,375158,0
deserialize,903,0
mult,380251,0
deserialize,892,0
mult,377056,0
deserialize,896,0
mult,373993,0
deserialize,872,0
mult,375662,0
deserialize,929,0
mult,370163,0
deserialize,998,0
mult,370666,0
deserialize,868,0
mult,370624,0
deserialize,886,0
mult,369956,0
deserialize,1007,0
mult,376614,0
deserialize,1037,0
mult,371643,0
deserialize,937,0
mult,369788,0
deserialize,900,0
mult,370794,0
deserialize,857,0
mult,369428,0
deserialize,883,0
mult,370255,0
deserialize,985,0
mult,369123,0
deserialize,1058,0
mult,369736,0
deserialize,1151,0
mult,368767,0
deserialize,972,0
mult,369214,0
deserialize,845,0
mult,369192,0
deserialize,922,0
mult,375940,0
deserialize,1077,0
mult,370990,0
deserialize,1067,0
mult,376562,0
deserialize,866,0
mult,376387,0
deserialize,994,0
mult,382886,0
deserialize,882,0
mult,376532,0
deserialize,1017,0
mult,380587,0
deserialize,913,0
mult,376275,0
deserialize,1212,0
mult,375514,0
deserialize,852,0
mult,376332,0
deserialize,962,0
mult,375799,0
deserialize,1016,0
mult,371604,0
deserialize,1339,0
mult,370927,0
deserialize,858,0
mult,369955,0
deserialize,1020,0
mult,370756,0
deserialize,851,0
mult,372457,0
deserialize,937,0
mult,369914,0
deserialize,889,0
mult,371384,0
deserialize,1000,0
mult,369445,0
deserialize,823,0
mult,369908,0
gemm,8.98482e+08,0
wait_all,7.0631e+08,0
deserialize,2703,0
mult,373650,0
deserialize,1150,0
mult,377060,0
deserialize,1057,0
mult,369512,0
deserialize,980,0
mult,371264,0
deserialize,879,0
mult,370787,0
deserialize,905,0
mult,370691,0
deserialize,847,0
mult,370716,0
deserialize,939,0
mult,370235,0
deserialize,855,0
mult,370012,0
deserialize,903,0
mult,373141,0
deserialize,876,0
mult,372863,0
deserialize,935,0
mult,385328,0
deserialize,1003,0
mult,377463,0
deserialize,1042,0
mult,381671,0
deserialize,861,0
mult,374948,0
deserialize,885,0
mult,374772,0
deserialize,863,0
mult,378132,0
deserialize,916,0
mult,372324,0
deserialize,802,0
mult,371574,0
deserialize,901,0
mult,370331,0
deserialize,851,0
mult,370788,0
deserialize,856,0
mult,371871,0
deserialize,809,0
mult,376944,0
deserialize,1088,0
mult,370348,0
deserialize,939,0
mult,373107,0
deserialize,870,0
mult,371662,0
deserialize,885,0
mult,372162,0
deserialize,882,0
mult,369717,0
deserialize,1077,0
mult,370827,0
deserialize,884,0
mult,369585,0
deserialize,921,0
mult,371360,0
deserialize,872,0
mult,369220,0
deserialize,961,0
mult,370012,0
deserialize,885,0
mult,376376,0
deserialize,989,0
mult,371347,0
deserialize,890,0
mult,370596,0
deserialize,910,0
mult,378981,0
deserialize,910,0
mult,378787,0
deserialize,870,0
mult,383621,0
deserialize,909,0
mult,377110,0
deserialize,849,0
mult,376835,0
deserialize,878,0
mult,377581,0
deserialize,1066,0
mult,372607,0
deserialize,899,0
mult,379454,0
deserialize,996,0
mult,369779,0
deserialize,906,0
mult,370638,0
deserialize,1101,0
mult,371053,0
deserialize,873,0
mult,370748,0
deserialize,869,0
mult,371601,0
deserialize,882,0
mult,372558,0
deserialize,840,0
mult,370346,0
deserialize,895,0
mult,373099,0
deserialize,1095,0
mult,369404,0
deserialize,897,0
mult,371196,0
deserialize,893,0
mult,376528,0
deserialize,1138,0
mult,370181,0
deserialize,981,0
mult,369570,0
deserialize,990,0
mult,369864,0
deserialize,1031,0
mult,1.69021e+06,0
deserialize,895,0
mult,1.80548e+06,0
deserialize,913,0
mult,1.6302e+06,0
deserialize,931,0
mult,1.29612e+06,0
deserialize,1071,0
mult,389220,0
deserialize,1153,0
mult,368921,0
deserialize,996,0
mult,381784,0
deserialize,880,0
mult,378848,0
deserialize,995,0
mult,381191,0
deserialize,864,0
mult,373606,0
deserialize,896,0
mult,372446,0
deserialize,934,0
mult,376432,0
deserialize,873,0
mult,370253,0
deserialize,901,0
mult,371335,0
deserialize,974,0
mult,369562,0
deserialize,875,0
mult,375089,0
deserialize,1040,0
mult,370867,0
deserialize,943,0
mult,369363,0
deserialize,911,0
mult,370873,0
deserialize,908,0
mult,371736,0
deserialize,914,0
mult,370339,0
deserialize,882,0
mult,370241,0
deserialize,986,0
mult,368694,0
deserialize,928,0
mult,370705,0
deserialize,1347,0
mult,368988,0
deserialize,857,0
mult,369171,0
deserialize,926,0
mult,374753,0
deserialize,1090,0
mult,369161,0
deserialize,1331,0
mult,369689,0
deserialize,881,0
mult,372646,0
deserialize,1027,0
mult,373146,0
deserialize,875,0
mult,380716,0
deserialize,886,0
mult,379144,0
deserialize,941,0
mult,381839,0
deserialize,878,0
mult,373599,0
deserialize,934,0
mult,373893,0
deserialize,856,0
mult,384562,0
deserialize,1022,0
mult,369922,0
deserialize,913,0
mult,370862,0
deserialize,947,0
mult,369935,0
deserialize,880,0
mult,369634,0
deserialize,900,0
mult,371265,0
deserialize,910,0
mult,370363,0
deserialize,956,0
mult,370840,0
deserialize,863,0
mult,371765,0
deserialize,1212,0
mult,370423,0
deserialize,985,0
mult,370784,0
deserialize,867,0
mult,375054,0
deserialize,981,0
mult,369992,0
deserialize,876,0
mult,369330,0
deserialize,930,0
mult,370365,0
deserialize,946,0
mult,369684,0
deserialize,890,0
mult,370241,0
deserialize,865,0
mult,370127,0
deserialize,908,0
mult,372795,0
deserialize,1019,0
mult,372203,0
deserialize,933,0
mult,378733,0
deserialize,867,0
mult,379033,0
deserialize,1120,0
mult,388126,0
deserialize,19554,0
mult,393108,0
deserialize,1105,0
mult,362758,0
deserialize,870,0
mult,357441,0
deserialize,918,0
mult,357519,0
deserialize,964,0
mult,357391,0
deserialize,923,0
mult,358458,0
deserialize,874,0
mult,358973,0
deserialize,1067,0
mult,362565,0
deserialize,897,0
mult,364079,0
deserialize,960,0
mult,365149,0
deserialize,1115,0
mult,363638,0
deserialize,987,0
mult,362117,0
deserialize,922,0
mult,366405,0
deserialize,1013,0
mult,366101,0
deserialize,938,0
mult,361881,0
deserialize,1152,0
mult,367921,0
deserialize,963,0
mult,360911,0
deserialize,1061,0
mult,360381,0
deserialize,913,0
mult,358632,0
deserialize,925,0
mult,364457,0
deserialize,892,0
mult,367065,0
deserialize,1039,0
mult,359463,0
deserialize,1347,0
mult,359349,0
deserialize,943,0
mult,358788,0
deserialize,892,0
mult,358280,0
deserialize,899,0
mult,359692,0
deserialize,872,0
mult,357227,0
deserialize,1109,0
mult,357480,0
deserialize,1152,0
mult,357545,0
deserialize,898,0
mult,357782,0
deserialize,860,0
mult,357975,0
deserialize,890,0
mult,358969,0
deserialize,887,0
mult,498070,0
deserialize,1086,0
mult,362964,0
deserialize,886,0
mult,360058,0
deserialize,912,0
mult,364493,0
deserialize,857,0
mult,362148,0
deserialize,958,0
mult,366852,0
deserialize,897,0
mult,368489,0
deserialize,909,0
mult,359933,0
deserialize,854,0
mult,366438,0
deserialize,994,0
mult,361637,0
deserialize,875,0
mult,367702,0
deserialize,1051,0
mult,357172,0
deserialize,997,0
mult,363354,0
deserialize,1316,0
mult,358669,0
deserialize,890,0
mult,359871,0
deserialize,974,0
mult,358977,0
deserialize,872,0
mult,358535,0
deserialize,1183,0
mult,360002,0
deserialize,897,0
mult,359801,0
deserialize,885,0
mult,357675,0
deserialize,846,0
mult,357974,0
deserialize,912,0
mult,363877,0
deserialize,1003,0
mult,356903,0
deserialize,938,0
mult,357995,0
deserialize,890,0
mult,358540,0
deserialize,910,0
mult,362698,0
deserialize,857,0
mult,361578,0
deserialize,960,0
mult,359968,0
deserialize,838,0
mult,365497,0
deserialize,910,0
mult,360034,0
deserialize,845,0
mult,367162,0
deserialize,910,0
mult,366398,0
deserialize,940,0
mult,366094,0
deserialize,1076,0
mult,366111,0
deserialize,994,0
mult,362584,0
deserialize,918,0
mult,362734,0
deserialize,913,0
mult,358836,0
deserialize,976,0
mult,362978,0
deserialize,1257,0
mult,359871,0
deserialize,875,0
mult,361263,0
deserialize,1250,0
mult,358045,0
deserialize,1236,0
mult,358260,0
deserialize,940,0
mult,359931,0
deserialize,878,0
mult,365202,0
deserialize,1060,0
mult,358011,0
deserialize,1073,0
mult,357757,0
deserialize,940,0
mult,357991,0
deserialize,864,0
mult,357500,0
deserialize,974,0
mult,357758,0
deserialize,960,0
mult,357611,0
deserialize,1164,0
mult,361875,0
deserialize,885,0
mult,360903,0
deserialize,891,0
mult,359425,0
deserialize,929,0
mult,365761,0
deserialize,904,0
mult,365356,0
deserialize,1049,0
mult,365396,0
deserialize,947,0
mult,365202,0
deserialize,982,0
mult,361599,0
deserialize,904,0
mult,366787,0
deserialize,889,0
mult,362626,0
deserialize,1097,0
mult,365938,0
deserialize,989,0
mult,357950,0
deserialize,885,0
mult,361588,0
deserialize,1123,0
mult,358893,0
deserialize,863,0
mult,361132,0
deserialize,879,0
mult,363676,0
deserialize,989,0
mult,357025,0
deserialize,1008,0
mult,360067,0
deserialize,865,0
mult,358705,0
deserialize,1177,0
mult,359146,0
deserialize,874,0
mult,358026,0
deserialize,936,0
mult,357527,0
deserialize,862,0
mult,357637,0
deserialize,956,0
mult,357952,0
deserialize,851,0
mult,357575,0
deserialize,894,0
mult,361623,0
deserialize,891,0
mult,365975,0
deserialize,1142,0
mult,359263,0
deserialize,909,0
mult,365010,0
deserialize,974,0
mult,359194,0
deserialize,880,0
mult,364359,0
deserialize,1049,0
mult,365461,0
deserialize,963,0
mult,363161,0
deserialize,1045,0
mult,366244,0
deserialize,915,0
mult,362394,0
deserialize,1035,0
mult,366161,0
deserialize,873,0
mult,357906,0
deserialize,941,0
mult,378306,0
deserialize,1070,0
mult,358997,0
deserialize,1046,0
mult,361977,0
deserialize,849,0
mult,357597,0
deserialize,903,0
mult,358061,0
deserialize,877,0
mult,361108,0
deserialize,893,0
mult,358150,0
deserialize,1021,0
mult,358433,0
deserialize,935,0
mult,359542,0
deserialize,872,0
mult,357075,0
deserialize,902,0
mult,357340,0
deserialize,859,0
mult,363615,0
deserialize,1127,0
mult,356820,0
deserialize,962,0
mult,360468,0
deserialize,1006,0
mult,359589,0
deserialize,887,0
mult,361069,0
deserialize,893,0
mult,365165,0
deserialize,879,0
mult,359081,0
deserialize,977,0
mult,364783,0
deserialize,863,0
mult,364509,0
deserialize,922,0
mult,363879,0
deserialize,923,0
mult,366197,0
deserialize,900,0
mult,367248,0
deserialize,1068,0
mult,366521,0
deserialize,1113,0
mult,358370,0
deserialize,976,0
mult,359502,0
deserialize,976,0
mult,358550,0
deserialize,987,0
mult,363043,0
deserialize,940,0
mult,357271,0
deserialize,975,0
mult,358079,0
deserialize,921,0
mult,361388,0
deserialize,910,0
mult,357675,0
deserialize,874,0
mult,358546,0
deserialize,886,0
mult,365326,0
deserialize,1111,0
mult,356856,0
deserialize,965,0
mult,357115,0
deserialize,936,0
mult,356865,0
deserialize,869,0
mult,357454,0
deserialize,915,0
mult,359423,0
deserialize,894,0
mult,358051,0
deserialize,917,0
mult,362799,0
deserialize,884,0
mult,364112,0
deserialize,1076,0
mult,359746,0
deserialize,906,0
mult,363574,0
deserialize,956,0
mult,369594,0
deserialize,1105,0
mult,363886,0
deserialize,1133,0
mult,365718,0
deserialize,1142,0
mult,360535,0
deserialize,905,0
mult,367071,0
deserialize,880,0
mult,359288,0
deserialize,1109,0
mult,358742,0
deserialize,850,0
mult,358240,0
deserialize,955,0
mult,363097,0
deserialize,956,0
mult,358246,0
deserialize,904,0
mult,358088,0
deserialize,859,0
mult,366043,0
deserialize,1090,0
mult,358201,0
deserialize,963,0
mult,357884,0
deserialize,1047,0
mult,359126,0
deserialize,925,0
mult,357351,0
deserialize,997,0
mult,356989,0
deserialize,897,0
mult,356497,0
deserialize,1006,0
mult,357240,0
deserialize,860,0
mult,357297,0
deserialize,970,0
mult,357814,0
deserialize,892,0
mult,362083,0
deserialize,906,0
mult,363598,0
deserialize,858,0
mult,365054,0
deserialize,1053,0
mult,364748,0
deserialize,897,0
mult,360970,0
deserialize,892,0
mult,366283,0
deserialize,884,0
mult,365385,0
deserialize,1017,0
mult,359124,0
deserialize,887,0
mult,366970,0
deserialize,899,0
mult,359949,0
deserialize,873,0
mult,360314,0
deserialize,1009,0
mult,357825,0
deserialize,866,0
mult,369014,0
deserialize,1098,0
mult,358814,0
deserialize,1150,0
mult,357983,0
deserialize,888,0
mult,359345,0
deserialize,848,0
mult,357654,0
deserialize,891,0
mult,358137,0
deserialize,872,0
mult,359000,0
deserialize,856,0
mult,357539,0
deserialize,877,0
mult,357004,0
deserialize,885,0
mult,356650,0
deserialize,854,0
mult,356551,0
deserialize,874,0
mult,357567,0
deserialize,926,0
mult,363524,0
deserialize,1040,0
mult,362623,0
deserialize,956,0
mult,362174,0
deserialize,1006,0
mult,359465,0
deserialize,1456,0
mult,364091,0
deserialize,1178,0
mult,360878,0
deserialize,935,0
mult,366152,0
deserialize,934,0
mult,367039,0
deserialize,932,0
mult,360324,0
deserialize,926,0
mult,367048,0
deserialize,895,0
mult,360420,0
deserialize,870,0
mult,366664,0
deserialize,1020,0
mult,356740,0
deserialize,1240,0
mult,362848,0
deserialize,865,0
mult,358386,0
deserialize,1389,0
mult,359636,0
deserialize,905,0
mult,358601,0
deserialize,830,0
mult,357747,0
deserialize,861,0
mult,358199,0
deserialize,966,0
mult,358345,0
deserialize,964,0
mult,357633,0
deserialize,885,0
mult,356650,0
deserialize,863,0
mult,362462,0
deserialize,1047,0
mult,356302,0
deserialize,948,0
mult,357192,0
deserialize,921,0
mult,358258,0
deserialize,881,0
mult,362438,0
deserialize,908,0
mult,360957,0
deserialize,889,0
mult,359260,0
deserialize,907,0
mult,364317,0
deserialize,874,0
mult,359160,0
deserialize,1207,0
mult,365084,0
deserialize,1120,0
mult,366909,0
deserialize,992,0
mult,365104,0
deserialize,993,0
mult,366438,0
deserialize,1015,0
mult,361105,0
deserialize,1085,0
mult,362745,0
deserialize,1003,0
mult,357118,0
deserialize,875,0
mult,361725,0
deserialize,940,0
mult,358842,0
deserialize,853,0
mult,359946,0
deserialize,945,0
mult,357179,0
deserialize,860,0
mult,357358,0
deserialize,893,0
mult,359104,0
deserialize,901,0
mult,365018,0
deserialize,1098,0
mult,357618,0
deserialize,906,0
mult,356411,0
deserialize,928,0
mult,355849,0
deserialize,864,0
mult,356716,0
deserialize,998,0
mult,356882,0
deserialize,901,0
mult,357038,0
deserialize,966,0
mult,360828,0
deserialize,882,0
mult,359331,0
deserialize,1063,0
mult,359214,0
deserialize,887,0
mult,364884,0
deserialize,941,0
mult,364081,0
deserialize,1000,0
mult,364681,0
deserialize,1040,0
mult,364998,0
deserialize,885,0
mult,360248,0
deserialize,1042,0
mult,366031,0
deserialize,1043,0
mult,361155,0
deserialize,894,0
mult,365036,0
deserialize,878,0
mult,357261,0
deserialize,883,0
mult,361397,0
deserialize,832,0
mult,358688,0
deserialize,888,0
mult,361037,0
deserialize,920,0
mult,363091,0
deserialize,1035,0
mult,358215,0
deserialize,956,0
mult,359729,0
deserialize,1322,0
mult,358285,0
deserialize,953,0
mult,357506,0
deserialize,883,0
mult,357936,0
deserialize,941,0
mult,356135,0
deserialize,893,0
mult,355793,0
deserialize,1166,0
mult,357070,0
deserialize,889,0
mult,357024,0
deserialize,877,0
mult,360408,0
deserialize,897,0
mult,363989,0
deserialize,1017,0
mult,359228,0
deserialize,905,0
mult,364863,0
deserialize,943,0
mult,358427,0
deserialize,920,0
mult,364529,0
deserialize,914,0
mult,365375,0
deserialize,1030,0
mult,362033,0
deserialize,914,0
mult,365309,0
deserialize,940,0
mult,360610,0
deserialize,946,0
mult,365565,0
deserialize,892,0
mult,357629,0
deserialize,889,0
mult,366421,0
deserialize,1496,0
mult,359181,0
deserialize,898,0
mult,362784,0
deserialize,966,0
mult,356697,0
deserialize,866,0
mult,357171,0
deserialize,978,0
mult,360774,0
deserialize,872,0
mult,357806,0
deserialize,954,0
mult,358202,0
deserialize,879,0
mult,358341,0
deserialize,915,0
mult,356476,0
deserialize,903,0
mult,356696,0
deserialize,911,0
mult,363260,0
deserialize,1000,0
mult,357127,0
deserialize,1059,0
mult,359803,0
deserialize,869,0
mult,358296,0
deserialize,984,0
mult,360138,0
deserialize,893,0
mult,364817,0
deserialize,969,0
mult,357942,0
deserialize,870,0
mult,363548,0
deserialize,1234,0
mult,363741,0
deserialize,1141,0
mult,362956,0
deserialize,1061,0
mult,365276,0
deserialize,855,0
mult,365701,0
deserialize,1001,0
mult,365669,0
deserialize,1116,0
mult,357947,0
deserialize,903,0
mult,358133,0
deserialize,854,0
mult,358470,0
deserialize,901,0
mult,361711,0
deserialize,1054,0
mult,357223,0
deserialize,1189,0
mult,356996,0
deserialize,1011,0
mult,361021,0
deserialize,890,0
mult,358125,0
deserialize,872,0
mult,357904,0
deserialize,913,0
mult,365117,0
deserialize,968,0
mult,357310,0
deserialize,993,0
mult,356582,0
deserialize,848,0
mult,357544,0
deserialize,981,0
mult,357059,0
deserialize,869,0
mult,358988,0
deserialize,913,0
mult,358455,0
deserialize,884,0
mult,362484,0
deserialize,987,0
mult,363991,0
deserialize,882,0
mult,359284,0
deserialize,897,0
mult,363234,0
deserialize,874,0
mult,369296,0
deserialize,1076,0
mult,365344,0
deserialize,1024,0
mult,365534,0
deserialize,910,0
mult,360146,0
deserialize,942,0
mult,366728,0
deserialize,984,0
mult,359384,0
deserialize,895,0
mult,358297,0
deserialize,887,0
mult,358118,0
deserialize,954,0
mult,362731,0
deserialize,1142,0
mult,358129,0
deserialize,933,0
mult,358532,0
deserialize,887,0
mult,365151,0
deserialize,1059,0
mult,358178,0
deserialize,1001,0
mult,358375,0
deserialize,879,0
mult,358818,0
deserialize,1093,0
mult,356734,0
deserialize,877,0
mult,356702,0
deserialize,1003,0
mult,356695,0
deserialize,908,0
mult,356635,0
deserialize,875,0
mult,357661,0
deserialize,895,0
mult,358094,0
deserialize,993,0
mult,361845,0
deserialize,877,0
mult,369136,0
deserialize,948,0
mult,358801,0
deserialize,920,0
mult,364452,0
deserialize,996,0
mult,361784,0
deserialize,913,0
mult,365838,0
deserialize,936,0
mult,365733,0
deserialize,890,0
mult,359890,0
deserialize,951,0
mult,367799,0
deserialize,884,0
mult,360102,0
deserialize,973,0
mult,359001,0
deserialize,884,0
mult,357183,0
deserialize,898,0
mult,371616,0
deserialize,1004,0
mult,357687,0
deserialize,1137,0
mult,358105,0
deserialize,908,0
mult,358854,0
deserialize,1067,0
mult,358704,0
deserialize,880,0
mult,358189,0
deserialize,1007,0
mult,359300,0
deserialize,1072,0
mult,357291,0
deserialize,1034,0
mult,356573,0
deserialize,888,0
mult,356628,0
deserialize,991,0
mult,356534,0
deserialize,872,0
mult,363470,0
deserialize,1037,0
mult,357515,0
deserialize,942,0
mult,361977,0
deserialize,979,0
mult,362246,0
deserialize,884,0
mult,359843,0
deserialize,1012,0
mult,364124,0
deserialize,881,0
mult,360871,0
deserialize,943,0
mult,365167,0
deserialize,943,0
mult,366453,0
deserialize,996,0
mult,359986,0
deserialize,865,0
mult,365907,0
gemm,9.29616e+08,0
wait_all,7.24627e+08,0
deserialize,3056,0
mult,369614,0
deserialize,1150,0
mult,366349,0
deserialize,966,0
mult,360921,0
deserialize,957,0
mult,366870,0
deserialize,875,0
mult,359358,0
deserialize,873,0
mult,365147,0
deserialize,1083,0
mult,356927,0
deserialize,898,0
mult,357235,0
deserialize,1038,0
mult,357117,0
deserialize,882,0
mult,358338,0
deserialize,890,0
mult,357524,0
deserialize,924,0
mult,357894,0
deserialize,834,0
mult,358629,0
deserialize,884,0
mult,360615,0
deserialize,815,0
mult,358449,0
deserialize,855,0
mult,362711,0
deserialize,886,0
mult,367214,0
deserialize,1075,0
mult,360437,0
deserialize,918,0
mult,358932,0
deserialize,877,0
mult,358422,0
deserialize,883,0
mult,363349,0
deserialize,859,0
mult,364922,0
deserialize,849,0
mult,359311,0
deserialize,864,0
mult,365394,0
deserialize,918,0
mult,363195,0
deserialize,869,0
mult,366051,0
deserialize,853,0
mult,367071,0
deserialize,895,0
mult,367371,0
deserialize,1052,0
mult,367280,0
deserialize,1005,0
mult,360451,0
deserialize,920,0
mult,359279,0
deserialize,950,0
mult,357817,0
deserialize,973,0
mult,357793,0
deserialize,878,0
mult,358517,0
deserialize,989,0
mult,357842,0
deserialize,892,0
mult,357368,0
deserialize,922,0
mult,357965,0
deserialize,864,0
mult,358763,0
deserialize,819,0
mult,365904,0
deserialize,1069,0
mult,357930,0
deserialize,1324,0
mult,361942,0
deserialize,851,0
mult,360406,0
deserialize,1024,0
mult,361069,0
deserialize,853,0
mult,358378,0
deserialize,884,0
mult,358711,0
deserialize,863,0
mult,363190,0
deserialize,914,0
mult,363025,0
deserialize,836,0
mult,360586,0
deserialize,870,0
mult,365623,0
deserialize,922,0
mult,371054,0
deserialize,1040,0
mult,364387,0
deserialize,1031,0
mult,366264,0
deserialize,887,0
mult,361065,0
deserialize,877,0
mult,366697,0
deserialize,853,0
mult,362631,0
deserialize,1064,0
mult,362307,0
deserialize,873,0
mult,358421,0
deserialize,897,0
mult,360030,0
deserialize,1010,0
mult,1.69037e+06,0
deserialize,945,0
mult,1.79203e+06,0
deserialize,850,0
mult,1.63049e+06,0
deserialize,1212,0
mult,1.28834e+06,0
deserialize,1089,0
mult,359350,0
deserialize,971,0
mult,360647,0
deserialize,891,0
mult,358788,0
deserialize,988,0
mult,358958,0
deserialize,1157,0
mult,360280,0
deserialize,854,0
mult,358513,0
deserialize,887,0
mult,363106,0
deserialize,946,0
mult,365719,0
deserialize,992,0
mult,357851,0
deserialize,907,0
mult,359946,0
deserialize,1010,0
mult,358636,0
deserialize,1104,0
mult,360448,0
deserialize,880,0
mult,365010,0
deserialize,898,0
mult,358569,0
deserialize,914,0
mult,364147,0
deserialize,900,0
mult,363674,0
deserialize,947,0
mult,363144,0
deserialize,900,0
mult,365754,0
deserialize,1153,0
mult,367486,0
deserialize,1051,0
mult,366701,0
deserialize,910,0
mult,358182,0
deserialize,907,0
mult,358278,0
deserialize,861,0
mult,357271,0
deserialize,980,0
mult,357270,0
deserialize,968,0
mult,357140,0
deserialize,885,0
mult,357383,0
deserialize,1071,0
mult,357212,0
deserialize,1348,0
mult,357725,0
deserialize,923,0
mult,358517,0
deserialize,926,0
mult,365971,0
deserialize,985,0
mult,357742,0
deserialize,1046,0
mult,363201,0
deserialize,865,0
mult,358720,0
deserialize,947,0
mult,358682,0
deserialize,863,0
mult,359042,0
deserialize,968,0
mult,358704,0
deserialize,1015,0
mult,362434,0
deserialize,938,0
mult,363919,0
deserialize,952,0
mult,359459,0
deserialize,957,0
mult,364484,0
deserialize,851,0
mult,369712,0
deserialize,1146,0
mult,364814,0
deserialize,986,0
mult,365734,0
deserialize,977,0
mult,360279,0
deserialize,843,0
mult,367919,0
deserialize,1133,0
mult,359084,0
deserialize,895,0
mult,359617,0
deserialize,897,0
mult,357467,0
deserialize,913,0
mult,357627,0
deserialize,900,0
mult,357258,0
deserialize,890,0
mult,357691,0
deserialize,896,0
mult,364263,0
deserialize,990,0
mult,356876,0
deserialize,938,0
mult,358324,0
deserialize,885,0
mult,359439,0
deserialize,16327,0
mult,385126,0
deserialize,993,0
mult,401065,0
deserialize,1123,0
mult,393357,0
deserialize,908,0
mult,392967,0
deserialize,926,0
mult,394110,0
deserialize,1020,0
mult,394966,0
deserialize,883,0
mult,400591,0
deserialize,1007,0
mult,394595,0
deserialize,974,0
mult,394331,0
deserialize,1141,0
mult,395288,0
deserialize,983,0
mult,397824,0
deserialize,1168,0
mult,397867,0
deserialize,966,0
mult,405503,0
deserialize,894,0
mult,399147,0
deserialize,938,0
mult,401752,0
deserialize,944,0
mult,409792,0
deserialize,988,0
mult,409070,0
deserialize,1086,0
mult,405247,0
deserialize,925,0
mult,395941,0
deserialize,957,0
mult,395603,0
deserialize,913,0
mult,394411,0
deserialize,884,0
mult,393850,0
deserialize,891,0
mult,393221,0
deserialize,846,0
mult,393632,0
deserialize,887,0
mult,393592,0
deserialize,927,0
mult,393387,0
deserialize,863,0
mult,398118,0
deserialize,1027,0
mult,392174,0
deserialize,979,0
mult,393633,0
deserialize,893,0
mult,393600,0
deserialize,872,0
mult,394627,0
deserialize,857,0
mult,395854,0
deserialize,862,0
mult,395831,0
deserialize,859,0
mult,393452,0
deserialize,866,0
mult,395967,0
deserialize,988,0
mult,396836,0
deserialize,911,0
mult,403418,0
deserialize,1122,0
mult,405480,0
deserialize,932,0
mult,398182,0
deserialize,855,0
mult,399766,0
deserialize,835,0
mult,408995,0
deserialize,1060,0
mult,403949,0
deserialize,986,0
mult,407097,0
deserialize,940,0
mult,397803,0
deserialize,906,0
mult,395378,0
deserialize,960,0
mult,394799,0
deserialize,870,0
mult,399669,0
deserialize,1083,0
mult,393783,0
deserialize,984,0
mult,391976,0
deserialize,1039,0
mult,392870,0
deserialize,913,0
mult,392552,0
deserialize,988,0
mult,393348,0
deserialize,881,0
mult,395071,0
deserialize,884,0
mult,393340,0
deserialize,822,0
mult,394317,0
deserialize,899,0
mult,394259,0
deserialize,846,0
mult,400294,0
deserialize,1192,0
mult,394091,0
deserialize,939,0
mult,393608,0
deserialize,869,0
mult,396130,0
deserialize,904,0
mult,393551,0
deserialize,1080,0
mult,396035,0
deserialize,897,0
mult,404767,0
deserialize,910,0
mult,399370,0
deserialize,944,0
mult,400756,0
deserialize,969,0
mult,408403,0
deserialize,910,0
mult,409777,0
deserialize,1039,0
mult,407301,0
deserialize,974,0
mult,398178,0
deserialize,885,0
mult,396910,0
deserialize,960,0
mult,394421,0
deserialize,1333,0
mult,393083,0
deserialize,907,0
mult,394289,0
deserialize,982,0
mult,393796,0
deserialize,884,0
mult,393720,0
deserialize,888,0
mult,392710,0
deserialize,964,0
mult,397993,0
deserialize,1077,0
mult,391935,0
deserialize,1137,0
mult,392279,0
deserialize,917,0
mult,393021,0
deserialize,966,0
mult,395430,0
deserialize,872,0
mult,393854,0
deserialize,1019,0
mult,395474,0
deserialize,922,0
mult,394480,0
deserialize,870,0
mult,396141,0
deserialize,889,0
mult,393701,0
deserialize,1163,0
mult,394313,0
deserialize,876,0
mult,410496,0
deserialize,1019,0
mult,398463,0
deserialize,1162,0
mult,402306,0
deserialize,918,0
mult,406390,0
deserialize,897,0
mult,403750,0
deserialize,1096,0
mult,410171,0
deserialize,861,0
mult,399667,0
deserialize,920,0
mult,398454,0
deserialize,864,0
mult,394392,0
deserialize,929,0
mult,393617,0
deserialize,6319,0
mult,392905,0
deserialize,1040,0
mult,392941,0
deserialize,981,0
mult,393898,0
deserialize,859,0
mult,392459,0
deserialize,867,0
mult,393603,0
deserialize,850,0
mult,393579,0
deserialize,917,0
mult,393201,0
deserialize,1066,0
mult,392726,0
deserialize,1026,0
mult,394120,0
deserialize,871,0
mult,394701,0
deserialize,952,0
mult,400463,0
deserialize,984,0
mult,394064,0
deserialize,1051,0
mult,395703,0
deserialize,861,0
mult,393880,0
deserialize,1112,0
mult,394877,0
deserialize,857,0
mult,403024,0
deserialize,1016,0
mult,399521,0
deserialize,880,0
mult,403890,0
deserialize,974,0
mult,405321,0
deserialize,837,0
mult,403707,0
deserialize,947,0
mult,416849,0
deserialize,969,0
mult,400128,0
deserialize,940,0
mult,400017,0
deserialize,881,0
mult,394355,0
deserialize,978,0
mult,393994,0
deserialize,900,0
mult,393202,0
deserialize,874,0
mult,392913,0
deserialize,874,0
mult,393138,0
deserialize,870,0
mult,392406,0
deserialize,850,0
mult,393966,0
deserialize,893,0
mult,397880,0
deserialize,980,0
mult,392436,0
deserialize,1399,0
mult,393497,0
deserialize,928,0
mult,393857,0
deserialize,958,0
mult,393498,0
deserialize,865,0
mult,394836,0
deserialize,931,0
mult,394680,0
deserialize,913,0
mult,394916,0
deserialize,858,0
mult,393700,0
deserialize,907,0
mult,395441,0
deserialize,957,0
mult,405815,0
deserialize,1005,0
mult,398293,0
deserialize,907,0
mult,404707,0
deserialize,901,0
mult,403146,0
deserialize,875,0
mult,403220,0
deserialize,960,0
mult,410949,0
deserialize,874,0
mult,401431,0
deserialize,958,0
mult,400587,0
deserialize,880,0
mult,394090,0
deserialize,964,0
mult,393215,0
deserialize,1053,0
mult,399165,0
deserialize,1034,0
mult,393509,0
deserialize,874,0
mult,393067,0
deserialize,935,0
mult,393567,0
deserialize,900,0
mult,392562,0
deserialize,878,0
mult,392551,0
deserialize,861,0
mult,392433,0
deserialize,882,0
mult,393188,0
deserialize,867,0
mult,394171,0
deserialize,883,0
mult,393927,0
deserialize,884,0
mult,401011,0
deserialize,967,0
mult,393930,0
deserialize,919,0
mult,394567,0
deserialize,883,0
mult,394188,0
deserialize,1107,0
mult,394994,0
deserialize,887,0
mult,400337,0
deserialize,1013,0
mult,398444,0
deserialize,932,0
mult,405305,0
deserialize,968,0
mult,401931,0
deserialize,848,0
mult,402062,0
deserialize,1045,0
mult,416723,0
deserialize,976,0
mult,401670,0
deserialize,1020,0
mult,402870,0
deserialize,851,0
mult,395156,0
deserialize,1102,0
mult,393932,0
deserialize,829,0
mult,392769,0
deserialize,896,0
mult,393116,0
deserialize,1088,0
mult,393060,0
deserialize,953,0
mult,392855,0
deserialize,862,0
mult,393373,0
deserialize,970,0
mult,399126,0
deserialize,1202,0
mult,392788,0
deserialize,1060,0
mult,392317,0
deserialize,866,0
mult,392598,0
deserialize,980,0
mult,393257,0
deserialize,883,0
mult,394302,0
deserialize,938,0
mult,394279,0
deserialize,932,0
mult,395021,0
deserialize,898,0
mult,394335,0
deserialize,865,0
mult,394720,0
deserialize,877,0
mult,403730,0
deserialize,959,0
mult,396465,0
deserialize,995,0
mult,405052,0
deserialize,923,0
mult,398969,0
deserialize,870,0
mult,400303,0
deserialize,873,0
mult,409193,0
deserialize,992,0
mult,402982,0
deserialize,851,0
mult,404682,0
deserialize,1003,0
mult,395800,0
deserialize,857,0
mult,393853,0
deserialize,985,0
mult,398977,0
deserialize,1016,0
mult,392696,0
deserialize,881,0
mult,392899,0
deserialize,1115,0
mult,392245,0
deserialize,861,0
mult,392174,0
deserialize,1249,0
mult,392641,0
deserialize,826,0
mult,392731,0
deserialize,876,0
mult,392314,0
deserialize,960,0
mult,393385,0
deserialize,884,0
mult,393312,0
deserialize,1113,0
mult,399606,0
deserialize,992,0
mult,393558,0
deserialize,1035,0
mult,394388,0
deserialize,962,0
mult,394846,0
deserialize,947,0
mult,395029,0
deserialize,960,0
mult,396622,0
deserialize,939,0
mult,395484,0
deserialize,939,0
mult,404216,0
deserialize,918,0
mult,397877,0
deserialize,1034,0
mult,399354,0
deserialize,1003,0
mult,414207,0
deserialize,973,0
mult,403318,0
deserialize,895,0
mult,405952,0
deserialize,914,0
mult,396345,0
deserialize,859,0
mult,394837,0
deserialize,852,0
mult,392866,0
deserialize,884,0
mult,393119,0
deserialize,905,0
mult,392968,0
deserialize,902,0
mult,392601,0
deserialize,866,0
mult,392671,0
deserialize,932,0
mult,398236,0
deserialize,1078,0
mult,392192,0
deserialize,1035,0
mult,392368,0
deserialize,863,0
mult,392894,0
deserialize,891,0
mult,393268,0
deserialize,899,0
mult,394416,0
deserialize,954,0
mult,393219,0
deserialize,1095,0
mult,395719,0
deserialize,1129,0
mult,393587,0
deserialize,850,0
mult,395314,0
deserialize,999,0
mult,400350,0
deserialize,1111,0
mult,394426,0
deserialize,950,0
mult,404292,0
deserialize,946,0
mult,398410,0
deserialize,1080,0
mult,400034,0
deserialize,898,0
mult,406956,0
deserialize,994,0
mult,403420,0
deserialize,871,0
mult,407707,0
deserialize,1057,0
mult,398683,0
deserialize,858,0
mult,395846,0
deserialize,927,0
mult,400565,0
deserialize,982,0
mult,393022,0
deserialize,1012,0
mult,393067,0
deserialize,927,0
mult,392393,0
deserialize,862,0
mult,392471,0
deserialize,870,0
mult,391796,0
deserialize,880,0
mult,392868,0
deserialize,909,0
mult,392449,0
deserialize,981,0
mult,393148,0
deserialize,865,0
mult,392901,0
deserialize,1002,0
mult,511773,0
deserialize,1158,0
mult,394012,0
deserialize,1066,0
mult,393942,0
deserialize,902,0
mult,393360,0
deserialize,1086,0
mult,395705,0
deserialize,1029,0
mult,392538,0
deserialize,879,0
mult,393877,0
deserialize,853,0
mult,403264,0
deserialize,889,0
mult,399093,0
deserialize,888,0
mult,401639,0
deserialize,887,0
mult,411334,0
deserialize,953,0
mult,403483,0
deserialize,1097,0
mult,409116,0
deserialize,842,0
mult,399467,0
deserialize,880,0
mult,397034,0
deserialize,888,0
mult,393939,0
deserialize,1085,0
mult,393635,0
deserialize,931,0
mult,392528,0
deserialize,957,0
mult,392983,0
deserialize,933,0
mult,392683,0
deserialize,870,0
mult,398748,0
deserialize,1055,0
mult,393171,0
deserialize,903,0
mult,392062,0
deserialize,934,0
mult,393111,0
deserialize,890,0
mult,392913,0
deserialize,1000,0
mult,393031,0
deserialize,915,0
mult,393581,0
deserialize,1060,0
mult,394834,0
deserialize,981,0
mult,393071,0
deserialize,833,0
mult,395005,0
deserialize,889,0
mult,398594,0
deserialize,968,0
mult,393627,0
deserialize,978,0
mult,402488,0
deserialize,939,0
mult,398763,0
deserialize,947,0
mult,402900,0
deserialize,872,0
mult,404710,0
deserialize,976,0
mult,403536,0
deserialize,988,0
mult,409513,0
deserialize,969,0
mult,399706,0
deserialize,865,0
mult,399674,0
deserialize,912,0
mult,400586,0
deserialize,1020,0
mult,393059,0
deserialize,1026,0
mult,392298,0
deserialize,876,0
mult,393271,0
deserialize,871,0
mult,392636,0
deserialize,877,0
mult,392632,0
deserialize,918,0
mult,392767,0
deserialize,854,0
mult,392124,0
deserialize,875,0
mult,392847,0
deserialize,848,0
mult,393115,0
deserialize,1027,0
mult,399194,0
deserialize,953,0
mult,393132,0
deserialize,1017,0
mult,394685,0
deserialize,876,0
mult,393185,0
deserialize,973,0
mult,394544,0
deserialize,913,0
mult,393488,0
deserialize,984,0
mult,394408,0
deserialize,1097,0
mult,401273,0
deserialize,986,0
mult,398085,0
deserialize,872,0
mult,404637,0
deserialize,1183,0
mult,408571,0
deserialize,973,0
mult,402396,0
deserialize,924,0
mult,409584,0
deserialize,890,0
mult,401035,0
deserialize,970,0
mult,400822,0
deserialize,859,0
mult,393840,0
deserialize,1251,0
mult,393299,0
deserialize,923,0
mult,392923,0
deserialize,874,0
mult,392987,0
deserialize,867,0
mult,393174,0
deserialize,892,0
mult,398804,0
deserialize,954,0
mult,392537,0
deserialize,980,0
mult,392663,0
deserialize,829,0
mult,392853,0
deserialize,876,0
mult,393290,0
deserialize,1270,0
mult,393367,0
deserialize,900,0
mult,393748,0
deserialize,888,0
mult,395395,0
deserialize,894,0
mult,393604,0
deserialize,882,0
mult,393618,0
deserialize,972,0
mult,398823,0
deserialize,981,0
mult,394005,0
deserialize,919,0
mult,398957,0
deserialize,1058,0
mult,398091,0
deserialize,901,0
mult,404788,0
deserialize,975,0
mult,400887,0
deserialize,836,0
mult,401759,0
deserialize,936,0
mult,409954,0
deserialize,997,0
mult,402047,0
deserialize,902,0
mult,402193,0
deserialize,880,0
mult,400270,0
deserialize,1036,0
mult,392930,0
deserialize,990,0
mult,393050,0
deserialize,988,0
mult,392719,0
deserialize,869,0
mult,392771,0
deserialize,864,0
mult,392507,0
deserialize,914,0
mult,392538,0
deserialize,903,0
mult,392542,0
deserialize,953,0
mult,393014,0
deserialize,876,0
mult,392493,0
deserialize,885,0
mult,398653,0
deserialize,1035,0
mult,393032,0
deserialize,897,0
mult,395156,0
deserialize,876,0
mult,394435,0
deserialize,1020,0
mult,394065,0
deserialize,880,0
mult,393637,0
deserialize,861,0
mult,394396,0
deserialize,912,0
mult,398423,0
deserialize,1005,0
mult,397367,0
deserialize,915,0
mult,404921,0
deserialize,875,0
mult,404334,0
deserialize,992,0
mult,401505,0
deserialize,1114,0
mult,409046,0
deserialize,1007,0
mult,402370,0
deserialize,959,0
mult,404804,0
deserialize,869,0
mult,395928,0
deserialize,876,0
mult,394416,0
deserialize,864,0
mult,393426,0
deserialize,947,0
mult,393202,0
deserialize,874,0
mult,392738,0
deserialize,1043,0
mult,398619,0
deserialize,1007,0
mult,392184,0
deserialize,1055,0
mult,391635,0
deserialize,906,0
mult,392620,0
deserialize,1145,0
mult,392925,0
deserialize,862,0
mult,393478,0
deserialize,977,0
mult,392820,0
deserialize,995,0
mult,393983,0
deserialize,894,0
mult,393441,0
deserialize,887,0
mult,394669,0
deserialize,998,0
mult,399228,0
deserialize,964,0
mult,394811,0
deserialize,1080,0
mult,395843,0
deserialize,894,0
mult,396188,0
deserialize,898,0
mult,404074,0
deserialize,956,0
mult,397131,0
deserialize,1010,0
mult,399214,0
deserialize,909,0
mult,408342,0
gemm,9.05856e+08,0
wait_all,7.0618e+08,0
deserialize,2282,0
mult,409322,0
deserialize,1123,0
mult,400171,0
deserialize,900,0
mult,402293,0
deserialize,977,0
mult,426987,0
deserialize,1030,0
mult,401832,0
deserialize,971,0
mult,402848,0
deserialize,834,0
mult,395477,0
deserialize,926,0
mult,394160,0
deserialize,857,0
mult,393690,0
deserialize,895,0
mult,394004,0
deserialize,1137,0
mult,392959,0
deserialize,936,0
mult,392437,0
deserialize,838,0
mult,394399,0
deserialize,934,0
mult,399097,0
deserialize,977,0
mult,428461,0
deserialize,1000,0
mult,393674,0
deserialize,897,0
mult,395555,0
deserialize,1110,0
mult,394258,0
deserialize,753,0
mult,396158,0
deserialize,886,0
mult,393979,0
deserialize,860,0
mult,394913,0
deserialize,852,0
mult,394413,0
deserialize,890,0
mult,393502,0
deserialize,903,0
mult,405471,0
deserialize,994,0
mult,397399,0
deserialize,1040,0
mult,406029,0
deserialize,911,0
mult,399267,0
deserialize,868,0
mult,400933,0
deserialize,916,0
mult,410626,0
deserialize,1093,0
mult,403723,0
deserialize,1155,0
mult,404438,0
deserialize,1116,0
mult,395867,0
deserialize,1497,0
mult,395312,0
deserialize,1015,0
mult,400745,0
deserialize,1045,0
mult,391976,0
deserialize,1204,0
mult,392271,0
deserialize,928,0
mult,393771,0
deserialize,1012,0
mult,392748,0
deserialize,823,0
mult,392222,0
deserialize,888,0
mult,393495,0
deserialize,863,0
mult,393827,0
deserialize,863,0
mult,394795,0
deserialize,885,0
mult,394058,0
deserialize,889,0
mult,400420,0
deserialize,1041,0
mult,393541,0
deserialize,908,0
mult,394816,0
deserialize,904,0
mult,392811,0
deserialize,887,0
mult,394504,0
deserialize,890,0
mult,396502,0
deserialize,885,0
mult,395750,0
deserialize,879,0
mult,405743,0
deserialize,904,0
mult,398930,0
deserialize,928,0
mult,399707,0
deserialize,925,0
mult,415017,0
deserialize,1046,0
mult,403000,0
deserialize,1006,0
mult,405387,0
deserialize,1062,0
mult,394922,0
deserialize,926,0
mult,392883,0
deserialize,971,0
mult,1.69248e+06,0
deserialize,918,0
mult,1.80077e+06,0
deserialize,967,0
mult,1.61859e+06,0
deserialize,887,0
mult,1.30894e+06,0
deserialize,1123,0
mult,402551,0
deserialize,1006,0
mult,394740,0
deserialize,934,0
mult,393469,0
deserialize,874,0
mult,393000,0
deserialize,969,0
mult,392671,0
deserialize,834,0
mult,394333,0
deserialize,916,0
mult,392476,0
deserialize,950,0
mult,394688,0
deserialize,1074,0
mult,393636,0
deserialize,846,0
mult,401339,0
deserialize,1120,0
mult,393659,0
deserialize,1060,0
mult,394239,0
deserialize,880,0
mult,393068,0
deserialize,950,0
mult,393399,0
deserialize,1112,0
mult,400761,0
deserialize,885,0
mult,399104,0
deserialize,908,0
mult,404798,0
deserialize,1113,0
mult,402398,0
deserialize,913,0
mult,401967,0
deserialize,870,0
mult,416322,0
deserialize,1063,0
mult,400270,0
deserialize,973,0
mult,400559,0
deserialize,893,0
mult,393604,0
deserialize,784,0
mult,392985,0
deserialize,898,0
mult,392976,0
deserialize,1120,0
mult,392457,0
deserialize,1097,0
mult,392146,0
deserialize,1071,0
mult,393164,0
deserialize,906,0
mult,393096,0
deserialize,983,0
mult,397826,0
deserialize,1026,0
mult,393392,0
deserialize,1074,0
mult,392417,0
deserialize,894,0
mult,394315,0
deserialize,966,0
mult,394041,0
deserialize,874,0
mult,395035,0
deserialize,1018,0
mult,394210,0
deserialize,894,0
mult,395160,0
deserialize,928,0
mult,392838,0
deserialize,886,0
mult,393957,0
deserialize,944,0
mult,399800,0
deserialize,873,0
mult,404047,0
deserialize,1070,0
mult,405677,0
deserialize,955,0
mult,400323,0
deserialize,1146,0
mult,400897,0
deserialize,890,0
mult,409709,0
deserialize,898,0
mult,401824,0
deserialize,908,0
mult,402808,0
deserialize,1221,0
mult,395293,0
deserialize,874,0
mult,393147,0
deserialize,856,0
mult,393866,0
deserialize,920,0
mult,399727,0
deserialize,1109,0
mult,391967,0
deserialize,967,0
mult,392797,0
deserialize,883,0
mult,392197,0
deserialize,888,0
mult,392929,0
deserialize,20769,0
mult,395004,0
deserialize,1236,0
mult,378439,0
deserialize,894,0
mult,375923,0
deserialize,914,0
mult,377612,0
deserialize,927,0
mult,371225,0
deserialize,902,0
mult,377838,0
deserialize,983,0
mult,370389,0
deserialize,924,0
mult,369926,0
deserialize,879,0
mult,371780,0
deserialize,958,0
mult,371819,0
deserialize,982,0
mult,372119,0
deserialize,874,0
mult,373888,0
deserialize,950,0
mult,371476,0
deserialize,907,0
mult,372797,0
deserialize,947,0
mult,369576,0
deserialize,902,0
mult,377565,0
deserialize,1080,0
mult,369847,0
deserialize,1049,0
mult,370052,0
deserialize,852,0
mult,369607,0
deserialize,942,0
mult,370160,0
deserialize,1090,0
mult,371246,0
deserialize,901,0
mult,372669,0
deserialize,900,0
mult,372150,0
deserialize,863,0
mult,378202,0
deserialize,896,0
mult,378485,0
deserialize,1310,0
mult,383571,0
deserialize,897,0
mult,382427,0
deserialize,1071,0
mult,376298,0
deserialize,913,0
mult,378396,0
deserialize,1143,0
mult,373341,0
deserialize,878,0
mult,372598,0
deserialize,1123,0
mult,370490,0
deserialize,876,0
mult,371998,0
deserialize,882,0
mult,371281,0
deserialize,869,0
mult,371030,0
deserialize,926,0
mult,371556,0
deserialize,995,0
mult,372680,0
deserialize,1105,0
mult,376983,0
deserialize,1010,0
mult,371841,0
deserialize,896,0
mult,370132,0
deserialize,979,0
mult,371661,0
deserialize,1287,0
mult,370643,0
deserialize,882,0
mult,372245,0
deserialize,943,0
mult,369339,0
deserialize,888,0
mult,370808,0
deserialize,981,0
mult,369597,0
deserialize,862,0
mult,371958,0
deserialize,959,0
mult,376264,0
deserialize,1019,0
mult,387826,0
deserialize,987,0
mult,376774,0
deserialize,896,0
mult,383017,0
deserialize,878,0
mult,377979,0
deserialize,867,0
mult,379218,0
deserialize,1000,0
mult,377326,0
deserialize,889,0
mult,373879,0
deserialize,910,0
mult,374203,0
deserialize,1076,0
mult,371293,0
deserialize,916,0
mult,371953,0
deserialize,882,0
mult,376491,0
deserialize,983,0
mult,369702,0
deserialize,869,0
mult,371756,0
deserialize,925,0
mult,372312,0
deserialize,874,0
mult,370358,0
deserialize,988,0
mult,373191,0
deserialize,876,0
mult,370811,0
deserialize,888,0
mult,370955,0
deserialize,882,0
mult,370377,0
deserialize,946,0
mult,371879,0
deserialize,850,0
mult,370824,0
deserialize,1101,0
mult,376244,0
deserialize,1033,0
mult,369135,0
deserialize,1060,0
mult,371368,0
deserialize,891,0
mult,372829,0
deserialize,993,0
mult,375180,0
deserialize,927,0
mult,375911,0
deserialize,909,0
mult,384581,0
deserialize,1007,0
mult,378902,0
deserialize,910,0
mult,379132,0
deserialize,956,0
mult,376444,0
deserialize,1087,0
mult,380590,0
deserialize,1103,0
mult,375204,0
deserialize,953,0
mult,371048,0
deserialize,940,0
mult,371345,0
deserialize,1381,0
mult,371036,0
deserialize,883,0
mult,370178,0
deserialize,973,0
mult,373118,0
deserialize,893,0
mult,370906,0
deserialize,904,0
mult,370977,0
deserialize,951,0
mult,372873,0
deserialize,1031,0
mult,370130,0
deserialize,865,0
mult,376755,0
deserialize,984,0
mult,370347,0
deserialize,926,0
mult,371891,0
deserialize,954,0
mult,370185,0
deserialize,877,0
mult,370649,0
deserialize,890,0
mult,370294,0
deserialize,860,0
mult,370850,0
deserialize,971,0
mult,370312,0
deserialize,872,0
mult,374653,0
deserialize,972,0
mult,375408,0
deserialize,855,0
mult,383324,0
deserialize,970,0
mult,385069,0
deserialize,983,0
mult,380354,0
deserialize,952,0
mult,375003,0
deserialize,1144,0
mult,373191,0
deserialize,1070,0
mult,376145,0
deserialize,874,0
mult,371697,0
deserialize,920,0
mult,371318,0
deserialize,892,0
mult,370517,0
deserialize,1037,0
mult,369951,0
deserialize,893,0
mult,371893,0
deserialize,993,0
mult,376833,0
deserialize,1288,0
mult,370689,0
deserialize,1061,0
mult,372181,0
deserialize,910,0
mult,370651,0
deserialize,993,0
mult,371497,0
deserialize,913,0
mult,370103,0
deserialize,1164,0
mult,370737,0
deserialize,831,0
mult,369656,0
deserialize,915,0
mult,370450,0
deserialize,863,0
mult,370327,0
deserialize,995,0
mult,370485,0
deserialize,886,0
mult,376403,0
deserialize,1016,0
mult,373097,0
deserialize,955,0
mult,373934,0
deserialize,1003,0
mult,382371,0
deserialize,850,0
mult,379415,0
deserialize,890,0
mult,381077,0
deserialize,843,0
mult,373886,0
deserialize,907,0
mult,372688,0
deserialize,857,0
mult,376510,0
deserialize,972,0
mult,369687,0
deserialize,880,0
mult,372828,0
deserialize,926,0
mult,387644,0
deserialize,995,0
mult,369110,0
deserialize,908,0
mult,371508,0
deserialize,853,0
mult,370637,0
deserialize,1040,0
mult,371319,0
deserialize,933,0
mult,372222,0
deserialize,1144,0
mult,370771,0
deserialize,919,0
mult,370519,0
deserialize,983,0
mult,370198,0
deserialize,974,0
mult,371335,0
deserialize,960,0
mult,375253,0
deserialize,1060,0
mult,369456,0
deserialize,1047,0
mult,369159,0
deserialize,1019,0
mult,369869,0
deserialize,865,0
mult,369946,0
deserialize,900,0
mult,373070,0
deserialize,891,0
mult,373172,0
deserialize,923,0
mult,381712,0
deserialize,858,0
mult,380016,0
deserialize,881,0
mult,381698,0
deserialize,881,0
mult,374138,0
deserialize,874,0
mult,379791,0
deserialize,1120,0
mult,376543,0
deserialize,907,0
mult,370024,0
deserialize,900,0
mult,371822,0
deserialize,908,0
mult,370450,0
deserialize,908,0
mult,369570,0
deserialize,903,0
mult,371303,0
deserialize,920,0
mult,369994,0
deserialize,892,0
mult,370866,0
deserialize,959,0
mult,372384,0
deserialize,917,0
mult,370528,0
deserialize,907,0
mult,376644,0
deserialize,1012,0
mult,369855,0
deserialize,936,0
mult,371217,0
deserialize,875,0
mult,368879,0
deserialize,985,0
mult,370466,0
deserialize,944,0
mult,369929,0
deserialize,938,0
mult,369680,0
deserialize,870,0
mult,369910,0
deserialize,993,0
mult,372155,0
deserialize,965,0
mult,372595,0
deserialize,1183,0
mult,385620,0
deserialize,995,0
mult,378547,0
deserialize,997,0
mult,382214,0
deserialize,841,0
mult,375247,0
deserialize,1220,0
mult,374791,0
deserialize,873,0
mult,377132,0
deserialize,987,0
mult,371237,0
deserialize,884,0
mult,371892,0
deserialize,956,0
mult,369701,0
deserialize,903,0
mult,370115,0
deserialize,906,0
mult,370929,0
deserialize,865,0
mult,377204,0
deserialize,1021,0
mult,370983,0
deserialize,980,0
mult,371895,0
deserialize,901,0
mult,371398,0
deserialize,889,0
mult,371680,0
deserialize,980,0
mult,369497,0
deserialize,890,0
mult,370228,0
deserialize,912,0
mult,369353,0
deserialize,869,0
mult,370415,0
deserialize,1034,0
mult,369372,0
deserialize,900,0
mult,369944,0
deserialize,925,0
mult,374717,0
deserialize,1041,0
mult,371614,0
deserialize,899,0
mult,372275,0
deserialize,896,0
mult,377843,0
deserialize,885,0
mult,377803,0
deserialize,906,0
mult,382442,0
deserialize,860,0
mult,376892,0
deserialize,840,0
mult,376401,0
deserialize,877,0
mult,377061,0
deserialize,990,0
mult,372177,0
deserialize,1093,0
mult,383329,0
deserialize,983,0
mult,369760,0
deserialize,1229,0
mult,369962,0
deserialize,942,0
mult,371364,0
deserialize,980,0
mult,370984,0
deserialize,987,0
mult,371326,0
deserialize,1311,0
mult,371350,0
deserialize,1233,0
mult,370413,0
deserialize,922,0
mult,371657,0
deserialize,1047,0
mult,369865,0
deserialize,905,0
mult,370569,0
deserialize,1152,0
mult,389605,0
deserialize,1102,0
mult,371087,0
deserialize,1178,0
mult,369686,0
deserialize,877,0
mult,369226,0
deserialize,893,0
mult,369045,0
deserialize,892,0
mult,371495,0
deserialize,903,0
mult,370574,0
deserialize,818,0
mult,375965,0
deserialize,864,0
mult,376595,0
deserialize,1000,0
mult,383783,0
deserialize,962,0
mult,377260,0
deserialize,991,0
mult,383326,0
deserialize,1028,0
mult,375814,0
deserialize,938,0
mult,372428,0
deserialize,892,0
mult,373721,0
deserialize,927,0
mult,369827,0
deserialize,885,0
mult,369901,0
deserialize,1052,0
mult,371284,0
deserialize,884,0
mult,370512,0
deserialize,893,0
mult,371567,0
deserialize,873,0
mult,371570,0
deserialize,911,0
mult,375970,0
deserialize,1077,0
mult,371661,0
deserialize,1131,0
mult,369884,0
deserialize,845,0
mult,370890,0
deserialize,998,0
mult,370278,0
deserialize,826,0
mult,371137,0
deserialize,1064,0
mult,369427,0
deserialize,861,0
mult,369491,0
deserialize,955,0
mult,370324,0
deserialize,858,0
mult,371597,0
deserialize,1197,0
mult,371077,0
deserialize,870,0
mult,380800,0
deserialize,1028,0
mult,375821,0
deserialize,900,0
mult,383414,0
deserialize,889,0
mult,377385,0
deserialize,862,0
mult,378011,0
deserialize,869,0
mult,376359,0
deserialize,865,0
mult,372423,0
deserialize,967,0
mult,374554,0
deserialize,877,0
mult,370504,0
deserialize,1006,0
mult,371547,0
deserialize,1026,0
mult,370075,0
deserialize,983,0
mult,375697,0
deserialize,1008,0
mult,370845,0
deserialize,936,0
mult,370897,0
deserialize,884,0
mult,370216,0
deserialize,900,0
mult,371423,0
deserialize,880,0
mult,369378,0
deserialize,875,0
mult,370401,0
deserialize,884,0
mult,369444,0
deserialize,899,0
mult,369946,0
deserialize,925,0
mult,369021,0
deserialize,876,0
mult,375623,0
deserialize,1022,0
mult,369901,0
deserialize,1293,0
mult,371544,0
deserialize,926,0
mult,370237,0
deserialize,976,0
mult,374069,0
deserialize,930,0
mult,375404,0
deserialize,885,0
mult,382927,0
deserialize,950,0
mult,379167,0
deserialize,881,0
mult,379790,0
deserialize,1340,0
mult,374199,0
deserialize,884,0
mult,372745,0
deserialize,973,0
mult,381304,0
deserialize,1048,0
mult,369224,0
deserialize,985,0
mult,371535,0
deserialize,928,0
mult,369695,0
deserialize,824,0
mult,369439,0
deserialize,1124,0
mult,371123,0
deserialize,915,0
mult,370267,0
deserialize,903,0
mult,370671,0
deserialize,881,0
mult,371371,0
deserialize,1413,0
mult,370163,0
deserialize,911,0
mult,370136,0
deserialize,946,0
mult,375480,0
deserialize,1061,0
mult,370765,0
deserialize,906,0
mult,369946,0
deserialize,1009,0
mult,369467,0
deserialize,915,0
mult,369423,0
deserialize,863,0
mult,370175,0
deserialize,874,0
mult,370312,0
deserialize,861,0
mult,373239,0
deserialize,881,0
mult,374442,0
deserialize,885,0
mult,381752,0
deserialize,1170,0
mult,384320,0
deserialize,1096,0
mult,380690,0
deserialize,983,0
mult,373529,0
deserialize,877,0
mult,373167,0
deserialize,976,0
mult,376212,0
deserialize,989,0
mult,369594,0
deserialize,968,0
mult,371868,0
deserialize,873,0
mult,369334,0
deserialize,1226,0
mult,370061,0
deserialize,871,0
mult,370724,0
deserialize,981,0
mult,369648,0
deserialize,917,0
mult,376970,0
deserialize,1117,0
mult,370931,0
deserialize,927,0
mult,369654,0
deserialize,1003,0
mult,370467,0
deserialize,841,0
mult,368968,0
deserialize,891,0
mult,370677,0
deserialize,930,0
mult,368479,0
deserialize,909,0
mult,369586,0
deserialize,862,0
mult,370126,0
deserialize,978,0
mult,369604,0
deserialize,866,0
mult,370089,0
deserialize,1120,0
mult,380864,0
deserialize,1468,0
mult,373107,0
deserialize,977,0
mult,380364,0
deserialize,888,0
mult,379224,0
deserialize,967,0
mult,381488,0
deserialize,1043,0
mult,373634,0
deserialize,906,0
mult,373204,0
deserialize,889,0
mult,377444,0
deserialize,913,0
mult,370169,0
deserialize,918,0
mult,370167,0
deserialize,921,0
mult,375027,0
deserialize,975,0
mult,369574,0
deserialize,1317,0
mult,370398,0
deserialize,875,0
mult,370358,0
deserialize,915,0
mult,371127,0
deserialize,920,0
mult,372108,0
deserialize,991,0
mult,370016,0
deserialize,984,0
mult,371257,0
deserialize,881,0
mult,369712,0
deserialize,910,0
mult,370778,0
deserialize,996,0
mult,370048,0
deserialize,957,0
mult,375444,0
deserialize,1220,0
mult,369656,0
deserialize,970,0
mult,370304,0
deserialize,986,0
mult,369612,0
deserialize,904,0
mult,371754,0
deserialize,931,0
mult,372771,0
deserialize,910,0
mult,379745,0
deserialize,912,0
mult,377855,0
deserialize,876,0
mult,381302,0
deserialize,989,0
mult,374114,0
deserialize,883,0
mult,374266,0
deserialize,1005,0
mult,383597,0
deserialize,1003,0
mult,371228,0
deserialize,890,0
mult,371508,0
deserialize,940,0
mult,369451,0
deserialize,1008,0
mult,369706,0
deserialize,875,0
mult,370126,0
deserialize,918,0
mult,370509,0
deserialize,894,0
mult,370104,0
deserialize,926,0
mult,371861,0
deserialize,906,0
mult,370093,0
deserialize,900,0
mult,370800,0
deserialize,1119,0
mult,375568,0
deserialize,1115,0
mult,370027,0
deserialize,867,0
mult,369219,0
deserialize,883,0
mult,371275,0
deserialize,900,0
mult,370187,0
deserialize,958,0
mult,369599,0
deserialize,864,0
mult,369391,0
deserialize,960,0
mult,372580,0
deserialize,867,0
mult,371650,0
deserialize,1065,0
mult,378110,0
deserialize,884,0
mult,383982,0
deserialize,1117,0
mult,381959,0
deserialize,976,0
mult,375671,0
deserialize,1016,0
mult,375567,0
deserialize,924,0
mult,376511,0
deserialize,990,0
mult,372255,0
deserialize,887,0
mult,371928,0
deserialize,936,0
mult,369968,0
deserialize,1143,0
mult,369467,0
deserialize,945,0
mult,371117,0
deserialize,866,0
mult,370735,0
deserialize,934,0
mult,376798,0
deserialize,979,0
mult,372444,0
deserialize,966,0
mult,369988,0
deserialize,880,0
mult,371387,0
deserialize,993,0
mult,369538,0
deserialize,880,0
mult,371064,0
gemm,9.14209e+08,0
wait_all,7.04085e+08,0
deserialize,2755,0
mult,394731,0
deserialize,1196,0
mult,391468,0
deserialize,910,0
mult,390794,0
deserialize,957,0
mult,392910,0
deserialize,1077,0
mult,390999,0
deserialize,872,0
mult,390324,0
deserialize,847,0
mult,396549,0
deserialize,1035,0
mult,389505,0
deserialize,947,0
mult,389009,0
deserialize,897,0
mult,390268,0
deserialize,1182,0
mult,392427,0
deserialize,942,0
mult,400096,0
deserialize,834,0
mult,398397,0
deserialize,904,0
mult,401097,0
deserialize,880,0
mult,393912,0
deserialize,872,0
mult,393421,0
deserialize,969,0
mult,402419,0
deserialize,1094,0
mult,389938,0
deserialize,877,0
mult,390782,0
deserialize,883,0
mult,390251,0
deserialize,874,0
mult,390540,0
deserialize,847,0
mult,391717,0
deserialize,808,0
mult,390860,0
deserialize,823,0
mult,392356,0
deserialize,934,0
mult,393061,0
deserialize,875,0
mult,392013,0
deserialize,881,0
mult,391329,0
deserialize,823,0
mult,396324,0
deserialize,1021,0
mult,392443,0
deserialize,920,0
mult,390384,0
deserialize,934,0
mult,390486,0
deserialize,880,0
mult,391062,0
deserialize,923,0
mult,389746,0
deserialize,897,0
mult,391761,0
deserialize,895,0
mult,391647,0
deserialize,1139,0
mult,392072,0
deserialize,933,0
mult,397971,0
deserialize,904,0
mult,403573,0
deserialize,947,0
mult,401361,0
deserialize,926,0
mult,394609,0
deserialize,929,0
mult,395384,0
deserialize,988,0
mult,395930,0
deserialize,1075,0
mult,390484,0
deserialize,887,0
mult,391406,0
deserialize,869,0
mult,390375,0
deserialize,1180,0
mult,390677,0
deserialize,864,0
mult,391486,0
deserialize,861,0
mult,396459,0
deserialize,977,0
mult,391717,0
deserialize,1024,0
mult,392063,0
deserialize,858,0
mult,391182,0
deserialize,895,0
mult,392517,0
deserialize,878,0
mult,390735,0
deserialize,883,0
mult,392454,0
deserialize,870,0
mult,390384,0
deserialize,891,0
mult,390428,0
deserialize,867,0
mult,390837,0
deserialize,966,0
mult,401144,0
deserialize,1103,0
mult,1.70204e+06,0
deserialize,1066,0
mult,1.81426e+06,0
deserialize,1402,0
mult,1.65588e+06,0
deserialize,943,0
mult,1.32382e+06,0
deserialize,1051,0
mult,389337,0
deserialize,964,0
mult,389483,0
deserialize,913,0
mult,400993,0
deserialize,964,0
mult,404067,0
deserialize,1140,0
mult,398543,0
deserialize,883,0
mult,393424,0
deserialize,892,0
mult,391741,0
deserialize,940,0
mult,394182,0
deserialize,851,0
mult,389555,0
deserialize,856,0
mult,390723,0
deserialize,1157,0
mult,390213,0
deserialize,867,0
mult,389827,0
deserialize,894,0
mult,392593,0
deserialize,882,0
mult,396371,0
deserialize,1032,0
mult,390655,0
deserialize,974,0
mult,392000,0
deserialize,910,0
mult,390092,0
deserialize,890,0
mult,391148,0
deserialize,903,0
mult,389893,0
deserialize,870,0
mult,392230,0
deserialize,900,0
mult,389717,0
deserialize,1129,0
mult,389528,0
deserialize,917,0
mult,390255,0
deserialize,812,0
mult,395274,0
deserialize,1003,0
mult,389590,0
deserialize,967,0
mult,390635,0
deserialize,1096,0
mult,393026,0
deserialize,985,0
mult,400557,0
deserialize,1101,0
mult,397816,0
deserialize,927,0
mult,399948,0
deserialize,873,0
mult,392717,0
deserialize,946,0
mult,392546,0
deserialize,880,0
mult,394846,0
deserialize,927,0
mult,396248,0
deserialize,1027,0
mult,390759,0
deserialize,1056,0
mult,390016,0
deserialize,902,0
mult,390118,0
deserialize,921,0
mult,390964,0
deserialize,955,0
mult,390540,0
deserialize,1160,0
mult,391769,0
deserialize,867,0
mult,391755,0
deserialize,916,0
mult,391014,0
deserialize,1003,0
mult,391092,0
deserialize,874,0
mult,395973,0
deserialize,993,0
mult,392125,0
deserialize,941,0
mult,389117,0
deserialize,940,0
mult,389303,0
deserialize,913,0
mult,389854,0
deserialize,884,0
mult,389665,0
deserialize,855,0
mult,389913,0
deserialize,913,0
mult,391075,0
deserialize,1273,0
mult,392367,0
deserialize,903,0
mult,399594,0
deserialize,876,0
mult,403703,0
deserialize,1243,0
mult,400253,0
deserialize,18418,0
mult,393000,0
deserialize,1160,0
mult,397374,0
deserialize,880,0
mult,401258,0
deserialize,975,0
mult,397948,0
deserialize,900,0
mult,398918,0
deserialize,902,0
mult,404099,0
deserialize,889,0
mult,402029,0
deserialize,873,0
mult,404844,0
deserialize,890,0
mult,404050,0
deserialize,1121,0
mult,395842,0
deserialize,1005,0
mult,400337,0
deserialize,874,0
mult,399622,0
deserialize,936,0
mult,407905,0
deserialize,904,0
mult,402180,0
deserialize,971,0
mult,403003,0
deserialize,912,0
mult,411916,0
deserialize,976,0
mult,405999,0
deserialize,1001,0
mult,408362,0
deserialize,851,0
mult,405402,0
deserialize,1098,0
mult,396236,0
deserialize,985,0
mult,396152,0
deserialize,900,0
mult,395253,0
deserialize,892,0
mult,395837,0
deserialize,870,0
mult,395758,0
deserialize,867,0
mult,395984,0
deserialize,977,0
mult,395947,0
deserialize,859,0
mult,395429,0
deserialize,865,0
mult,401168,0
deserialize,869,0
mult,403961,0
deserialize,1104,0
mult,398831,0
deserialize,1015,0
mult,402623,0
deserialize,881,0
mult,401894,0
deserialize,902,0
mult,405036,0
deserialize,900,0
mult,398867,0
deserialize,1137,0
mult,398211,0
deserialize,917,0
mult,398995,0
deserialize,909,0
mult,399883,0
deserialize,949,0
mult,408764,0
deserialize,923,0
mult,407102,0
deserialize,1129,0
mult,401911,0
deserialize,965,0
mult,411573,0
deserialize,1096,0
mult,406524,0
deserialize,892,0
mult,409383,0
deserialize,1180,0
mult,401007,0
deserialize,878,0
mult,397617,0
deserialize,980,0
mult,397137,0
deserialize,865,0
mult,396604,0
deserialize,956,0
mult,396423,0
deserialize,891,0
mult,402218,0
deserialize,1150,0
mult,395218,0
deserialize,900,0
mult,394838,0
deserialize,900,0
mult,396815,0
deserialize,864,0
mult,400410,0
deserialize,1160,0
mult,397785,0
deserialize,1082,0
mult,400735,0
deserialize,890,0
mult,404193,0
deserialize,910,0
mult,401080,0
deserialize,910,0
mult,406043,0
deserialize,875,0
mult,405652,0
deserialize,1040,0
mult,397808,0
deserialize,884,0
mult,396956,0
deserialize,923,0
mult,398787,0
deserialize,860,0
mult,407600,0
deserialize,903,0
mult,400587,0
deserialize,871,0
mult,403827,0
deserialize,1009,0
mult,410443,0
deserialize,916,0
mult,406137,0
deserialize,906,0
mult,410785,0
deserialize,882,0
mult,407578,0
deserialize,1062,0
mult,399432,0
deserialize,994,0
mult,397050,0
deserialize,910,0
mult,396249,0
deserialize,884,0
mult,396450,0
deserialize,919,0
mult,396160,0
deserialize,900,0
mult,395622,0
deserialize,970,0
mult,396759,0
deserialize,944,0
mult,395770,0
deserialize,952,0
mult,399643,0
deserialize,932,0
mult,402521,0
deserialize,989,0
mult,400884,0
deserialize,985,0
mult,401636,0
deserialize,883,0
mult,401467,0
deserialize,946,0
mult,406983,0
deserialize,898,0
mult,400911,0
deserialize,885,0
mult,400801,0
deserialize,1003,0
mult,395989,0
deserialize,1097,0
mult,396534,0
deserialize,908,0
mult,406712,0
deserialize,886,0
mult,407511,0
deserialize,1072,0
mult,404767,0
deserialize,907,0
mult,408740,0
deserialize,888,0
mult,406158,0
deserialize,885,0
mult,413297,0
deserialize,1140,0
mult,402794,0
deserialize,900,0
mult,400701,0
deserialize,895,0
mult,396974,0
deserialize,923,0
mult,395956,0
deserialize,880,0
mult,396504,0
deserialize,842,0
mult,401704,0
deserialize,1156,0
mult,395127,0
deserialize,927,0
mult,395035,0
deserialize,880,0
mult,395793,0
deserialize,876,0
mult,398882,0
deserialize,953,0
mult,395973,0
deserialize,836,0
mult,401601,0
deserialize,1001,0
mult,399905,0
deserialize,857,0
mult,399788,0
deserialize,905,0
mult,406579,0
deserialize,922,0
mult,409198,0
deserialize,1163,0
mult,400488,0
deserialize,885,0
mult,396193,0
deserialize,965,0
mult,395863,0
deserialize,871,0
mult,405620,0
deserialize,963,0
mult,401050,0
deserialize,1040,0
mult,406814,0
deserialize,978,0
mult,407897,0
deserialize,930,0
mult,406474,0
deserialize,980,0
mult,412801,0
deserialize,840,0
mult,409597,0
deserialize,1061,0
mult,401189,0
deserialize,897,0
mult,396442,0
deserialize,998,0
mult,396298,0
deserialize,873,0
mult,395957,0
deserialize,934,0
mult,395715,0
deserialize,864,0
mult,396131,0
deserialize,887,0
mult,395571,0
deserialize,869,0
mult,395339,0
deserialize,893,0
mult,396583,0
deserialize,859,0
mult,401476,0
deserialize,1036,0
mult,401110,0
deserialize,897,0
mult,398633,0
deserialize,1187,0
mult,399296,0
deserialize,881,0
mult,405515,0
deserialize,1080,0
mult,401693,0
deserialize,870,0
mult,402314,0
deserialize,878,0
mult,396757,0
deserialize,926,0
mult,395101,0
deserialize,1193,0
mult,404144,0
deserialize,960,0
mult,406217,0
deserialize,1026,0
mult,406563,0
deserialize,950,0
mult,406007,0
deserialize,1347,0
mult,405426,0
deserialize,955,0
mult,412904,0
deserialize,891,0
mult,403975,0
deserialize,951,0
mult,403908,0
deserialize,900,0
mult,397583,0
deserialize,953,0
mult,396346,0
deserialize,878,0
mult,401214,0
deserialize,1027,0
mult,395408,0
deserialize,1079,0
mult,394918,0
deserialize,1123,0
mult,395017,0
deserialize,870,0
mult,395246,0
deserialize,861,0
mult,395950,0
deserialize,899,0
mult,396265,0
deserialize,854,0
mult,401506,0
deserialize,888,0
mult,397169,0
deserialize,852,0
mult,398883,0
deserialize,887,0
mult,413130,0
deserialize,1008,0
mult,400159,0
deserialize,959,0
mult,402450,0
deserialize,876,0
mult,396355,0
deserialize,1019,0
mult,395786,0
deserialize,943,0
mult,401888,0
deserialize,984,0
mult,400887,0
deserialize,876,0
mult,408130,0
deserialize,1177,0
mult,403258,0
deserialize,1082,0
mult,404086,0
deserialize,897,0
mult,517886,0
deserialize,1065,0
mult,404734,0
deserialize,1127,0
mult,405006,0
deserialize,841,0
mult,397441,0
deserialize,1002,0
mult,396536,0
deserialize,935,0
mult,395812,0
deserialize,940,0
mult,395916,0
deserialize,865,0
mult,394602,0
deserialize,960,0
mult,395120,0
deserialize,857,0
mult,395897,0
deserialize,967,0
mult,401322,0
deserialize,1020,0
mult,395935,0
deserialize,979,0
mult,400641,0
deserialize,874,0
mult,396410,0
deserialize,966,0
mult,398359,0
deserialize,1110,0
mult,403970,0
deserialize,1037,0
mult,400880,0
deserialize,906,0
mult,404301,0
deserialize,911,0
mult,397267,0
deserialize,893,0
mult,396751,0
deserialize,871,0
mult,406019,0
deserialize,1288,0
mult,398938,0
deserialize,995,0
mult,407458,0
deserialize,842,0
mult,400714,0
deserialize,931,0
mult,402449,0
deserialize,860,0
mult,411466,0
deserialize,901,0
mult,405569,0
deserialize,824,0
mult,406400,0
deserialize,994,0
mult,398562,0
deserialize,1038,0
mult,396630,0
deserialize,1056,0
mult,402081,0
deserialize,1036,0
mult,395277,0
deserialize,870,0
mult,394774,0
deserialize,894,0
mult,394389,0
deserialize,873,0
mult,394672,0
deserialize,865,0
mult,395326,0
deserialize,860,0
mult,395157,0
deserialize,924,0
mult,400325,0
deserialize,858,0
mult,396743,0
deserialize,861,0
mult,399377,0
deserialize,883,0
mult,408899,0
deserialize,1036,0
mult,400877,0
deserialize,1377,0
mult,405073,0
deserialize,954,0
mult,397958,0
deserialize,934,0
mult,397194,0
deserialize,956,0
mult,398604,0
deserialize,870,0
mult,398930,0
deserialize,916,0
mult,407507,0
deserialize,961,0
mult,400187,0
deserialize,935,0
mult,400950,0
deserialize,903,0
mult,417150,0
deserialize,980,0
mult,405904,0
deserialize,944,0
mult,407789,0
deserialize,873,0
mult,399127,0
deserialize,878,0
mult,397886,0
deserialize,850,0
mult,395678,0
deserialize,887,0
mult,395481,0
deserialize,964,0
mult,395224,0
deserialize,811,0
mult,394994,0
deserialize,853,0
mult,394814,0
deserialize,983,0
mult,399860,0
deserialize,1087,0
mult,395167,0
deserialize,988,0
mult,399498,0
deserialize,910,0
mult,397004,0
deserialize,893,0
mult,400296,0
deserialize,896,0
mult,401351,0
deserialize,1400,0
mult,400237,0
deserialize,903,0
mult,405929,0
deserialize,907,0
mult,399588,0
deserialize,871,0
mult,397873,0
deserialize,904,0
mult,402909,0
deserialize,1000,0
mult,397001,0
deserialize,1035,0
mult,407094,0
deserialize,864,0
mult,400483,0
deserialize,996,0
mult,402567,0
deserialize,874,0
mult,409357,0
deserialize,967,0
mult,406513,0
deserialize,826,0
mult,410177,0
deserialize,1014,0
mult,400331,0
deserialize,877,0
mult,398491,0
deserialize,957,0
mult,402022,0
deserialize,976,0
mult,395574,0
deserialize,1040,0
mult,395029,0
deserialize,901,0
mult,394429,0
deserialize,1073,0
mult,394506,0
deserialize,860,0
mult,395099,0
deserialize,887,0
mult,395021,0
deserialize,884,0
mult,398587,0
deserialize,905,0
mult,396167,0
deserialize,880,0
mult,400618,0
deserialize,968,0
mult,406850,0
deserialize,934,0
mult,399860,0
deserialize,1022,0
mult,405491,0
deserialize,887,0
mult,399459,0
deserialize,971,0
mult,399007,0
deserialize,901,0
mult,395254,0
deserialize,1062,0
mult,396232,0
deserialize,979,0
mult,405951,0
deserialize,907,0
mult,400928,0
deserialize,1110,0
mult,404262,0
deserialize,996,0
mult,413467,0
deserialize,956,0
mult,406649,0
deserialize,1050,0
mult,411632,0
deserialize,909,0
mult,401852,0
deserialize,911,0
mult,400568,0
deserialize,861,0
mult,396671,0
deserialize,912,0
mult,395789,0
deserialize,927,0
mult,395489,0
deserialize,986,0
mult,394963,0
deserialize,927,0
mult,395404,0
deserialize,879,0
mult,400811,0
deserialize,1284,0
mult,395122,0
deserialize,926,0
mult,398141,0
deserialize,1013,0
mult,396157,0
deserialize,874,0
mult,400962,0
deserialize,988,0
mult,400065,0
deserialize,1005,0
mult,399974,0
deserialize,864,0
mult,405817,0
deserialize,1048,0
mult,400311,0
deserialize,860,0
mult,405928,0
deserialize,995,0
mult,395930,0
deserialize,975,0
mult,395091,0
deserialize,960,0
mult,404827,0
deserialize,888,0
mult,401265,0
deserialize,950,0
mult,405220,0
deserialize,889,0
mult,406974,0
deserialize,983,0
mult,405923,0
deserialize,1086,0
mult,411821,0
deserialize,920,0
mult,403057,0
deserialize,886,0
mult,407443,0
deserialize,1142,0
mult,396722,0
deserialize,965,0
mult,395160,0
deserialize,898,0
mult,394898,0
deserialize,870,0
mult,394851,0
deserialize,1135,0
mult,394696,0
deserialize,857,0
mult,395840,0
deserialize,951,0
mult,394801,0
deserialize,854,0
mult,396795,0
deserialize,890,0
mult,396069,0
deserialize,879,0
mult,406756,0
deserialize,1099,0
mult,397622,0
deserialize,996,0
mult,398434,0
deserialize,978,0
mult,404964,0
deserialize,874,0
mult,400754,0
deserialize,986,0
mult,402131,0
deserialize,1063,0
mult,395424,0
deserialize,1055,0
mult,395431,0
deserialize,924,0
mult,403401,0
deserialize,971,0
mult,400853,0
deserialize,839,0
mult,413154,0
deserialize,1166,0
mult,404356,0
deserialize,891,0
mult,404627,0
deserialize,943,0
mult,411921,0
deserialize,883,0
mult,403559,0
deserialize,889,0
mult,402789,0
deserialize,859,0
mult,396771,0
deserialize,976,0
mult,396068,0
deserialize,842,0
mult,394837,0
deserialize,868,0
mult,394981,0
deserialize,1119,0
mult,409724,0
deserialize,1069,0
mult,395050,0
deserialize,865,0
mult,395041,0
deserialize,914,0
mult,395892,0
deserialize,841,0
mult,395044,0
deserialize,873,0
mult,401211,0
deserialize,870,0
mult,397806,0
deserialize,996,0
mult,398419,0
deserialize,887,0
mult,404452,0
deserialize,907,0
mult,401127,0
deserialize,1027,0
mult,408747,0
deserialize,1117,0
mult,396308,0
deserialize,993,0
mult,395651,0
deserialize,908,0
mult,401612,0
deserialize,862,0
mult,400047,0
deserialize,898,0
mult,407082,0
deserialize,998,0
mult,402330,0
deserialize,888,0
mult,403641,0
deserialize,937,0
mult,412262,0
deserialize,1095,0
mult,404163,0
deserialize,987,0
mult,409740,0
deserialize,1056,0
mult,397234,0
deserialize,972,0
mult,396014,0
deserialize,1036,0
mult,395156,0
deserialize,937,0
mult,394824,0
deserialize,897,0
mult,394720,0
deserialize,879,0
mult,395481,0
deserialize,869,0
mult,394566,0
deserialize,997,0
mult,394881,0
deserialize,979,0
mult,394790,0
deserialize,885,0
mult,406425,0
deserialize,1274,0
mult,396342,0
deserialize,979,0
mult,398090,0
deserialize,873,0
mult,403313,0
deserialize,869,0
mult,401199,0
deserialize,1042,0
mult,405070,0
deserialize,994,0
mult,397064,0
deserialize,1009,0
mult,396724,0
deserialize,905,0
mult,399690,0
deserialize,1007,0
mult,398875,0
deserialize,891,0
mult,413084,0
deserialize,1234,0
mult,400890,0
deserialize,949,0
mult,402604,0
deserialize,935,0
mult,412108,0
deserialize,885,0
mult,405094,0
deserialize,878,0
mult,406939,0
deserialize,1096,0
mult,398120,0
deserialize,911,0
mult,396330,0
deserialize,850,0
mult,396034,0
deserialize,920,0
mult,395439,0
deserialize,869,0
mult,401209,0
deserialize,1172,0
mult,394718,0
deserialize,883,0
mult,394925,0
deserialize,1006,0
mult,394447,0
deserialize,870,0
mult,394798,0
deserialize,1220,0
mult,399855,0
deserialize,845,0
mult,396064,0
deserialize,1009,0
mult,398408,0
deserialize,848,0
mult,402940,0
deserialize,908,0
mult,400858,0
deserialize,887,0
mult,410594,0
deserialize,1228,0
mult,398373,0
deserialize,864,0
mult,396599,0
deserialize,930,0
mult,397697,0
deserialize,885,0
mult,398363,0
deserialize,950,0
mult,407620,0
deserialize,907,0
mult,400013,0
deserialize,1000,0
mult,402254,0
deserialize,896,0
mult,410139,0
gemm,9.29156e+08,0
wait_all,7.20267e+08,0
deserialize,2679,0
mult,408929,0
deserialize,1413,0
mult,406235,0
deserialize,997,0
mult,401702,0
deserialize,1020,0
mult,410240,0
deserialize,1074,0
mult,402998,0
deserialize,917,0
mult,403767,0
deserialize,856,0
mult,395258,0
deserialize,939,0
mult,393893,0
deserialize,835,0
mult,393911,0
deserialize,921,0
mult,393309,0
deserialize,900,0
mult,393082,0
deserialize,916,0
mult,398841,0
deserialize,1009,0
mult,392532,0
deserialize,924,0
mult,392371,0
deserialize,812,0
mult,392878,0
deserialize,1097,0
mult,393534,0
deserialize,866,0
mult,393937,0
deserialize,906,0
mult,393697,0
deserialize,820,0
mult,395167,0
deserialize,1064,0
mult,394216,0
deserialize,890,0
mult,395223,0
deserialize,849,0
mult,400449,0
deserialize,1185,0
mult,394251,0
deserialize,912,0
mult,397224,0
deserialize,941,0
mult,397885,0
deserialize,870,0
mult,405321,0
deserialize,938,0
mult,399080,0
deserialize,935,0
mult,400113,0
deserialize,1083,0
mult,410102,0
deserialize,905,0
mult,403313,0
deserialize,960,0
mult,404340,0
deserialize,857,0
mult,401504,0
deserialize,1086,0
mult,393867,0
deserialize,913,0
mult,393938,0
deserialize,1001,0
mult,393361,0
deserialize,826,0
mult,393464,0
deserialize,1012,0
mult,392904,0
deserialize,860,0
mult,392993,0
deserialize,842,0
mult,393312,0
deserialize,1132,0
mult,393105,0
deserialize,887,0
mult,394254,0
deserialize,853,0
mult,399192,0
deserialize,1018,0
mult,392710,0
deserialize,886,0
mult,394269,0
deserialize,930,0
mult,394050,0
deserialize,890,0
mult,395887,0
deserialize,880,0
mult,393909,0
deserialize,877,0
mult,395119,0
deserialize,1004,0
mult,396234,0
deserialize,842,0
mult,396252,0
deserialize,933,0
mult,405789,0
deserialize,896,0
mult,404690,0
deserialize,1203,0
mult,398602,0
deserialize,1060,0
mult,408457,0
deserialize,862,0
mult,404502,0
deserialize,908,0
mult,405867,0
deserialize,984,0
mult,394729,0
deserialize,894,0
mult,393116,0
deserialize,1045,0
mult,1.69482e+06,0
deserialize,1030,0
mult,1.79965e+06,0
deserialize,880,0
mult,1.62678e+06,0
deserialize,930,0
mult,1.30701e+06,0
deserialize,1340,0
mult,402709,0
deserialize,976,0
mult,394383,0
deserialize,958,0
mult,392545,0
deserialize,857,0
mult,392113,0
deserialize,1074,0
mult,392885,0
deserialize,861,0
mult,392456,0
deserialize,862,0
mult,392210,0
deserialize,999,0
mult,400684,0
deserialize,1055,0
mult,392147,0
deserialize,978,0
mult,394887,0
deserialize,955,0
mult,393453,0
deserialize,1261,0
mult,394928,0
deserialize,943,0
mult,392578,0
deserialize,892,0
mult,393901,0
deserialize,893,0
mult,400604,0
deserialize,913,0
mult,398518,0
deserialize,996,0
mult,404567,0
deserialize,947,0
mult,408272,0
deserialize,1005,0
mult,401751,0
deserialize,1036,0
mult,409502,0
deserialize,959,0
mult,401004,0
deserialize,883,0
mult,400974,0
deserialize,890,0
mult,394801,0
deserialize,1194,0
mult,393392,0
deserialize,927,0
mult,392629,0
deserialize,941,0
mult,392690,0
deserialize,1072,0
mult,393214,0
deserialize,921,0
mult,398010,0
deserialize,991,0
mult,391973,0
deserialize,1294,0
mult,391727,0
deserialize,850,0
mult,392507,0
deserialize,960,0
mult,391947,0
deserialize,845,0
mult,392856,0
deserialize,1154,0
mult,393352,0
deserialize,828,0
mult,394346,0
deserialize,979,0
mult,393502,0
deserialize,972,0
mult,395647,0
deserialize,1407,0
mult,399381,0
deserialize,1034,0
mult,394311,0
deserialize,993,0
mult,398507,0
deserialize,873,0
mult,398127,0
deserialize,881,0
mult,405231,0
deserialize,903,0
mult,400481,0
deserialize,877,0
mult,401915,0
deserialize,926,0
mult,410108,0
deserialize,934,0
mult,402387,0
deserialize,950,0
mult,402492,0
deserialize,876,0
mult,413815,0
deserialize,1114,0
mult,393019,0
deserialize,916,0
mult,393359,0
deserialize,1037,0
mult,392116,0
deserialize,979,0
mult,392262,0
deserialize,907,0
mult,392701,0
deserialize,965,0
mult,393714,0
deserialize,874,0
mult,392761,0
deserialize,18476,0
mult,406957,0
deserialize,1126,0
mult,401990,0
deserialize,971,0
mult,399397,0
deserialize,1100,0
mult,392218,0
deserialize,964,0
mult,393841,0
deserialize,900,0
mult,394812,0
deserialize,959,0
mult,394304,0
deserialize,1105,0
mult,395514,0
deserialize,960,0
mult,394298,0
deserialize,1089,0
mult,395070,0
deserialize,950,0
mult,397598,0
deserialize,878,0
mult,398129,0
deserialize,1237,0
mult,411606,0
deserialize,1063,0
mult,398579,0
deserialize,977,0
mult,400465,0
deserialize,906,0
mult,409525,0
deserialize,955,0
mult,402778,0
deserialize,924,0
mult,404716,0
deserialize,872,0
mult,397291,0
deserialize,924,0
mult,394594,0
deserialize,890,0
mult,393372,0
deserialize,1425,0
mult,393114,0
deserialize,908,0
mult,399455,0
deserialize,1108,0
mult,392423,0
deserialize,948,0
mult,393393,0
deserialize,973,0
mult,393106,0
deserialize,878,0
mult,393025,0
deserialize,891,0
mult,393116,0
deserialize,896,0
mult,393023,0
deserialize,885,0
mult,393067,0
deserialize,889,0
mult,394721,0
deserialize,1165,0
mult,393759,0
deserialize,931,0
mult,402284,0
deserialize,1082,0
mult,393428,0
deserialize,951,0
mult,395286,0
deserialize,1143,0
mult,396184,0
deserialize,876,0
mult,396149,0
deserialize,1170,0
mult,405411,0
deserialize,899,0
mult,397875,0
deserialize,979,0
mult,399213,0
deserialize,942,0
mult,408043,0
deserialize,1127,0
mult,404390,0
deserialize,886,0
mult,412663,0
deserialize,1093,0
mult,395770,0
deserialize,980,0
mult,395607,0
deserialize,1043,0
mult,394381,0
deserialize,901,0
mult,393330,0
deserialize,968,0
mult,392644,0
deserialize,901,0
mult,392787,0
deserialize,1019,0
mult,392419,0
deserialize,884,0
mult,393341,0
deserialize,967,0
mult,393144,0
deserialize,875,0
mult,398557,0
deserialize,1166,0
mult,392337,0
deserialize,900,0
mult,393321,0
deserialize,878,0
mult,394104,0
deserialize,976,0
mult,394755,0
deserialize,993,0
mult,395590,0
deserialize,890,0
mult,393436,0
deserialize,915,0
mult,394962,0
deserialize,877,0
mult,394807,0
deserialize,925,0
mult,395463,0
deserialize,850,0
mult,412847,0
deserialize,1167,0
mult,397723,0
deserialize,1140,0
mult,400188,0
deserialize,886,0
mult,407190,0
deserialize,874,0
mult,403901,0
deserialize,924,0
mult,408035,0
deserialize,867,0
mult,399090,0
deserialize,983,0
mult,396514,0
deserialize,954,0
mult,394028,0
deserialize,893,0
mult,393343,0
deserialize,897,0
mult,399574,0
deserialize,1110,0
mult,391635,0
deserialize,1201,0
mult,393087,0
deserialize,890,0
mult,392700,0
deserialize,1059,0
mult,392728,0
deserialize,1000,0
mult,392911,0
deserialize,1088,0
mult,392770,0
deserialize,952,0
mult,393489,0
deserialize,954,0
mult,394243,0
deserialize,984,0
mult,394619,0
deserialize,1353,0
mult,400388,0
deserialize,1026,0
mult,393113,0
deserialize,924,0
mult,395699,0
deserialize,894,0
mult,392830,0
deserialize,986,0
mult,394505,0
deserialize,978,0
mult,404536,0
deserialize,936,0
mult,399750,0
deserialize,1152,0
mult,402115,0
deserialize,930,0
mult,404975,0
deserialize,981,0
mult,404438,0
deserialize,968,0
mult,415644,0
deserialize,1041,0
mult,398804,0
deserialize,1055,0
mult,397904,0
deserialize,1187,0
mult,393905,0
deserialize,956,0
mult,393090,0
deserialize,947,0
mult,393199,0
deserialize,1172,0
mult,392497,0
deserialize,1047,0
mult,392327,0
deserialize,905,0
mult,392450,0
deserialize,956,0
mult,393096,0
deserialize,929,0
mult,397991,0
deserialize,1184,0
mult,391818,0
deserialize,954,0
mult,393295,0
deserialize,968,0
mult,393088,0
deserialize,1201,0
mult,394064,0
deserialize,963,0
mult,395569,0
deserialize,979,0
mult,394410,0
deserialize,1103,0
mult,395366,0
deserialize,977,0
mult,393103,0
deserialize,1081,0
mult,394001,0
deserialize,880,0
mult,408820,0
deserialize,1340,0
mult,398801,0
deserialize,992,0
mult,403190,0
deserialize,1019,0
mult,404008,0
deserialize,941,0
mult,403515,0
deserialize,1174,0
mult,409266,0
deserialize,878,0
mult,400697,0
deserialize,967,0
mult,399896,0
deserialize,953,0
mult,394298,0
deserialize,1097,0
mult,393030,0
deserialize,919,0
mult,398099,0
deserialize,1134,0
mult,392330,0
deserialize,972,0
mult,392061,0
deserialize,1067,0
mult,392649,0
deserialize,840,0
mult,392567,0
deserialize,1133,0
mult,392177,0
deserialize,935,0
mult,392911,0
deserialize,1209,0
mult,393705,0
deserialize,939,0
mult,393504,0
deserialize,1052,0
mult,393737,0
deserialize,1188,0
mult,400020,0
deserialize,1193,0
mult,393392,0
deserialize,1043,0
mult,394860,0
deserialize,954,0
mult,393142,0
deserialize,896,0
mult,394384,0
deserialize,1001,0
mult,400840,0
deserialize,1390,0
mult,398387,0
deserialize,915,0
mult,404373,0
deserialize,971,0
mult,403082,0
deserialize,965,0
mult,402047,0
deserialize,1159,0
mult,415983,0
deserialize,1080,0
mult,400768,0
deserialize,962,0
mult,400080,0
deserialize,902,0
mult,394375,0
deserialize,986,0
mult,392828,0
deserialize,1183,0
mult,392603,0
deserialize,1094,0
mult,393396,0
deserialize,964,0
mult,393004,0
deserialize,1002,0
mult,392966,0
deserialize,883,0
mult,392815,0
deserialize,1064,0
mult,412087,0
deserialize,1115,0
mult,391925,0
deserialize,960,0
mult,392401,0
deserialize,958,0
mult,392528,0
deserialize,942,0
mult,393771,0
deserialize,974,0
mult,394661,0
deserialize,960,0
mult,393673,0
deserialize,1000,0
mult,394667,0
deserialize,861,0
mult,393930,0
deserialize,920,0
mult,394310,0
deserialize,975,0
mult,404153,0
deserialize,1099,0
mult,396717,0
deserialize,1667,0
mult,404980,0
deserialize,1070,0
mult,400894,0
deserialize,842,0
mult,401000,0
deserialize,900,0
mult,409634,0
deserialize,1116,0
mult,402715,0
deserialize,1094,0
mult,402294,0
deserialize,919,0
mult,394242,0
deserialize,982,0
mult,393604,0
deserialize,913,0
mult,398735,0
deserialize,1153,0
mult,392446,0
deserialize,1274,0
mult,391921,0
deserialize,1156,0
mult,391778,0
deserialize,951,0
mult,392538,0
deserialize,1131,0
mult,391978,0
deserialize,1227,0
mult,392380,0
deserialize,1130,0
mult,392445,0
deserialize,1176,0
mult,393190,0
deserialize,985,0
mult,392694,0
deserialize,955,0
mult,394397,0
deserialize,1188,0
mult,399349,0
deserialize,1073,0
mult,394314,0
deserialize,1013,0
mult,392711,0
deserialize,936,0
mult,394640,0
deserialize,954,0
mult,397094,0
deserialize,869,0
mult,396506,0
deserialize,954,0
mult,404851,0
deserialize,941,0
mult,398706,0
deserialize,972,0
mult,399781,0
deserialize,957,0
mult,409272,0
deserialize,986,0
mult,408270,0
deserialize,1083,0
mult,403364,0
deserialize,1122,0
mult,395800,0
deserialize,938,0
mult,394339,0
deserialize,994,0
mult,392538,0
deserialize,1210,0
mult,392776,0
deserialize,948,0
mult,392047,0
deserialize,1099,0
mult,392206,0
deserialize,942,0
mult,392315,0
deserialize,1120,0
mult,391974,0
deserialize,969,0
mult,398082,0
deserialize,1039,0
mult,392274,0
deserialize,1128,0
mult,392741,0
deserialize,1214,0
mult,392327,0
deserialize,863,0
mult,393455,0
deserialize,1240,0
mult,393378,0
deserialize,1045,0
mult,394966,0
deserialize,968,0
mult,393512,0
deserialize,999,0
mult,394851,0
deserialize,1336,0
mult,395096,0
deserialize,901,0
mult,402930,0
deserialize,1067,0
mult,404698,0
deserialize,1021,0
mult,397424,0
deserialize,1184,0
mult,398565,0
deserialize,1008,0
mult,408110,0
deserialize,936,0
mult,402940,0
deserialize,891,0
mult,405288,0
deserialize,1058,0
mult,396476,0
deserialize,1209,0
mult,394132,0
deserialize,933,0
mult,393081,0
deserialize,950,0
mult,399380,0
deserialize,1072,0
mult,392007,0
deserialize,984,0
mult,391996,0
deserialize,882,0
mult,391899,0
deserialize,943,0
mult,391837,0
deserialize,963,0
mult,392672,0
deserialize,916,0
mult,391847,0
deserialize,894,0
mult,392173,0
deserialize,1143,0
mult,392651,0
deserialize,972,0
mult,393919,0
deserialize,894,0
mult,404397,0
deserialize,980,0
mult,394725,0
deserialize,1012,0
mult,393954,0
deserialize,832,0
mult,394942,0
deserialize,1036,0
mult,393220,0
deserialize,1029,0
mult,394029,0
deserialize,1002,0
mult,404060,0
deserialize,1050,0
mult,397429,0
deserialize,1048,0
mult,399363,0
deserialize,962,0
mult,406935,0
deserialize,1365,0
mult,408718,0
deserialize,1044,0
mult,407437,0
deserialize,1097,0
mult,397694,0
deserialize,888,0
mult,395438,0
deserialize,938,0
mult,393154,0
deserialize,938,0
mult,392323,0
deserialize,1009,0
mult,392210,0
deserialize,941,0
mult,392295,0
deserialize,881,0
mult,391666,0
deserialize,887,0
mult,392239,0
deserialize,886,0
mult,397939,0
deserialize,1002,0
mult,392022,0
deserialize,1020,0
mult,392063,0
deserialize,891,0
mult,392104,0
deserialize,1023,0
mult,392763,0
deserialize,956,0
mult,393430,0
deserialize,974,0
mult,394566,0
deserialize,913,0
mult,393772,0
deserialize,1057,0
mult,395218,0
deserialize,892,0
mult,392358,0
deserialize,987,0
mult,398378,0
deserialize,1047,0
mult,403329,0
deserialize,1288,0
mult,398327,0
deserialize,847,0
mult,400964,0
deserialize,890,0
mult,405489,0
deserialize,923,0
mult,403239,0
deserialize,968,0
mult,408142,0
deserialize,911,0
mult,398440,0
deserialize,966,0
mult,397129,0
deserialize,1014,0
mult,393310,0
deserialize,959,0
mult,398206,0
deserialize,1023,0
mult,391780,0
deserialize,942,0
mult,392171,0
deserialize,928,0
mult,391650,0
deserialize,893,0
mult,392522,0
deserialize,1026,0
mult,392559,0
deserialize,888,0
mult,392214,0
deserialize,1038,0
mult,392344,0
deserialize,953,0
mult,391949,0
deserialize,1052,0
mult,393373,0
deserialize,976,0
mult,398774,0
deserialize,967,0
mult,394689,0
deserialize,1003,0
mult,392676,0
deserialize,957,0
mult,394322,0
deserialize,875,0
mult,392963,0
deserialize,858,0
mult,393829,0
deserialize,993,0
mult,402496,0
deserialize,900,0
mult,398692,0
deserialize,1046,0
mult,402875,0
deserialize,878,0
mult,404432,0
deserialize,881,0
mult,408673,0
deserialize,1052,0
mult,408933,0
deserialize,934,0
mult,399306,0
deserialize,938,0
mult,398664,0
deserialize,1198,0
mult,393293,0
deserialize,948,0
mult,393272,0
deserialize,862,0
mult,393075,0
deserialize,903,0
mult,392344,0
deserialize,907,0
mult,392504,0
deserialize,886,0
mult,391942,0
deserialize,963,0
mult,399357,0
deserialize,1023,0
mult,391883,0
deserialize,1044,0
mult,392481,0
deserialize,984,0
mult,392502,0
deserialize,1054,0
mult,393607,0
deserialize,874,0
mult,392791,0
deserialize,944,0
mult,394555,0
deserialize,898,0
mult,393220,0
deserialize,988,0
mult,394050,0
deserialize,867,0
mult,392802,0
deserialize,1067,0
mult,399061,0
deserialize,1005,0
mult,401067,0
deserialize,1052,0
mult,398097,0
deserialize,863,0
mult,404286,0
deserialize,1063,0
mult,402124,0
deserialize,846,0
mult,401493,0
deserialize,1156,0
mult,409551,0
deserialize,922,0
mult,400456,0
deserialize,908,0
mult,399922,0
deserialize,853,0
mult,393761,0
deserialize,990,0
mult,398171,0
deserialize,1020,0
mult,392364,0
deserialize,1049,0
mult,393024,0
deserialize,904,0
mult,392568,0
deserialize,900,0
mult,392255,0
deserialize,856,0
mult,393011,0
deserialize,889,0
mult,392069,0
deserialize,878,0
mult,391744,0
deserialize,977,0
mult,391916,0
deserialize,857,0
mult,393267,0
deserialize,926,0
mult,398080,0
deserialize,981,0
mult,393603,0
deserialize,937,0
mult,393285,0
deserialize,876,0
mult,394329,0
deserialize,885,0
mult,392868,0
deserialize,873,0
mult,394670,0
deserialize,985,0
mult,398759,0
deserialize,865,0
mult,397681,0
deserialize,899,0
mult,404704,0
deserialize,1087,0
mult,399352,0
deserialize,917,0
mult,407189,0
deserialize,1053,0
mult,408993,0
deserialize,1360,0
mult,401336,0
deserialize,954,0
mult,402467,0
deserialize,917,0
mult,394459,0
deserialize,940,0
mult,393013,0
deserialize,888,0
mult,393079,0
deserialize,945,0
mult,392190,0
deserialize,894,0
mult,392611,0
deserialize,884,0
mult,391767,0
deserialize,913,0
mult,398453,0
deserialize,1014,0
mult,391961,0
deserialize,1061,0
mult,392490,0
deserialize,890,0
mult,391813,0
deserialize,967,0
mult,392653,0
deserialize,898,0
mult,392724,0
deserialize,874,0
mult,394151,0
deserialize,885,0
mult,393120,0
deserialize,994,0
mult,394462,0
deserialize,865,0
mult,392975,0
deserialize,872,0
mult,399680,0
deserialize,968,0
mult,397130,0
deserialize,1018,0
mult,396811,0
deserialize,883,0
mult,405381,0
deserialize,1116,0
mult,398963,0
deserialize,837,0
mult,399685,0
deserialize,950,0
mult,409265,0
deserialize,880,0
mult,402266,0
deserialize,975,0
mult,403333,0
deserialize,863,0
mult,395480,0
deserialize,1072,0
mult,398916,0
deserialize,1017,0
mult,392617,0
deserialize,1099,0
mult,392072,0
deserialize,869,0
mult,391883,0
deserialize,1544,0
mult,392165,0
deserialize,852,0
mult,392056,0
deserialize,1000,0
mult,391974,0
deserialize,863,0
mult,392330,0
deserialize,1337,0
mult,391578,0
deserialize,843,0
mult,391880,0
deserialize,1017,0
mult,392993,0
deserialize,875,0
mult,401155,0
deserialize,1235,0
mult,392778,0
deserialize,893,0
mult,394494,0
deserialize,1033,0
mult,393132,0
deserialize,870,0
mult,394608,0
deserialize,917,0
mult,395406,0
deserialize,877,0
mult,395663,0
deserialize,995,0
mult,404255,0
deserialize,955,0
mult,397711,0
deserialize,1030,0
mult,398513,0
deserialize,873,0
mult,414737,0
gemm,9.26462e+08,0
wait_all,7.18742e+08,0
deserialize,2483,0
mult,412150,0
deserialize,1185,0
mult,403702,0
deserialize,906,0
mult,410418,0
deserialize,1040,0
mult,411962,0
deserialize,928,0
mult,405275,0
deserialize,901,0
mult,406152,0
deserialize,1067,0
mult,397786,0
deserialize,951,0
mult,397237,0
deserialize,874,0
mult,396630,0
deserialize,907,0
mult,396880,0
deserialize,872,0
mult,395382,0
deserialize,907,0
mult,395620,0
deserialize,840,0
mult,402939,0
deserialize,1192,0
mult,394737,0
deserialize,1181,0
mult,395866,0
deserialize,868,0
mult,400679,0
deserialize,916,0
mult,397597,0
deserialize,897,0
mult,398750,0
deserialize,870,0
mult,405066,0
deserialize,929,0
mult,401531,0
deserialize,852,0
mult,405652,0
deserialize,1007,0
mult,398606,0
deserialize,860,0
mult,404229,0
deserialize,1047,0
mult,399555,0
deserialize,940,0
mult,399433,0
deserialize,852,0
mult,409109,0
deserialize,912,0
mult,400647,0
deserialize,909,0
mult,403669,0
deserialize,954,0
mult,412643,0
deserialize,867,0
mult,406064,0
deserialize,930,0
mult,407312,0
deserialize,823,0
mult,399252,0
deserialize,939,0
mult,403789,0
deserialize,1048,0
mult,396317,0
deserialize,1030,0
mult,395331,0
deserialize,897,0
mult,395439,0
deserialize,927,0
mult,395995,0
deserialize,929,0
mult,395236,0
deserialize,934,0
mult,395853,0
deserialize,926,0
mult,396002,0
deserialize,869,0
mult,400625,0
deserialize,860,0
mult,396914,0
deserialize,884,0
mult,404942,0
deserialize,1050,0
mult,402841,0
deserialize,831,0
mult,401363,0
deserialize,919,0
mult,405100,0
deserialize,866,0
mult,399057,0
deserialize,884,0
mult,398380,0
deserialize,986,0
mult,398420,0
deserialize,879,0
mult,399439,0
deserialize,880,0
mult,407936,0
deserialize,934,0
mult,401377,0
deserialize,863,0
mult,410349,0
deserialize,1046,0
mult,410303,0
deserialize,909,0
mult,407105,0
deserialize,913,0
mult,409190,0
deserialize,882,0
mult,397379,0
deserialize,929,0
mult,395067,0
deserialize,1005,0
mult,1.70128e+06,0
deserialize,950,0
mult,1.80771e+06,0
deserialize,906,0
mult,1.63071e+06,0
deserialize,910,0
mult,1.30878e+06,0
deserialize,1186,0
mult,404777,0
deserialize,980,0
mult,402722,0
deserialize,1142,0
mult,395288,0
deserialize,984,0
mult,395746,0
deserialize,878,0
mult,397627,0
deserialize,851,0
mult,395533,0
deserialize,865,0
mult,401310,0
deserialize,994,0
mult,404672,0
deserialize,1013,0
mult,398680,0
deserialize,925,0
mult,404589,0
deserialize,1015,0
mult,401074,0
deserialize,929,0
mult,401944,0
deserialize,877,0
mult,396125,0
deserialize,906,0
mult,396350,0
deserialize,886,0
mult,404417,0
deserialize,917,0
mult,401385,0
deserialize,914,0
mult,407111,0
deserialize,898,0
mult,410948,0
deserialize,1055,0
mult,404644,0
deserialize,1040,0
mult,412517,0
deserialize,883,0
mult,403768,0
deserialize,921,0
mult,403769,0
deserialize,896,0
mult,397527,0
deserialize,834,0
mult,396373,0
deserialize,875,0
mult,395767,0
deserialize,886,0
mult,395882,0
deserialize,1026,0
mult,394749,0
deserialize,1051,0
mult,401528,0
deserialize,1211,0
mult,395146,0
deserialize,972,0
mult,395284,0
deserialize,857,0
mult,396190,0
deserialize,950,0
mult,401438,0
deserialize,860,0
mult,397457,0
deserialize,960,0
mult,399264,0
deserialize,1029,0
mult,404585,0
deserialize,1190,0
mult,400909,0
deserialize,885,0
mult,403213,0
deserialize,960,0
mult,407333,0
deserialize,1218,0
mult,395370,0
deserialize,1134,0
mult,401430,0
deserialize,841,0
mult,400609,0
deserialize,905,0
mult,407915,0
deserialize,878,0
mult,402972,0
deserialize,947,0
mult,404372,0
deserialize,881,0
mult,412470,0
deserialize,934,0
mult,404957,0
deserialize,907,0
mult,404896,0
deserialize,898,0
mult,405462,0
deserialize,1242,0
mult,395469,0
deserialize,1150,0
mult,395941,0
deserialize,1041,0
mult,394789,0
deserialize,903,0
mult,395320,0
deserialize,864,0
mult,395058,0
deserialize,937,0
mult,395109,0
deserialize,892,0
mult,395102,0
deserialize,26663,0
mult,393360,0
deserialize,1343,0
mult,403324,0
deserialize,903,0
mult,401829,0
deserialize,1056,0
mult,395457,0
deserialize,960,0
mult,390854,0
deserialize,922,0
mult,391216,0
deserialize,874,0
mult,389703,0
deserialize,878,0
mult,390238,0
deserialize,850,0
mult,391457,0
deserialize,1233,0
mult,390891,0
deserialize,966,0
mult,391920,0
deserialize,877,0
mult,392923,0
deserialize,953,0
mult,396466,0
deserialize,1079,0
mult,391236,0
deserialize,974,0
mult,389792,0
deserialize,1181,0
mult,393085,0
deserialize,979,0
mult,390447,0
deserialize,948,0
mult,390413,0
deserialize,886,0
mult,389635,0
deserialize,934,0
mult,390618,0
deserialize,886,0
mult,390498,0
deserialize,886,0
mult,390430,0
deserialize,1101,0
mult,398279,0
deserialize,1072,0
mult,397327,0
deserialize,957,0
mult,396983,0
deserialize,896,0
mult,401720,0
deserialize,901,0
mult,394454,0
deserialize,877,0
mult,394660,0
deserialize,895,0
mult,396293,0
deserialize,904,0
mult,390894,0
deserialize,871,0
mult,391416,0
deserialize,884,0
mult,390365,0
deserialize,868,0
mult,397151,0
deserialize,1109,0
mult,390440,0
deserialize,897,0
mult,389707,0
deserialize,900,0
mult,391825,0
deserialize,859,0
mult,391501,0
deserialize,941,0
mult,391462,0
deserialize,898,0
mult,392556,0
deserialize,907,0
mult,390380,0
deserialize,870,0
mult,391721,0
deserialize,973,0
mult,390638,0
deserialize,974,0
mult,390108,0
deserialize,935,0
mult,396715,0
deserialize,996,0
mult,389622,0
deserialize,1043,0
mult,390342,0
deserialize,903,0
mult,389916,0
deserialize,1152,0
mult,391196,0
deserialize,883,0
mult,396833,0
deserialize,943,0
mult,396730,0
deserialize,865,0
mult,403150,0
deserialize,909,0
mult,395488,0
deserialize,879,0
mult,396163,0
deserialize,984,0
mult,401845,0
deserialize,1063,0
mult,390181,0
deserialize,915,0
mult,393168,0
deserialize,870,0
mult,389965,0
deserialize,996,0
mult,391139,0
deserialize,854,0
mult,390933,0
deserialize,900,0
mult,390373,0
deserialize,1039,0
mult,392181,0
deserialize,926,0
mult,391614,0
deserialize,861,0
mult,391164,0
deserialize,907,0
mult,398976,0
deserialize,1000,0
mult,389697,0
deserialize,1042,0
mult,390653,0
deserialize,1365,0
mult,390147,0
deserialize,920,0
mult,390735,0
deserialize,878,0
mult,390981,0
deserialize,1070,0
mult,390014,0
deserialize,966,0
mult,390398,0
deserialize,889,0
mult,390619,0
deserialize,890,0
mult,391521,0
deserialize,1396,0
mult,400274,0
deserialize,1034,0
mult,396009,0
deserialize,925,0
mult,402486,0
deserialize,928,0
mult,396929,0
deserialize,932,0
mult,397158,0
deserialize,943,0
mult,396397,0
deserialize,859,0
mult,390548,0
deserialize,953,0
mult,394238,0
deserialize,884,0
mult,389816,0
deserialize,989,0
mult,391260,0
deserialize,897,0
mult,396636,0
deserialize,960,0
mult,389390,0
deserialize,999,0
mult,392002,0
deserialize,958,0
mult,391097,0
deserialize,896,0
mult,391252,0
deserialize,906,0
mult,392820,0
deserialize,1041,0
mult,390227,0
deserialize,879,0
mult,390281,0
deserialize,939,0
mult,390087,0
deserialize,894,0
mult,389937,0
deserialize,1154,0
mult,397014,0
deserialize,1029,0
mult,389583,0
deserialize,980,0
mult,389539,0
deserialize,916,0
mult,390227,0
deserialize,878,0
mult,390779,0
deserialize,1184,0
mult,394208,0
deserialize,986,0
mult,394773,0
deserialize,878,0
mult,402033,0
deserialize,879,0
mult,397708,0
deserialize,857,0
mult,397782,0
deserialize,943,0
mult,401631,0
deserialize,1006,0
mult,391635,0
deserialize,1066,0
mult,393743,0
deserialize,846,0
mult,390464,0
deserialize,940,0
mult,390776,0
deserialize,975,0
mult,390671,0
deserialize,1085,0
mult,390178,0
deserialize,899,0
mult,391626,0
deserialize,1225,0
mult,391315,0
deserialize,880,0
mult,390968,0
deserialize,1032,0
mult,392402,0
deserialize,880,0
mult,395510,0
deserialize,1142,0
mult,390081,0
deserialize,900,0
mult,390045,0
deserialize,959,0
mult,391764,0
deserialize,959,0
mult,390335,0
deserialize,891,0
mult,390032,0
deserialize,854,0
mult,389757,0
deserialize,1013,0
mult,389728,0
deserialize,864,0
mult,390825,0
deserialize,943,0
mult,391884,0
deserialize,867,0
mult,400127,0
deserialize,1120,0
mult,401815,0
deserialize,823,0
mult,398055,0
deserialize,938,0
mult,398330,0
deserialize,837,0
mult,394060,0
deserialize,1051,0
mult,391940,0
deserialize,876,0
mult,394079,0
deserialize,975,0
mult,389301,0
deserialize,890,0
mult,390617,0
deserialize,912,0
mult,390394,0
deserialize,863,0
mult,394913,0
deserialize,976,0
mult,391247,0
deserialize,1434,0
mult,390584,0
deserialize,974,0
mult,391415,0
deserialize,869,0
mult,392104,0
deserialize,953,0
mult,390091,0
deserialize,897,0
mult,390734,0
deserialize,904,0
mult,390554,0
deserialize,1083,0
mult,392397,0
deserialize,900,0
mult,390058,0
deserialize,942,0
mult,396615,0
deserialize,1021,0
mult,389074,0
deserialize,1029,0
mult,389859,0
deserialize,891,0
mult,391086,0
deserialize,940,0
mult,391667,0
deserialize,887,0
mult,393121,0
deserialize,926,0
mult,399971,0
deserialize,876,0
mult,398497,0
deserialize,879,0
mult,399740,0
deserialize,892,0
mult,392429,0
deserialize,890,0
mult,398426,0
deserialize,1004,0
mult,394759,0
deserialize,837,0
mult,389737,0
deserialize,932,0
mult,391144,0
deserialize,907,0
mult,390078,0
deserialize,901,0
mult,390244,0
deserialize,860,0
mult,392025,0
deserialize,898,0
mult,390611,0
deserialize,1116,0
mult,391806,0
deserialize,953,0
mult,391563,0
deserialize,906,0
mult,396111,0
deserialize,1073,0
mult,391054,0
deserialize,975,0
mult,389704,0
deserialize,895,0
mult,391982,0
deserialize,880,0
mult,389206,0
deserialize,940,0
mult,390655,0
deserialize,854,0
mult,390329,0
deserialize,960,0
mult,388815,0
deserialize,838,0
mult,389490,0
deserialize,900,0
mult,390304,0
deserialize,861,0
mult,391966,0
deserialize,952,0
mult,405143,0
deserialize,1004,0
mult,397503,0
deserialize,1027,0
mult,399760,0
deserialize,986,0
mult,393301,0
deserialize,967,0
mult,393475,0
deserialize,895,0
mult,395891,0
deserialize,967,0
mult,389601,0
deserialize,882,0
mult,390363,0
deserialize,992,0
mult,389341,0
deserialize,868,0
mult,389724,0
deserialize,968,0
mult,396237,0
deserialize,965,0
mult,390262,0
deserialize,926,0
mult,391378,0
deserialize,859,0
mult,392310,0
deserialize,1168,0
mult,390122,0
deserialize,883,0
mult,392020,0
deserialize,928,0
mult,389000,0
deserialize,894,0
mult,392826,0
deserialize,1003,0
mult,389103,0
deserialize,853,0
mult,389975,0
deserialize,982,0
mult,394670,0
deserialize,1009,0
mult,389757,0
deserialize,918,0
mult,389357,0
deserialize,844,0
mult,389800,0
deserialize,1114,0
mult,391348,0
deserialize,869,0
mult,397825,0
deserialize,889,0
mult,396941,0
deserialize,872,0
mult,400895,0
deserialize,867,0
mult,394175,0
deserialize,928,0
mult,393111,0
deserialize,847,0
mult,401488,0
deserialize,991,0
mult,389610,0
deserialize,896,0
mult,390634,0
deserialize,927,0
mult,389715,0
deserialize,1010,0
mult,390601,0
deserialize,932,0
mult,390806,0
deserialize,932,0
mult,389805,0
deserialize,971,0
mult,391497,0
deserialize,1183,0
mult,391372,0
deserialize,933,0
mult,389951,0
deserialize,920,0
mult,397546,0
deserialize,1110,0
mult,389348,0
deserialize,1186,0
mult,390547,0
deserialize,870,0
mult,389740,0
deserialize,887,0
mult,390685,0
deserialize,914,0
mult,389305,0
deserialize,933,0
mult,389298,0
deserialize,1075,0
mult,389358,0
deserialize,890,0
mult,389245,0
deserialize,920,0
mult,391052,0
deserialize,813,0
mult,402878,0
deserialize,998,0
mult,396137,0
deserialize,1072,0
mult,402147,0
deserialize,980,0
mult,394956,0
deserialize,1170,0
mult,395211,0
deserialize,1037,0
mult,395486,0
deserialize,891,0
mult,390524,0
deserialize,876,0
mult,391939,0
deserialize,904,0
mult,389874,0
deserialize,868,0
mult,390765,0
deserialize,1203,0
mult,407688,0
deserialize,1071,0
mult,389835,0
deserialize,1128,0
mult,391481,0
deserialize,883,0
mult,390722,0
deserialize,880,0
mult,390617,0
deserialize,1013,0
mult,391676,0
deserialize,1053,0
mult,389356,0
deserialize,856,0
mult,389864,0
deserialize,1066,0
mult,389736,0
deserialize,854,0
mult,389645,0
deserialize,1066,0
mult,389452,0
deserialize,929,0
mult,395877,0
deserialize,1070,0
mult,389723,0
deserialize,878,0
mult,389366,0
deserialize,953,0
mult,389827,0
deserialize,879,0
mult,393956,0
deserialize,883,0
mult,395663,0
deserialize,1146,0
mult,401820,0
deserialize,902,0
mult,396169,0
deserialize,860,0
mult,395577,0
deserialize,893,0
mult,395312,0
deserialize,860,0
mult,397451,0
deserialize,1060,0
mult,393317,0
deserialize,907,0
mult,389180,0
deserialize,1046,0
mult,390009,0
deserialize,943,0
mult,390240,0
deserialize,1127,0
mult,389738,0
deserialize,877,0
mult,391976,0
deserialize,917,0
mult,390351,0
deserialize,915,0
mult,390238,0
deserialize,1170,0
mult,391834,0
deserialize,893,0
mult,395415,0
deserialize,1014,0
mult,389798,0
deserialize,860,0
mult,389964,0
deserialize,893,0
mult,389959,0
deserialize,1080,0
mult,389599,0
deserialize,906,0
mult,389235,0
deserialize,857,0
mult,389723,0
deserialize,863,0
mult,389487,0
deserialize,922,0
mult,390817,0
deserialize,921,0
mult,392411,0
deserialize,930,0
mult,401244,0
deserialize,1552,0
mult,402116,0
deserialize,968,0
mult,397174,0
deserialize,894,0
mult,396873,0
deserialize,987,0
mult,394604,0
deserialize,887,0
mult,390513,0
deserialize,1099,0
mult,393283,0
deserialize,890,0
mult,389187,0
deserialize,895,0
mult,390489,0
deserialize,1164,0
mult,389746,0
deserialize,871,0
mult,394939,0
deserialize,968,0
mult,391087,0
deserialize,931,0
mult,389928,0
deserialize,900,0
mult,390464,0
deserialize,863,0
mult,392592,0
deserialize,974,0
mult,389569,0
deserialize,889,0
mult,390547,0
deserialize,891,0
mult,389460,0
deserialize,993,0
mult,390677,0
deserialize,898,0
mult,389355,0
deserialize,876,0
mult,394974,0
deserialize,1083,0
mult,389489,0
deserialize,910,0
mult,389848,0
deserialize,894,0
mult,389300,0
deserialize,890,0
mult,392090,0
deserialize,1120,0
mult,393561,0
deserialize,890,0
mult,401635,0
deserialize,935,0
mult,397057,0
deserialize,854,0
mult,398207,0
deserialize,943,0
mult,393684,0
deserialize,878,0
mult,399771,0
deserialize,1160,0
mult,394421,0
deserialize,975,0
mult,388550,0
deserialize,1027,0
mult,390680,0
deserialize,873,0
mult,389786,0
deserialize,991,0
mult,389057,0
deserialize,843,0
mult,391419,0
deserialize,976,0
mult,390217,0
deserialize,946,0
mult,390426,0
deserialize,1024,0
mult,392692,0
deserialize,884,0
mult,390058,0
deserialize,1131,0
mult,397276,0
deserialize,1007,0
mult,388584,0
deserialize,940,0
mult,391332,0
deserialize,900,0
mult,389448,0
deserialize,887,0
mult,389307,0
deserialize,855,0
mult,389668,0
deserialize,1016,0
mult,388993,0
deserialize,972,0
mult,390858,0
deserialize,997,0
mult,390525,0
deserialize,864,0
mult,393214,0
deserialize,897,0
mult,406485,0
deserialize,979,0
mult,397110,0
deserialize,986,0
mult,398453,0
deserialize,840,0
mult,392268,0
deserialize,868,0
mult,392109,0
deserialize,897,0
mult,394357,0
deserialize,931,0
mult,390241,0
deserialize,866,0
mult,390509,0
deserialize,916,0
mult,389745,0
deserialize,877,0
mult,389852,0
deserialize,889,0
mult,397061,0
deserialize,1005,0
mult,389718,0
deserialize,903,0
mult,391064,0
deserialize,913,0
mult,392831,0
deserialize,1050,0
mult,389808,0
deserialize,991,0
mult,390802,0
deserialize,860,0
mult,389383,0
deserialize,931,0
mult,391410,0
deserialize,997,0
mult,389196,0
deserialize,894,0
mult,389797,0
deserialize,1145,0
mult,395147,0
deserialize,1057,0
mult,389540,0
deserialize,1013,0
mult,389341,0
deserialize,956,0
mult,390191,0
deserialize,890,0
mult,391684,0
deserialize,875,0
mult,399791,0
deserialize,882,0
mult,397056,0
deserialize,886,0
mult,400219,0
deserialize,972,0
mult,392571,0
deserialize,870,0
mult,392720,0
deserialize,988,0
mult,400807,0
deserialize,1014,0
mult,390176,0
deserialize,894,0
mult,390362,0
deserialize,1012,0
mult,389571,0
deserialize,1007,0
mult,389374,0
deserialize,903,0
mult,390685,0
deserialize,876,0
mult,389780,0
deserialize,905,0
mult,391257,0
deserialize,1318,0
mult,391848,0
deserialize,942,0
mult,390044,0
deserialize,888,0
mult,397590,0
deserialize,980,0
mult,389545,0
deserialize,1208,0
mult,391821,0
deserialize,863,0
mult,389316,0
deserialize,968,0
mult,390347,0
deserialize,850,0
mult,389515,0
deserialize,893,0
mult,389400,0
deserialize,862,0
mult,389883,0
deserialize,928,0
mult,389822,0
deserialize,863,0
mult,391215,0
deserialize,1430,0
mult,398262,0
deserialize,889,0
mult,402901,0
deserialize,1096,0
mult,401141,0
deserialize,903,0
mult,393706,0
deserialize,963,0
mult,393508,0
deserialize,850,0
mult,395578,0
deserialize,1033,0
mult,390120,0
deserialize,854,0
mult,390724,0
deserialize,886,0
mult,389350,0
deserialize,910,0
mult,389821,0
deserialize,976,0
mult,390645,0
deserialize,910,0
mult,395084,0
deserialize,1398,0
mult,390916,0
deserialize,888,0
mult,391383,0
deserialize,931,0
mult,389744,0
deserialize,865,0
mult,391990,0
deserialize,989,0
mult,389791,0
deserialize,866,0
mult,391842,0
gemm,9.05817e+08,0
wait_all,7.13908e+08,0
deserialize,2237,0
mult,373582,0
deserialize,1184,0
mult,371443,0
deserialize,873,0
mult,370377,0
deserialize,949,0
mult,371471,0
deserialize,881,0
mult,370417,0
deserialize,857,0
mult,371344,0
deserialize,852,0
mult,370006,0
deserialize,1023,0
mult,375976,0
deserialize,999,0
mult,369894,0
deserialize,1209,0
mult,370137,0
deserialize,876,0
mult,372405,0
deserialize,932,0
mult,378674,0
deserialize,872,0
mult,378684,0
deserialize,877,0
mult,383375,0
deserialize,833,0
mult,377078,0
deserialize,919,0
mult,381544,0
deserialize,933,0
mult,378000,0
deserialize,924,0
mult,375081,0
deserialize,821,0
mult,382666,0
deserialize,1047,0
mult,369559,0
deserialize,1245,0
mult,371263,0
deserialize,854,0
mult,370933,0
deserialize,873,0
mult,371984,0
deserialize,830,0
mult,372193,0
deserialize,897,0
mult,373034,0
deserialize,841,0
mult,371391,0
deserialize,867,0
mult,372180,0
deserialize,1043,0
mult,369224,0
deserialize,1010,0
mult,377184,0
deserialize,999,0
mult,368933,0
deserialize,955,0
mult,370621,0
deserialize,871,0
mult,369932,0
deserialize,1212,0
mult,370298,0
deserialize,964,0
mult,370905,0
deserialize,960,0
mult,370074,0
deserialize,810,0
mult,370923,0
deserialize,976,0
mult,378102,0
deserialize,856,0
mult,377694,0
deserialize,838,0
mult,383447,0
deserialize,880,0
mult,387771,0
deserialize,1020,0
mult,381886,0
deserialize,876,0
mult,377730,0
deserialize,914,0
mult,376648,0
deserialize,872,0
mult,376577,0
deserialize,887,0
mult,370909,0
deserialize,909,0
mult,372375,0
deserialize,922,0
mult,371618,0
deserialize,908,0
mult,371501,0
deserialize,905,0
mult,371511,0
deserialize,846,0
mult,372734,0
deserialize,937,0
mult,375800,0
deserialize,1073,0
mult,371442,0
deserialize,1003,0
mult,369246,0
deserialize,878,0
mult,371059,0
deserialize,886,0
mult,370207,0
deserialize,883,0
mult,372544,0
deserialize,880,0
mult,369537,0
deserialize,1147,0
mult,370671,0
deserialize,1040,0
mult,1.69648e+06,0
deserialize,1002,0
mult,1.80089e+06,0
deserialize,881,0
mult,1.64398e+06,0
deserialize,1058,0
mult,1.29154e+06,0
deserialize,1083,0
mult,369036,0
deserialize,1056,0
mult,369688,0
deserialize,877,0
mult,381556,0
deserialize,954,0
mult,379160,0
deserialize,945,0
mult,382057,0
deserialize,850,0
mult,375555,0
deserialize,1103,0
mult,380999,0
deserialize,937,0
mult,383424,0
deserialize,1095,0
mult,371800,0
deserialize,907,0
mult,375151,0
deserialize,982,0
mult,369695,0
deserialize,862,0
mult,369819,0
deserialize,935,0
mult,371410,0
deserialize,989,0
mult,370359,0
deserialize,1027,0
mult,370600,0
deserialize,873,0
mult,372629,0
deserialize,890,0
mult,369630,0
deserialize,897,0
mult,375684,0
deserialize,1360,0
mult,368468,0
deserialize,1026,0
mult,369391,0
deserialize,897,0
mult,369515,0
deserialize,865,0
mult,369487,0
deserialize,901,0
mult,369514,0
deserialize,969,0
mult,369706,0
deserialize,900,0
mult,369779,0
deserialize,986,0
mult,371021,0
deserialize,1090,0
mult,373224,0
deserialize,1205,0
mult,379919,0
deserialize,880,0
mult,385037,0
deserialize,1005,0
mult,382143,0
deserialize,903,0
mult,375074,0
deserialize,961,0
mult,380742,0
deserialize,977,0
mult,377257,0
deserialize,943,0
mult,373711,0
deserialize,890,0
mult,375692,0
deserialize,1095,0
mult,369781,0
deserialize,888,0
mult,370396,0
deserialize,920,0
mult,371401,0
deserialize,920,0
mult,370003,0
deserialize,946,0
mult,377343,0
deserialize,954,0
mult,372235,0
deserialize,937,0
mult,369791,0
deserialize,976,0
mult,371386,0
deserialize,858,0
mult,369781,0
deserialize,861,0
mult,370115,0
deserialize,877,0
mult,370099,0
deserialize,898,0
mult,370514,0
deserialize,950,0
mult,369583,0
deserialize,883,0
mult,369509,0
deserialize,892,0
mult,387223,0
deserialize,1079,0
mult,369687,0
deserialize,1063,0
mult,370908,0
deserialize,915,0
mult,378873,0
deserialize,883,0
mult,377999,0
deserialize,900,0
mult,382903,0
deserialize,19330,0
mult,393991,0
deserialize,1050,0
mult,365400,0
deserialize,870,0
mult,363681,0
deserialize,879,0
mult,360338,0
deserialize,842,0
mult,360864,0
deserialize,892,0
mult,382547,0
deserialize,980,0
mult,358007,0
deserialize,913,0
mult,362421,0
deserialize,876,0
mult,357734,0
deserialize,1241,0
mult,357627,0
deserialize,1111,0
mult,361561,0
deserialize,889,0
mult,358795,0
deserialize,919,0
mult,366079,0
deserialize,998,0
mult,359075,0
deserialize,948,0
mult,359009,0
deserialize,890,0
mult,366410,0
deserialize,950,0
mult,365938,0
deserialize,1067,0
mult,359254,0
deserialize,1456,0
mult,357015,0
deserialize,944,0
mult,357146,0
deserialize,1093,0
mult,357905,0
deserialize,897,0
mult,358051,0
deserialize,883,0
mult,356998,0
deserialize,867,0
mult,357904,0
deserialize,835,0
mult,357988,0
deserialize,909,0
mult,359621,0
deserialize,870,0
mult,357607,0
deserialize,876,0
mult,368807,0
deserialize,1022,0
mult,359325,0
deserialize,903,0
mult,361572,0
deserialize,1223,0
mult,357435,0
deserialize,1142,0
mult,357805,0
deserialize,860,0
mult,363079,0
deserialize,874,0
mult,358122,0
deserialize,861,0
mult,357494,0
deserialize,1012,0
mult,360687,0
deserialize,849,0
mult,359391,0
deserialize,950,0
mult,367091,0
deserialize,900,0
mult,365050,0
deserialize,1261,0
mult,357386,0
deserialize,999,0
mult,365918,0
deserialize,982,0
mult,361426,0
deserialize,885,0
mult,361611,0
deserialize,945,0
mult,358082,0
deserialize,896,0
mult,358032,0
deserialize,976,0
mult,357855,0
deserialize,858,0
mult,357932,0
deserialize,946,0
mult,356947,0
deserialize,912,0
mult,357703,0
deserialize,941,0
mult,365205,0
deserialize,990,0
mult,358654,0
deserialize,940,0
mult,358725,0
deserialize,1097,0
mult,361700,0
deserialize,921,0
mult,360623,0
deserialize,840,0
mult,362825,0
deserialize,910,0
mult,358375,0
deserialize,900,0
mult,358144,0
deserialize,1188,0
mult,362709,0
deserialize,826,0
mult,358829,0
deserialize,883,0
mult,358675,0
deserialize,859,0
mult,366031,0
deserialize,1156,0
mult,358412,0
deserialize,940,0
mult,364557,0
deserialize,893,0
mult,359178,0
deserialize,886,0
mult,359169,0
deserialize,892,0
mult,365086,0
deserialize,888,0
mult,361354,0
deserialize,890,0
mult,362401,0
deserialize,867,0
mult,358168,0
deserialize,1209,0
mult,357876,0
deserialize,1193,0
mult,357123,0
deserialize,1013,0
mult,364119,0
deserialize,1328,0
mult,356831,0
deserialize,1068,0
mult,357459,0
deserialize,1112,0
mult,357581,0
deserialize,888,0
mult,359657,0
deserialize,963,0
mult,359200,0
deserialize,900,0
mult,360974,0
deserialize,1163,0
mult,360954,0
deserialize,864,0
mult,363862,0
deserialize,954,0
mult,358018,0
deserialize,904,0
mult,357754,0
deserialize,947,0
mult,367553,0
deserialize,1277,0
mult,358910,0
deserialize,880,0
mult,359073,0
deserialize,902,0
mult,358708,0
deserialize,922,0
mult,359791,0
deserialize,1076,0
mult,364210,0
deserialize,914,0
mult,361615,0
deserialize,1018,0
mult,360827,0
deserialize,926,0
mult,364059,0
deserialize,926,0
mult,361558,0
deserialize,887,0
mult,365166,0
deserialize,949,0
mult,383507,0
deserialize,977,0
mult,356735,0
deserialize,940,0
mult,356825,0
deserialize,891,0
mult,358084,0
deserialize,970,0
mult,357158,0
deserialize,900,0
mult,357402,0
deserialize,973,0
mult,357435,0
deserialize,845,0
mult,358930,0
deserialize,871,0
mult,359705,0
deserialize,865,0
mult,361177,0
deserialize,920,0
mult,359172,0
deserialize,856,0
mult,370859,0
deserialize,1132,0
mult,357528,0
deserialize,900,0
mult,357501,0
deserialize,950,0
mult,361856,0
deserialize,872,0
mult,358695,0
deserialize,1047,0
mult,360969,0
deserialize,1104,0
mult,358315,0
deserialize,960,0
mult,359272,0
deserialize,907,0
mult,362928,0
deserialize,1117,0
mult,359574,0
deserialize,840,0
mult,362395,0
deserialize,1108,0
mult,367668,0
deserialize,965,0
mult,360300,0
deserialize,979,0
mult,366375,0
deserialize,932,0
mult,357454,0
deserialize,1010,0
mult,358175,0
deserialize,882,0
mult,357383,0
deserialize,1011,0
mult,357386,0
deserialize,860,0
mult,356631,0
deserialize,990,0
mult,356872,0
deserialize,880,0
mult,357223,0
deserialize,1027,0
mult,358436,0
deserialize,835,0
mult,365660,0
deserialize,1084,0
mult,359377,0
deserialize,923,0
mult,358826,0
deserialize,881,0
mult,363557,0
deserialize,850,0
mult,359087,0
deserialize,1012,0
mult,357981,0
deserialize,873,0
mult,360571,0
deserialize,925,0
mult,359191,0
deserialize,874,0
mult,360793,0
deserialize,880,0
mult,357414,0
deserialize,905,0
mult,358430,0
deserialize,972,0
mult,367494,0
deserialize,983,0
mult,359872,0
deserialize,945,0
mult,363400,0
deserialize,947,0
mult,360863,0
deserialize,1052,0
mult,360389,0
deserialize,921,0
mult,367381,0
deserialize,870,0
mult,358404,0
deserialize,1044,0
mult,358107,0
deserialize,962,0
mult,356625,0
deserialize,967,0
mult,357190,0
deserialize,877,0
mult,357525,0
deserialize,954,0
mult,363155,0
deserialize,1117,0
mult,357321,0
deserialize,948,0
mult,357665,0
deserialize,872,0
mult,358488,0
deserialize,890,0
mult,359991,0
deserialize,886,0
mult,358727,0
deserialize,879,0
mult,363770,0
deserialize,875,0
mult,358603,0
deserialize,867,0
mult,358701,0
deserialize,903,0
mult,358894,0
deserialize,873,0
mult,357727,0
deserialize,954,0
mult,361191,0
deserialize,883,0
mult,363024,0
deserialize,1302,0
mult,357287,0
deserialize,897,0
mult,361166,0
deserialize,960,0
mult,359472,0
deserialize,1081,0
mult,365744,0
deserialize,1110,0
mult,359495,0
deserialize,869,0
mult,360203,0
deserialize,902,0
mult,367421,0
deserialize,1306,0
mult,359842,0
deserialize,982,0
mult,357868,0
deserialize,820,0
mult,356759,0
deserialize,993,0
mult,363419,0
deserialize,1057,0
mult,357078,0
deserialize,1010,0
mult,357793,0
deserialize,885,0
mult,357397,0
deserialize,959,0
mult,357290,0
deserialize,860,0
mult,358422,0
deserialize,960,0
mult,359416,0
deserialize,860,0
mult,357972,0
deserialize,978,0
mult,362551,0
deserialize,855,0
mult,359682,0
deserialize,964,0
mult,359811,0
deserialize,858,0
mult,374524,0
deserialize,1053,0
mult,358169,0
deserialize,930,0
mult,362557,0
deserialize,898,0
mult,357755,0
deserialize,859,0
mult,357124,0
deserialize,908,0
mult,361519,0
deserialize,851,0
mult,358498,0
deserialize,1077,0
mult,364829,0
deserialize,837,0
mult,358835,0
deserialize,1211,0
mult,359183,0
deserialize,894,0
mult,367115,0
deserialize,972,0
mult,366101,0
deserialize,1055,0
mult,358829,0
deserialize,1127,0
mult,356617,0
deserialize,841,0
mult,356543,0
deserialize,924,0
mult,356255,0
deserialize,866,0
mult,356525,0
deserialize,890,0
mult,357167,0
deserialize,863,0
mult,357686,0
deserialize,895,0
mult,358382,0
deserialize,866,0
mult,359974,0
deserialize,863,0
mult,357901,0
deserialize,863,0
mult,368276,0
deserialize,1010,0
mult,359258,0
deserialize,962,0
mult,362106,0
deserialize,867,0
mult,357215,0
deserialize,886,0
mult,357415,0
deserialize,975,0
mult,362035,0
deserialize,1118,0
mult,357608,0
deserialize,988,0
mult,357177,0
deserialize,1157,0
mult,360013,0
deserialize,933,0
mult,358699,0
deserialize,912,0
mult,366194,0
deserialize,928,0
mult,363771,0
deserialize,1090,0
mult,358347,0
deserialize,1005,0
mult,365362,0
deserialize,928,0
mult,360201,0
deserialize,887,0
mult,360751,0
deserialize,867,0
mult,357188,0
deserialize,876,0
mult,356416,0
deserialize,870,0
mult,356343,0
deserialize,876,0
mult,356608,0
deserialize,897,0
mult,356192,0
deserialize,916,0
mult,356658,0
deserialize,1131,0
mult,362252,0
deserialize,1092,0
mult,359084,0
deserialize,989,0
mult,357616,0
deserialize,1191,0
mult,360927,0
deserialize,865,0
mult,358986,0
deserialize,887,0
mult,361606,0
deserialize,878,0
mult,356950,0
deserialize,896,0
mult,356921,0
deserialize,895,0
mult,362088,0
deserialize,916,0
mult,357650,0
deserialize,875,0
mult,357178,0
deserialize,886,0
mult,365031,0
deserialize,1006,0
mult,358408,0
deserialize,1236,0
mult,364695,0
deserialize,935,0
mult,358830,0
deserialize,1046,0
mult,358917,0
deserialize,853,0
mult,364628,0
deserialize,1062,0
mult,360849,0
deserialize,861,0
mult,362172,0
deserialize,1063,0
mult,356497,0
deserialize,870,0
mult,356629,0
deserialize,951,0
mult,356604,0
deserialize,859,0
mult,364267,0
deserialize,1381,0
mult,356441,0
deserialize,1180,0
mult,356292,0
deserialize,886,0
mult,357070,0
deserialize,885,0
mult,358914,0
deserialize,1340,0
mult,358017,0
deserialize,874,0
mult,360405,0
deserialize,881,0
mult,358832,0
deserialize,853,0
mult,362981,0
deserialize,990,0
mult,356688,0
deserialize,849,0
mult,357038,0
deserialize,1020,0
mult,369285,0
deserialize,1306,0
mult,358278,0
deserialize,1067,0
mult,357830,0
deserialize,897,0
mult,358126,0
deserialize,903,0
mult,358113,0
deserialize,879,0
mult,364377,0
deserialize,917,0
mult,359378,0
deserialize,902,0
mult,360407,0
deserialize,885,0
mult,363189,0
deserialize,847,0
mult,361604,0
deserialize,940,0
mult,364186,0
deserialize,915,0
mult,519489,0
deserialize,1029,0
mult,356886,0
deserialize,1337,0
mult,356201,0
deserialize,1016,0
mult,356636,0
deserialize,936,0
mult,356564,0
deserialize,1010,0
mult,356898,0
deserialize,934,0
mult,356537,0
deserialize,878,0
mult,358812,0
deserialize,973,0
mult,358464,0
deserialize,884,0
mult,359885,0
deserialize,923,0
mult,358406,0
deserialize,904,0
mult,370744,0
deserialize,1064,0
mult,357936,0
deserialize,946,0
mult,356574,0
deserialize,862,0
mult,360431,0
deserialize,892,0
mult,358079,0
deserialize,893,0
mult,359098,0
deserialize,997,0
mult,357229,0
deserialize,906,0
mult,357598,0
deserialize,1313,0
mult,362129,0
deserialize,878,0
mult,360307,0
deserialize,1236,0
mult,362254,0
deserialize,875,0
mult,367006,0
deserialize,1054,0
mult,361275,0
deserialize,964,0
mult,364867,0
deserialize,887,0
mult,357245,0
deserialize,900,0
mult,357069,0
deserialize,936,0
mult,357025,0
deserialize,863,0
mult,356814,0
deserialize,861,0
mult,356357,0
deserialize,867,0
mult,356601,0
deserialize,1075,0
mult,357074,0
deserialize,1432,0
mult,357807,0
deserialize,968,0
mult,363906,0
deserialize,1017,0
mult,359558,0
deserialize,1048,0
mult,357763,0
deserialize,915,0
mult,363651,0
deserialize,984,0
mult,357749,0
deserialize,864,0
mult,357154,0
deserialize,969,0
mult,359941,0
deserialize,870,0
mult,358514,0
deserialize,994,0
mult,360170,0
deserialize,862,0
mult,356888,0
deserialize,983,0
mult,357654,0
deserialize,884,0
mult,366335,0
deserialize,1122,0
mult,358440,0
deserialize,926,0
mult,364054,0
deserialize,1004,0
mult,359766,0
deserialize,846,0
mult,360073,0
deserialize,950,0
mult,365757,0
deserialize,892,0
mult,357749,0
deserialize,907,0
mult,357778,0
deserialize,860,0
mult,356341,0
deserialize,988,0
mult,356898,0
deserialize,853,0
mult,357252,0
deserialize,887,0
mult,362618,0
deserialize,1001,0
mult,356941,0
deserialize,965,0
mult,357571,0
deserialize,874,0
mult,358376,0
deserialize,887,0
mult,359191,0
deserialize,860,0
mult,357412,0
deserialize,888,0
mult,363804,0
deserialize,1373,0
mult,358812,0
deserialize,1006,0
mult,358194,0
deserialize,880,0
mult,358338,0
deserialize,925,0
mult,358274,0
deserialize,881,0
mult,367045,0
deserialize,1272,0
mult,356764,0
deserialize,971,0
mult,357464,0
deserialize,1128,0
mult,360840,0
deserialize,852,0
mult,359098,0
deserialize,918,0
mult,364630,0
deserialize,1027,0
mult,358597,0
deserialize,864,0
mult,359481,0
deserialize,1025,0
mult,366622,0
deserialize,1041,0
mult,358841,0
deserialize,908,0
mult,357538,0
deserialize,875,0
mult,362881,0
deserialize,1091,0
mult,356607,0
deserialize,1004,0
mult,356419,0
deserialize,1048,0
mult,356842,0
deserialize,1050,0
mult,356241,0
deserialize,1084,0
mult,356846,0
deserialize,892,0
mult,358212,0
deserialize,1068,0
mult,358898,0
deserialize,978,0
mult,357305,0
deserialize,878,0
mult,362339,0
deserialize,907,0
mult,359509,0
deserialize,884,0
mult,365871,0
deserialize,969,0
mult,369311,0
deserialize,910,0
mult,358045,0
deserialize,1071,0
mult,361587,0
deserialize,836,0
mult,356916,0
deserialize,884,0
mult,357483,0
deserialize,899,0
mult,360174,0
deserialize,925,0
mult,358666,0
deserialize,1156,0
mult,365104,0
deserialize,996,0
mult,357875,0
deserialize,889,0
mult,358264,0
deserialize,905,0
mult,371828,0
deserialize,1013,0
mult,360232,0
deserialize,1001,0
mult,359080,0
deserialize,877,0
mult,356585,0
deserialize,874,0
mult,357109,0
deserialize,860,0
mult,356523,0
deserialize,957,0
mult,357151,0
deserialize,871,0
mult,356526,0
deserialize,1060,0
mult,356946,0
deserialize,897,0
mult,357103,0
deserialize,949,0
mult,358935,0
deserialize,873,0
mult,358571,0
deserialize,939,0
mult,367178,0
deserialize,943,0
mult,359586,0
deserialize,1012,0
mult,360527,0
deserialize,888,0
mult,356641,0
deserialize,892,0
mult,357765,0
deserialize,915,0
mult,361745,0
deserialize,982,0
mult,356839,0
deserialize,864,0
mult,356807,0
deserialize,1029,0
mult,359705,0
deserialize,870,0
mult,357779,0
deserialize,962,0
mult,365877,0
deserialize,964,0
mult,363890,0
deserialize,1231,0
mult,358212,0
deserialize,919,0
mult,365638,0
gemm,9.0931e+08,0
wait_all,7.01725e+08,0
deserialize,3015,0
mult,372929,0
deserialize,1508,0
mult,370292,0
deserialize,914,0
mult,369655,0
deserialize,918,0
mult,371266,0
deserialize,862,0
mult,369394,0
deserialize,871,0
mult,375383,0
deserialize,957,0
mult,368588,0
deserialize,957,0
mult,368504,0
deserialize,877,0
mult,369246,0
deserialize,903,0
mult,369232,0
deserialize,874,0
mult,369526,0
deserialize,937,0
mult,376181,0
deserialize,890,0
mult,375547,0
deserialize,965,0
mult,378904,0
deserialize,838,0
mult,373304,0
deserialize,862,0
mult,378804,0
deserialize,855,0
mult,380104,0
deserialize,1043,0
mult,373498,0
deserialize,891,0
mult,372434,0
deserialize,910,0
mult,369578,0
deserialize,847,0
mult,371007,0
deserialize,845,0
mult,370217,0
deserialize,839,0
mult,368159,0
deserialize,959,0
mult,370208,0
deserialize,887,0
mult,370522,0
deserialize,861,0
mult,370434,0
deserialize,878,0
mult,376900,0
deserialize,1033,0
mult,367830,0
deserialize,949,0
mult,369853,0
deserialize,890,0
mult,368863,0
deserialize,1333,0
mult,368771,0
deserialize,888,0
mult,369350,0
deserialize,981,0
mult,369667,0
deserialize,923,0
mult,369660,0
deserialize,956,0
mult,368873,0
deserialize,925,0
mult,370245,0
deserialize,933,0
mult,374642,0
deserialize,888,0
mult,380434,0
deserialize,957,0
mult,378466,0
deserialize,978,0
mult,374548,0
deserialize,922,0
mult,378238,0
deserialize,887,0
mult,373946,0
deserialize,853,0
mult,375946,0
deserialize,886,0
mult,373127,0
deserialize,867,0
mult,370243,0
deserialize,903,0
mult,372061,0
deserialize,913,0
mult,370400,0
deserialize,863,0
mult,369330,0
deserialize,878,0
mult,376067,0
deserialize,1031,0
mult,369486,0
deserialize,939,0
mult,369701,0
deserialize,926,0
mult,370378,0
deserialize,870,0
mult,368751,0
deserialize,904,0
mult,370237,0
deserialize,1138,0
mult,368427,0
deserialize,906,0
mult,369017,0
deserialize,873,0
mult,368622,0
deserialize,1001,0
mult,369816,0
deserialize,1172,0
mult,1.70703e+06,0
deserialize,937,0
mult,1.80808e+06,0
deserialize,945,0
mult,1.64214e+06,0
deserialize,955,0
mult,1.29669e+06,0
deserialize,1082,0
mult,368103,0
deserialize,991,0
mult,368646,0
deserialize,974,0
mult,377426,0
deserialize,1002,0
mult,374972,0
deserialize,934,0
mult,379170,0
deserialize,841,0
mult,378686,0
deserialize,1070,0
mult,376657,0
deserialize,982,0
mult,372229,0
deserialize,897,0
mult,371622,0
deserialize,926,0
mult,372076,0
deserialize,1156,0
mult,368500,0
deserialize,915,0
mult,369208,0
deserialize,896,0
mult,369748,0
deserialize,875,0
mult,369038,0
deserialize,1340,0
mult,368530,0
deserialize,987,0
mult,377451,0
deserialize,1037,0
mult,367897,0
deserialize,1070,0
mult,367848,0
deserialize,1033,0
mult,367369,0
deserialize,945,0
mult,370357,0
deserialize,961,0
mult,368168,0
deserialize,899,0
mult,367812,0
deserialize,865,0
mult,368223,0
deserialize,814,0
mult,367881,0
deserialize,850,0
mult,368221,0
deserialize,876,0
mult,368347,0
deserialize,1102,0
mult,376487,0
deserialize,1167,0
mult,375736,0
deserialize,980,0
mult,375451,0
deserialize,953,0
mult,378934,0
deserialize,900,0
mult,372988,0
deserialize,943,0
mult,377247,0
deserialize,913,0
mult,372744,0
deserialize,932,0
mult,372872,0
deserialize,847,0
mult,371907,0
deserialize,979,0
mult,369962,0
deserialize,894,0
mult,369757,0
deserialize,922,0
mult,375945,0
deserialize,994,0
mult,367876,0
deserialize,1012,0
mult,369306,0
deserialize,853,0
mult,370194,0
deserialize,1417,0
mult,368876,0
deserialize,958,0
mult,369757,0
deserialize,989,0
mult,368212,0
deserialize,857,0
mult,369390,0
deserialize,1122,0
mult,368793,0
deserialize,873,0
mult,368671,0
deserialize,1027,0
mult,368283,0
deserialize,917,0
mult,374170,0
deserialize,1103,0
mult,368724,0
deserialize,1003,0
mult,369063,0
deserialize,966,0
mult,369747,0
deserialize,867,0
mult,375595,0
deserialize,890,0
mult,374444,0
deserialize,911,0
mult,378742,0
deserialize,17381,0
mult,406167,0
deserialize,1050,0
mult,406651,0
deserialize,1023,0
mult,401298,0
deserialize,911,0
mult,403514,0
deserialize,1034,0
mult,398404,0
deserialize,1127,0
mult,404297,0
deserialize,894,0
mult,401737,0
deserialize,884,0
mult,404149,0
deserialize,866,0
mult,397277,0
deserialize,880,0
mult,396600,0
deserialize,1126,0
mult,400185,0
deserialize,858,0
mult,399689,0
deserialize,1257,0
mult,408043,0
deserialize,892,0
mult,407517,0
deserialize,1218,0
mult,402158,0
deserialize,947,0
mult,412770,0
deserialize,905,0
mult,406687,0
deserialize,860,0
mult,408167,0
deserialize,888,0
mult,398346,0
deserialize,891,0
mult,397683,0
deserialize,908,0
mult,396609,0
deserialize,882,0
mult,395748,0
deserialize,941,0
mult,395999,0
deserialize,877,0
mult,402683,0
deserialize,987,0
mult,395627,0
deserialize,977,0
mult,394837,0
deserialize,924,0
mult,395317,0
deserialize,863,0
mult,401316,0
deserialize,877,0
mult,397990,0
deserialize,886,0
mult,399390,0
deserialize,884,0
mult,403577,0
deserialize,860,0
mult,401231,0
deserialize,859,0
mult,405920,0
deserialize,865,0
mult,403813,0
deserialize,981,0
mult,397072,0
deserialize,997,0
mult,399222,0
deserialize,942,0
mult,399510,0
deserialize,928,0
mult,408103,0
deserialize,1072,0
mult,400807,0
deserialize,895,0
mult,402196,0
deserialize,870,0
mult,410676,0
deserialize,966,0
mult,406603,0
deserialize,895,0
mult,409376,0
deserialize,948,0
mult,405696,0
deserialize,1081,0
mult,397912,0
deserialize,1133,0
mult,395912,0
deserialize,855,0
mult,396280,0
deserialize,923,0
mult,396299,0
deserialize,843,0
mult,395194,0
deserialize,959,0
mult,395727,0
deserialize,896,0
mult,395804,0
deserialize,951,0
mult,395713,0
deserialize,881,0
mult,400399,0
deserialize,867,0
mult,405267,0
deserialize,1173,0
mult,400463,0
deserialize,912,0
mult,403266,0
deserialize,847,0
mult,401418,0
deserialize,1227,0
mult,406244,0
deserialize,909,0
mult,399752,0
deserialize,905,0
mult,398719,0
deserialize,868,0
mult,397033,0
deserialize,888,0
mult,398608,0
deserialize,839,0
mult,406894,0
deserialize,1020,0
mult,399803,0
deserialize,1116,0
mult,403041,0
deserialize,1373,0
mult,409573,0
deserialize,897,0
mult,406525,0
deserialize,891,0
mult,410648,0
deserialize,877,0
mult,401134,0
deserialize,880,0
mult,399133,0
deserialize,955,0
mult,397483,0
deserialize,1008,0
mult,396946,0
deserialize,891,0
mult,402207,0
deserialize,1289,0
mult,394852,0
deserialize,979,0
mult,395060,0
deserialize,883,0
mult,395930,0
deserialize,958,0
mult,395509,0
deserialize,875,0
mult,399791,0
deserialize,947,0
mult,397389,0
deserialize,921,0
mult,401299,0
deserialize,958,0
mult,401803,0
deserialize,863,0
mult,401283,0
deserialize,1103,0
mult,411676,0
deserialize,1250,0
mult,399670,0
deserialize,886,0
mult,399482,0
deserialize,899,0
mult,395540,0
deserialize,862,0
mult,397597,0
deserialize,869,0
mult,406791,0
deserialize,856,0
mult,401873,0
deserialize,1090,0
mult,405624,0
deserialize,910,0
mult,408653,0
deserialize,902,0
mult,406193,0
deserialize,924,0
mult,419553,0
deserialize,1018,0
mult,401391,0
deserialize,980,0
mult,399920,0
deserialize,874,0
mult,396060,0
deserialize,870,0
mult,395887,0
deserialize,971,0
mult,395596,0
deserialize,942,0
mult,395275,0
deserialize,989,0
mult,396040,0
deserialize,863,0
mult,395430,0
deserialize,856,0
mult,395974,0
deserialize,857,0
mult,403752,0
deserialize,1080,0
mult,395908,0
deserialize,929,0
mult,401445,0
deserialize,960,0
mult,399812,0
deserialize,900,0
mult,400003,0
deserialize,967,0
mult,406130,0
deserialize,901,0
mult,401443,0
deserialize,1211,0
mult,401315,0
deserialize,898,0
mult,396680,0
deserialize,936,0
mult,395899,0
deserialize,890,0
mult,412730,0
deserialize,1092,0
mult,400844,0
deserialize,927,0
mult,405988,0
deserialize,930,0
mult,407013,0
deserialize,877,0
mult,406462,0
deserialize,1017,0
mult,412553,0
deserialize,866,0
mult,403173,0
deserialize,888,0
mult,402530,0
deserialize,883,0
mult,397186,0
deserialize,960,0
mult,395847,0
deserialize,848,0
mult,400873,0
deserialize,1002,0
mult,394993,0
deserialize,984,0
mult,395481,0
deserialize,1000,0
mult,394790,0
deserialize,841,0
mult,395957,0
deserialize,891,0
mult,397590,0
deserialize,859,0
mult,396949,0
deserialize,929,0
mult,402402,0
deserialize,864,0
mult,398909,0
deserialize,967,0
mult,400083,0
deserialize,868,0
mult,411738,0
deserialize,1027,0
mult,400681,0
deserialize,963,0
mult,401907,0
deserialize,902,0
mult,396326,0
deserialize,893,0
mult,395853,0
deserialize,964,0
mult,404052,0
deserialize,914,0
mult,401353,0
deserialize,897,0
mult,408021,0
deserialize,877,0
mult,404842,0
deserialize,991,0
mult,405210,0
deserialize,959,0
mult,421399,0
deserialize,1015,0
mult,403433,0
deserialize,976,0
mult,402487,0
deserialize,1060,0
mult,396935,0
deserialize,973,0
mult,396260,0
deserialize,893,0
mult,395961,0
deserialize,955,0
mult,395839,0
deserialize,866,0
mult,395634,0
deserialize,922,0
mult,395179,0
deserialize,860,0
mult,395574,0
deserialize,892,0
mult,401389,0
deserialize,1014,0
mult,395037,0
deserialize,917,0
mult,401571,0
deserialize,867,0
mult,397147,0
deserialize,1107,0
mult,398759,0
deserialize,887,0
mult,403910,0
deserialize,926,0
mult,400992,0
deserialize,925,0
mult,403353,0
deserialize,924,0
mult,396631,0
deserialize,886,0
mult,396101,0
deserialize,894,0
mult,408251,0
deserialize,1042,0
mult,399949,0
deserialize,1018,0
mult,407275,0
deserialize,989,0
mult,403095,0
deserialize,899,0
mult,404085,0
deserialize,884,0
mult,412735,0
deserialize,850,0
mult,404227,0
deserialize,867,0
mult,404873,0
deserialize,867,0
mult,397561,0
deserialize,1058,0
mult,396213,0
deserialize,840,0
mult,402274,0
deserialize,1082,0
mult,395308,0
deserialize,903,0
mult,394937,0
deserialize,1002,0
mult,394801,0
deserialize,857,0
mult,395840,0
deserialize,941,0
mult,394774,0
deserialize,853,0
mult,394534,0
deserialize,1036,0
mult,400292,0
deserialize,861,0
mult,396823,0
deserialize,1223,0
mult,397973,0
deserialize,859,0
mult,409289,0
deserialize,1250,0
mult,400750,0
deserialize,934,0
mult,404534,0
deserialize,912,0
mult,398002,0
deserialize,890,0
mult,395250,0
deserialize,874,0
mult,400093,0
deserialize,995,0
mult,399678,0
deserialize,895,0
mult,408022,0
deserialize,913,0
mult,401486,0
deserialize,854,0
mult,402647,0
deserialize,875,0
mult,420956,0
deserialize,940,0
mult,405410,0
deserialize,918,0
mult,406333,0
deserialize,971,0
mult,398199,0
deserialize,886,0
mult,397040,0
deserialize,1006,0
mult,395917,0
deserialize,822,0
mult,395512,0
deserialize,882,0
mult,394624,0
deserialize,865,0
mult,394462,0
deserialize,864,0
mult,395137,0
deserialize,874,0
mult,411943,0
deserialize,989,0
mult,395063,0
deserialize,956,0
mult,400858,0
deserialize,954,0
mult,396564,0
deserialize,869,0
mult,398677,0
deserialize,834,0
mult,403134,0
deserialize,928,0
mult,400988,0
deserialize,1004,0
mult,405186,0
deserialize,970,0
mult,398183,0
deserialize,917,0
mult,397382,0
deserialize,962,0
mult,403582,0
deserialize,1106,0
mult,398921,0
deserialize,956,0
mult,407066,0
deserialize,902,0
mult,400318,0
deserialize,1035,0
mult,401249,0
deserialize,994,0
mult,409935,0
deserialize,880,0
mult,406167,0
deserialize,887,0
mult,408971,0
deserialize,1117,0
mult,399356,0
deserialize,930,0
mult,405124,0
deserialize,1003,0
mult,396323,0
deserialize,957,0
mult,394702,0
deserialize,891,0
mult,395221,0
deserialize,1002,0
mult,395280,0
deserialize,902,0
mult,394973,0
deserialize,952,0
mult,394502,0
deserialize,967,0
mult,395251,0
deserialize,883,0
mult,399891,0
deserialize,1120,0
mult,396760,0
deserialize,872,0
mult,399940,0
deserialize,887,0
mult,408848,0
deserialize,1077,0
mult,400769,0
deserialize,908,0
mult,405151,0
deserialize,1124,0
mult,398799,0
deserialize,866,0
mult,398033,0
deserialize,874,0
mult,396330,0
deserialize,896,0
mult,396420,0
deserialize,888,0
mult,406762,0
deserialize,1001,0
mult,399934,0
deserialize,998,0
mult,408263,0
deserialize,1013,0
mult,409783,0
deserialize,982,0
mult,406182,0
deserialize,873,0
mult,411060,0
deserialize,1078,0
mult,400804,0
deserialize,858,0
mult,398298,0
deserialize,940,0
mult,396484,0
deserialize,867,0
mult,395452,0
deserialize,936,0
mult,394980,0
deserialize,888,0
mult,394721,0
deserialize,857,0
mult,401295,0
deserialize,1013,0
mult,394368,0
deserialize,1042,0
mult,394785,0
deserialize,879,0
mult,398617,0
deserialize,906,0
mult,396775,0
deserialize,875,0
mult,400153,0
deserialize,950,0
mult,400316,0
deserialize,908,0
mult,400290,0
deserialize,987,0
mult,405388,0
deserialize,885,0
mult,399494,0
deserialize,1215,0
mult,404770,0
deserialize,999,0
mult,395552,0
deserialize,1204,0
mult,396488,0
deserialize,909,0
mult,406227,0
deserialize,1027,0
mult,401261,0
deserialize,909,0
mult,404264,0
deserialize,883,0
mult,408302,0
deserialize,855,0
mult,406000,0
deserialize,876,0
mult,412310,0
deserialize,1174,0
mult,401833,0
deserialize,897,0
mult,405653,0
deserialize,1148,0
mult,396526,0
deserialize,1184,0
mult,395594,0
deserialize,1022,0
mult,394997,0
deserialize,892,0
mult,395027,0
deserialize,940,0
mult,394549,0
deserialize,865,0
mult,395039,0
deserialize,969,0
mult,394940,0
deserialize,884,0
mult,397693,0
deserialize,978,0
mult,396599,0
deserialize,1006,0
mult,406837,0
deserialize,1053,0
mult,399636,0
deserialize,923,0
mult,399154,0
deserialize,874,0
mult,405317,0
deserialize,883,0
mult,399823,0
deserialize,891,0
mult,400196,0
deserialize,887,0
mult,395736,0
deserialize,844,0
mult,394919,0
deserialize,946,0
mult,404602,0
deserialize,887,0
mult,401393,0
deserialize,984,0
mult,414924,0
deserialize,992,0
mult,407106,0
deserialize,1264,0
mult,405993,0
deserialize,1011,0
mult,412263,0
deserialize,883,0
mult,401774,0
deserialize,847,0
mult,401267,0
deserialize,896,0
mult,396217,0
deserialize,863,0
mult,396493,0
deserialize,862,0
mult,394800,0
deserialize,871,0
mult,395098,0
deserialize,877,0
mult,401155,0
deserialize,1025,0
mult,394422,0
deserialize,945,0
mult,395694,0
deserialize,880,0
mult,396723,0
deserialize,926,0
mult,396167,0
deserialize,852,0
mult,401517,0
deserialize,957,0
mult,399082,0
deserialize,884,0
mult,399091,0
deserialize,1204,0
mult,405196,0
deserialize,873,0
mult,400246,0
deserialize,943,0
mult,408019,0
deserialize,972,0
mult,395643,0
deserialize,1050,0
mult,395711,0
deserialize,870,0
mult,403082,0
deserialize,1192,0
mult,400794,0
deserialize,846,0
mult,406315,0
deserialize,1050,0
mult,404793,0
deserialize,842,0
mult,404262,0
deserialize,1035,0
mult,411940,0
deserialize,1122,0
mult,403864,0
deserialize,945,0
mult,409797,0
deserialize,1007,0
mult,396070,0
deserialize,973,0
mult,395797,0
deserialize,824,0
mult,394694,0
deserialize,872,0
mult,395551,0
deserialize,867,0
mult,395199,0
deserialize,916,0
mult,394571,0
deserialize,1023,0
mult,395305,0
deserialize,1081,0
mult,395619,0
deserialize,829,0
mult,394805,0
deserialize,889,0
mult,407202,0
deserialize,1391,0
mult,397310,0
deserialize,934,0
mult,398230,0
deserialize,890,0
mult,403831,0
deserialize,895,0
mult,400770,0
deserialize,1067,0
mult,402604,0
deserialize,958,0
mult,396749,0
deserialize,891,0
mult,396192,0
deserialize,969,0
mult,402089,0
deserialize,907,0
mult,400810,0
deserialize,897,0
mult,412903,0
deserialize,1125,0
mult,402297,0
deserialize,940,0
mult,404053,0
deserialize,938,0
mult,412880,0
deserialize,986,0
mult,403689,0
deserialize,860,0
mult,404494,0
deserialize,873,0
mult,397745,0
deserialize,929,0
mult,395676,0
deserialize,873,0
mult,395508,0
deserialize,930,0
mult,394624,0
deserialize,1041,0
mult,400866,0
deserialize,977,0
mult,395153,0
deserialize,968,0
mult,394870,0
deserialize,897,0
mult,395293,0
deserialize,951,0
mult,394594,0
deserialize,959,0
mult,400223,0
deserialize,888,0
mult,397257,0
deserialize,880,0
mult,398257,0
deserialize,887,0
mult,403656,0
deserialize,926,0
mult,400997,0
deserialize,964,0
mult,409167,0
deserialize,980,0
mult,396715,0
deserialize,948,0
mult,396440,0
deserialize,894,0
mult,400425,0
deserialize,963,0
mult,398695,0
deserialize,999,0
mult,407663,0
deserialize,917,0
mult,400850,0
deserialize,864,0
mult,402490,0
deserialize,1267,0
mult,411870,0
deserialize,1012,0
mult,405612,0
deserialize,930,0
mult,412478,0
deserialize,910,0
mult,397962,0
deserialize,979,0
mult,396819,0
deserialize,894,0
mult,395504,0
deserialize,901,0
mult,394827,0
deserialize,865,0
mult,395201,0
deserialize,1033,0
mult,394970,0
deserialize,1140,0
mult,395953,0
deserialize,1082,0
mult,394835,0
deserialize,864,0
mult,394489,0
deserialize,928,0
mult,405615,0
deserialize,937,0
mult,396810,0
deserialize,972,0
mult,398845,0
deserialize,868,0
mult,402595,0
deserialize,1433,0
mult,400930,0
deserialize,898,0
mult,404983,0
deserialize,972,0
mult,397983,0
deserialize,1263,0
mult,396707,0
deserialize,1000,0
mult,397974,0
deserialize,878,0
mult,397486,0
deserialize,905,0
mult,413874,0
deserialize,1027,0
mult,399567,0
deserialize,1166,0
mult,400933,0
deserialize,910,0
mult,410932,0
gemm,9.01055e+08,0
wait_all,7.01715e+08,0
deserialize,2686,0
mult,412269,0
deserialize,1069,0
mult,403158,0
deserialize,862,0
mult,410610,0
deserialize,1067,0
mult,412620,0
deserialize,971,0
mult,405065,0
deserialize,893,0
mult,405410,0
deserialize,892,0
mult,397919,0
deserialize,917,0
mult,398120,0
deserialize,810,0
mult,396332,0
deserialize,1038,0
mult,396505,0
deserialize,852,0
mult,395832,0
deserialize,1258,0
mult,396058,0
deserialize,864,0
mult,402659,0
deserialize,1032,0
mult,394696,0
deserialize,875,0
mult,395683,0
deserialize,864,0
mult,401645,0
deserialize,877,0
mult,397210,0
deserialize,940,0
mult,398844,0
deserialize,823,0
mult,403698,0
deserialize,885,0
mult,401968,0
deserialize,870,0
mult,405491,0
deserialize,866,0
mult,398467,0
deserialize,912,0
mult,403396,0
deserialize,950,0
mult,399908,0
deserialize,1003,0
mult,399876,0
deserialize,846,0
mult,408209,0
deserialize,878,0
mult,401442,0
deserialize,859,0
mult,403510,0
deserialize,935,0
mult,411642,0
deserialize,870,0
mult,406076,0
deserialize,915,0
mult,407995,0
deserialize,877,0
mult,399259,0
deserialize,1469,0
mult,403992,0
deserialize,1017,0
mult,396205,0
deserialize,1021,0
mult,395901,0
deserialize,929,0
mult,395936,0
deserialize,936,0
mult,395729,0
deserialize,916,0
mult,396296,0
deserialize,805,0
mult,396879,0
deserialize,873,0
mult,395622,0
deserialize,918,0
mult,400833,0
deserialize,858,0
mult,397318,0
deserialize,885,0
mult,406137,0
deserialize,985,0
mult,402967,0
deserialize,900,0
mult,402087,0
deserialize,887,0
mult,406421,0
deserialize,816,0
mult,398579,0
deserialize,1183,0
mult,397967,0
deserialize,907,0
mult,399527,0
deserialize,877,0
mult,398641,0
deserialize,910,0
mult,407647,0
deserialize,888,0
mult,400504,0
deserialize,944,0
mult,409000,0
deserialize,962,0
mult,411016,0
deserialize,863,0
mult,406315,0
deserialize,896,0
mult,408490,0
deserialize,860,0
mult,398316,0
deserialize,970,0
mult,395577,0
deserialize,1006,0
mult,1.70509e+06,0
deserialize,968,0
mult,1.81074e+06,0
deserialize,867,0
mult,1.63218e+06,0
deserialize,972,0
mult,1.31392e+06,0
deserialize,1137,0
mult,404671,0
deserialize,947,0
mult,402488,0
deserialize,896,0
mult,395264,0
deserialize,860,0
mult,395712,0
deserialize,919,0
mult,397607,0
deserialize,883,0
mult,395534,0
deserialize,895,0
mult,400930,0
deserialize,937,0
mult,404670,0
deserialize,1030,0
mult,398924,0
deserialize,908,0
mult,404831,0
deserialize,978,0
mult,401334,0
deserialize,924,0
mult,401694,0
deserialize,1000,0
mult,395922,0
deserialize,873,0
mult,395918,0
deserialize,914,0
mult,404027,0
deserialize,979,0
mult,401094,0
deserialize,898,0
mult,407396,0
deserialize,929,0
mult,411554,0
deserialize,1113,0
mult,404286,0
deserialize,1203,0
mult,412601,0
deserialize,860,0
mult,403414,0
deserialize,1124,0
mult,403200,0
deserialize,1056,0
mult,397495,0
deserialize,819,0
mult,396050,0
deserialize,910,0
mult,395692,0
deserialize,1203,0
mult,395268,0
deserialize,1042,0
mult,395040,0
deserialize,1036,0
mult,401753,0
deserialize,1034,0
mult,394651,0
deserialize,971,0
mult,395218,0
deserialize,850,0
mult,395244,0
deserialize,991,0
mult,401534,0
deserialize,874,0
mult,398010,0
deserialize,960,0
mult,398439,0
deserialize,800,0
mult,404934,0
deserialize,966,0
mult,401280,0
deserialize,968,0
mult,403254,0
deserialize,930,0
mult,404091,0
deserialize,1095,0
mult,395576,0
deserialize,1007,0
mult,402627,0
deserialize,866,0
mult,400290,0
deserialize,885,0
mult,408105,0
deserialize,903,0
mult,403141,0
deserialize,869,0
mult,403894,0
deserialize,883,0
mult,412155,0
deserialize,893,0
mult,405144,0
deserialize,871,0
mult,404750,0
deserialize,941,0
mult,403624,0
deserialize,1020,0
mult,395280,0
deserialize,982,0
mult,396070,0
deserialize,903,0
mult,395244,0
deserialize,974,0
mult,395356,0
deserialize,881,0
mult,395384,0
deserialize,857,0
mult,395074,0
deserialize,903,0
mult,395252,0
deserialize,20708,0
mult,406226,0
deserialize,1050,0
mult,375544,0
deserialize,1300,0
mult,385954,0
deserialize,1022,0
mult,373411,0
deserialize,904,0
mult,372481,0
deserialize,942,0
mult,372970,0
deserialize,890,0
mult,369185,0
deserialize,895,0
mult,369998,0
deserialize,1113,0
mult,369854,0
deserialize,890,0
mult,368934,0
deserialize,1103,0
mult,370660,0
deserialize,847,0
mult,370754,0
deserialize,951,0
mult,369818,0
deserialize,887,0
mult,376027,0
deserialize,1072,0
mult,367932,0
deserialize,1089,0
mult,369616,0
deserialize,948,0
mult,369239,0
deserialize,961,0
mult,368493,0
deserialize,829,0
mult,368375,0
deserialize,1022,0
mult,369706,0
deserialize,899,0
mult,368115,0
deserialize,892,0
mult,368653,0
deserialize,887,0
mult,370182,0
deserialize,864,0
mult,373731,0
deserialize,862,0
mult,380620,0
deserialize,962,0
mult,378322,0
deserialize,920,0
mult,373620,0
deserialize,940,0
mult,378499,0
deserialize,902,0
mult,373981,0
deserialize,883,0
mult,374930,0
deserialize,887,0
mult,372991,0
deserialize,1023,0
mult,369154,0
deserialize,867,0
mult,370679,0
deserialize,857,0
mult,368324,0
deserialize,844,0
mult,375896,0
deserialize,1076,0
mult,369372,0
deserialize,946,0
mult,368842,0
deserialize,1034,0
mult,369819,0
deserialize,857,0
mult,370602,0
deserialize,908,0
mult,368591,0
deserialize,1025,0
mult,369608,0
deserialize,983,0
mult,368918,0
deserialize,1085,0
mult,368047,0
deserialize,956,0
mult,368368,0
deserialize,884,0
mult,369370,0
deserialize,954,0
mult,375826,0
deserialize,1030,0
mult,368016,0
deserialize,965,0
mult,370152,0
deserialize,880,0
mult,372830,0
deserialize,1026,0
mult,374221,0
deserialize,1126,0
mult,379578,0
deserialize,877,0
mult,374910,0
deserialize,888,0
mult,379154,0
deserialize,871,0
mult,373059,0
deserialize,1170,0
mult,376917,0
deserialize,864,0
mult,372161,0
deserialize,880,0
mult,375255,0
deserialize,999,0
mult,372377,0
deserialize,907,0
mult,369045,0
deserialize,883,0
mult,368972,0
deserialize,860,0
mult,370560,0
deserialize,891,0
mult,370047,0
deserialize,855,0
mult,369075,0
deserialize,890,0
mult,371054,0
deserialize,883,0
mult,368512,0
deserialize,861,0
mult,369392,0
deserialize,875,0
mult,368724,0
deserialize,934,0
mult,375073,0
deserialize,1034,0
mult,368482,0
deserialize,931,0
mult,367938,0
deserialize,963,0
mult,368454,0
deserialize,871,0
mult,369621,0
deserialize,894,0
mult,370421,0
deserialize,894,0
mult,371844,0
deserialize,934,0
mult,372694,0
deserialize,919,0
mult,379867,0
deserialize,1001,0
mult,375556,0
deserialize,912,0
mult,383698,0
deserialize,1053,0
mult,372587,0
deserialize,901,0
mult,377150,0
deserialize,959,0
mult,372926,0
deserialize,887,0
mult,370238,0
deserialize,1276,0
mult,372485,0
deserialize,918,0
mult,369721,0
deserialize,902,0
mult,369547,0
deserialize,893,0
mult,370768,0
deserialize,951,0
mult,369263,0
deserialize,876,0
mult,369377,0
deserialize,1002,0
mult,377304,0
deserialize,1031,0
mult,367852,0
deserialize,1077,0
mult,369181,0
deserialize,873,0
mult,369037,0
deserialize,911,0
mult,368557,0
deserialize,1016,0
mult,368504,0
deserialize,847,0
mult,368712,0
deserialize,867,0
mult,368828,0
deserialize,873,0
mult,369464,0
deserialize,867,0
mult,369527,0
deserialize,853,0
mult,370334,0
deserialize,1020,0
mult,378108,0
deserialize,984,0
mult,378628,0
deserialize,1209,0
mult,375360,0
deserialize,916,0
mult,377970,0
deserialize,1074,0
mult,373247,0
deserialize,863,0
mult,377498,0
deserialize,957,0
mult,373633,0
deserialize,880,0
mult,370054,0
deserialize,886,0
mult,373479,0
deserialize,917,0
mult,368756,0
deserialize,940,0
mult,375035,0
deserialize,987,0
mult,369481,0
deserialize,1057,0
mult,369145,0
deserialize,862,0
mult,370080,0
deserialize,1223,0
mult,370818,0
deserialize,888,0
mult,368498,0
deserialize,980,0
mult,368667,0
deserialize,899,0
mult,368928,0
deserialize,1011,0
mult,368853,0
deserialize,870,0
mult,367585,0
deserialize,1155,0
mult,369201,0
deserialize,880,0
mult,375047,0
deserialize,1021,0
mult,367067,0
deserialize,1061,0
mult,367918,0
deserialize,881,0
mult,369575,0
deserialize,887,0
mult,371817,0
deserialize,895,0
mult,377706,0
deserialize,837,0
mult,375053,0
deserialize,881,0
mult,378126,0
deserialize,870,0
mult,373382,0
deserialize,934,0
mult,378248,0
deserialize,881,0
mult,372893,0
deserialize,949,0
mult,376234,0
deserialize,934,0
mult,372263,0
deserialize,1082,0
mult,368778,0
deserialize,1020,0
mult,368680,0
deserialize,876,0
mult,370033,0
deserialize,891,0
mult,369087,0
deserialize,927,0
mult,369238,0
deserialize,915,0
mult,370620,0
deserialize,1023,0
mult,368801,0
deserialize,914,0
mult,368824,0
deserialize,1259,0
mult,368350,0
deserialize,943,0
mult,374672,0
deserialize,1011,0
mult,368344,0
deserialize,1188,0
mult,367948,0
deserialize,874,0
mult,368076,0
deserialize,1000,0
mult,367900,0
deserialize,866,0
mult,368959,0
deserialize,950,0
mult,369780,0
deserialize,880,0
mult,371411,0
deserialize,951,0
mult,376665,0
deserialize,847,0
mult,375971,0
deserialize,1130,0
mult,387778,0
deserialize,1169,0
mult,373000,0
deserialize,1050,0
mult,377651,0
deserialize,867,0
mult,373234,0
deserialize,856,0
mult,372552,0
deserialize,855,0
mult,373283,0
deserialize,885,0
mult,368137,0
deserialize,892,0
mult,368968,0
deserialize,911,0
mult,369504,0
deserialize,1231,0
mult,368262,0
deserialize,894,0
mult,368843,0
deserialize,931,0
mult,381360,0
deserialize,1109,0
mult,368280,0
deserialize,981,0
mult,368342,0
deserialize,1173,0
mult,367632,0
deserialize,871,0
mult,370572,0
deserialize,930,0
mult,367429,0
deserialize,890,0
mult,368296,0
deserialize,851,0
mult,368106,0
deserialize,973,0
mult,368122,0
deserialize,851,0
mult,368681,0
deserialize,1006,0
mult,367661,0
deserialize,880,0
mult,377793,0
deserialize,1320,0
mult,375505,0
deserialize,886,0
mult,374501,0
deserialize,1048,0
mult,378567,0
deserialize,877,0
mult,372909,0
deserialize,950,0
mult,378468,0
deserialize,959,0
mult,373240,0
deserialize,966,0
mult,373130,0
deserialize,880,0
mult,372354,0
deserialize,1142,0
mult,368271,0
deserialize,908,0
mult,376390,0
deserialize,1575,0
mult,368218,0
deserialize,951,0
mult,368031,0
deserialize,896,0
mult,368483,0
deserialize,884,0
mult,369623,0
deserialize,913,0
mult,369383,0
deserialize,866,0
mult,369962,0
deserialize,958,0
mult,367598,0
deserialize,871,0
mult,369758,0
deserialize,1176,0
mult,368201,0
deserialize,904,0
mult,367722,0
deserialize,957,0
mult,373624,0
deserialize,950,0
mult,367727,0
deserialize,1059,0
mult,367678,0
deserialize,889,0
mult,368224,0
deserialize,1069,0
mult,368821,0
deserialize,862,0
mult,373896,0
deserialize,866,0
mult,373800,0
deserialize,848,0
mult,378428,0
deserialize,839,0
mult,373822,0
deserialize,863,0
mult,379080,0
deserialize,831,0
mult,372833,0
deserialize,852,0
mult,380267,0
deserialize,1004,0
mult,371891,0
deserialize,1376,0
mult,368389,0
deserialize,957,0
mult,371849,0
deserialize,945,0
mult,368744,0
deserialize,916,0
mult,368177,0
deserialize,996,0
mult,368821,0
deserialize,927,0
mult,368777,0
deserialize,922,0
mult,368617,0
deserialize,912,0
mult,369693,0
deserialize,939,0
mult,368098,0
deserialize,884,0
mult,374777,0
deserialize,989,0
mult,366813,0
deserialize,1065,0
mult,367256,0
deserialize,863,0
mult,368195,0
deserialize,859,0
mult,368062,0
deserialize,930,0
mult,368177,0
deserialize,896,0
mult,367705,0
deserialize,923,0
mult,369220,0
deserialize,809,0
mult,371167,0
deserialize,868,0
mult,373233,0
deserialize,967,0
mult,384510,0
deserialize,1088,0
mult,373616,0
deserialize,1030,0
mult,377553,0
deserialize,870,0
mult,372861,0
deserialize,876,0
mult,375180,0
deserialize,894,0
mult,372104,0
deserialize,989,0
mult,368532,0
deserialize,1132,0
mult,371162,0
deserialize,882,0
mult,368543,0
deserialize,859,0
mult,368196,0
deserialize,864,0
mult,369462,0
deserialize,879,0
mult,373286,0
deserialize,960,0
mult,367887,0
deserialize,980,0
mult,369691,0
deserialize,978,0
mult,367928,0
deserialize,856,0
mult,368499,0
deserialize,969,0
mult,368581,0
deserialize,832,0
mult,367842,0
deserialize,1050,0
mult,367674,0
deserialize,878,0
mult,367412,0
deserialize,922,0
mult,367984,0
deserialize,851,0
mult,367856,0
deserialize,914,0
mult,385014,0
deserialize,947,0
mult,370469,0
deserialize,912,0
mult,372319,0
deserialize,872,0
mult,377751,0
deserialize,1143,0
mult,374622,0
deserialize,867,0
mult,377050,0
deserialize,853,0
mult,372995,0
deserialize,863,0
mult,375986,0
deserialize,987,0
mult,372201,0
deserialize,1122,0
mult,368790,0
deserialize,973,0
mult,371311,0
deserialize,945,0
mult,373754,0
deserialize,1156,0
mult,368482,0
deserialize,921,0
mult,369784,0
deserialize,897,0
mult,368004,0
deserialize,915,0
mult,369094,0
deserialize,981,0
mult,370025,0
deserialize,879,0
mult,368427,0
deserialize,863,0
mult,368542,0
deserialize,1293,0
mult,368074,0
deserialize,866,0
mult,367856,0
deserialize,857,0
mult,373092,0
deserialize,1005,0
mult,367055,0
deserialize,953,0
mult,368014,0
deserialize,887,0
mult,368032,0
deserialize,909,0
mult,368264,0
deserialize,890,0
mult,370620,0
deserialize,933,0
mult,371822,0
deserialize,845,0
mult,377978,0
deserialize,976,0
mult,374738,0
deserialize,889,0
mult,377482,0
deserialize,934,0
mult,372757,0
deserialize,860,0
mult,382833,0
deserialize,1067,0
mult,372397,0
deserialize,937,0
mult,369725,0
deserialize,903,0
mult,371978,0
deserialize,870,0
mult,367611,0
deserialize,843,0
mult,367828,0
deserialize,862,0
mult,368855,0
deserialize,1151,0
mult,368490,0
deserialize,936,0
mult,368975,0
deserialize,1060,0
mult,369116,0
deserialize,950,0
mult,368330,0
deserialize,902,0
mult,373984,0
deserialize,1010,0
mult,367553,0
deserialize,959,0
mult,368201,0
deserialize,895,0
mult,368004,0
deserialize,860,0
mult,368414,0
deserialize,898,0
mult,368097,0
deserialize,1274,0
mult,367968,0
deserialize,859,0
mult,368538,0
deserialize,872,0
mult,369058,0
deserialize,875,0
mult,371352,0
deserialize,1203,0
mult,376907,0
deserialize,914,0
mult,380367,0
deserialize,972,0
mult,378087,0
deserialize,1039,0
mult,372529,0
deserialize,896,0
mult,376956,0
deserialize,998,0
mult,372979,0
deserialize,866,0
mult,370593,0
deserialize,958,0
mult,371994,0
deserialize,873,0
mult,367980,0
deserialize,963,0
mult,367964,0
deserialize,862,0
mult,368711,0
deserialize,999,0
mult,373791,0
deserialize,990,0
mult,369170,0
deserialize,1002,0
mult,369349,0
deserialize,887,0
mult,367986,0
deserialize,1101,0
mult,368583,0
deserialize,850,0
mult,367104,0
deserialize,877,0
mult,369427,0
deserialize,897,0
mult,367878,0
deserialize,872,0
mult,368589,0
deserialize,845,0
mult,368840,0
deserialize,973,0
mult,367966,0
deserialize,946,0
mult,374747,0
deserialize,1010,0
mult,368841,0
deserialize,909,0
mult,370889,0
deserialize,917,0
mult,376208,0
deserialize,855,0
mult,375074,0
deserialize,877,0
mult,377951,0
deserialize,870,0
mult,372844,0
deserialize,871,0
mult,377665,0
deserialize,896,0
mult,372224,0
deserialize,940,0
mult,371754,0
deserialize,887,0
mult,372809,0
deserialize,887,0
mult,383623,0
deserialize,1000,0
mult,369351,0
deserialize,889,0
mult,368824,0
deserialize,862,0
mult,367888,0
deserialize,901,0
mult,369739,0
deserialize,886,0
mult,369597,0
deserialize,902,0
mult,368055,0
deserialize,1000,0
mult,368924,0
deserialize,1361,0
mult,367289,0
deserialize,936,0
mult,368656,0
deserialize,1067,0
mult,376052,0
deserialize,1006,0
mult,368288,0
deserialize,951,0
mult,367936,0
deserialize,940,0
mult,367972,0
deserialize,864,0
mult,367680,0
deserialize,933,0
mult,368394,0
deserialize,996,0
mult,369950,0
deserialize,884,0
mult,375655,0
deserialize,1154,0
mult,374407,0
deserialize,947,0
mult,378178,0
deserialize,966,0
mult,372406,0
deserialize,887,0
mult,383282,0
deserialize,1049,0
mult,372057,0
deserialize,926,0
mult,373807,0
deserialize,853,0
mult,371406,0
deserialize,1023,0
mult,367816,0
deserialize,1077,0
mult,369561,0
deserialize,892,0
mult,367871,0
deserialize,845,0
mult,368163,0
deserialize,930,0
mult,369419,0
deserialize,888,0
mult,368594,0
deserialize,909,0
mult,368843,0
deserialize,870,0
mult,375641,0
deserialize,981,0
mult,368120,0
deserialize,1059,0
mult,369097,0
deserialize,826,0
mult,368121,0
deserialize,903,0
mult,367789,0
deserialize,870,0
mult,368371,0
deserialize,875,0
mult,367735,0
deserialize,858,0
mult,367888,0
deserialize,905,0
mult,368299,0
deserialize,872,0
mult,369639,0
deserialize,1057,0
mult,374047,0
deserialize,838,0
mult,379732,0
deserialize,1040,0
mult,378119,0
deserialize,928,0
mult,373744,0
deserialize,939,0
mult,377413,0
deserialize,873,0
mult,372417,0
deserialize,974,0
mult,374907,0
deserialize,893,0
mult,371594,0
deserialize,988,0
mult,368536,0
deserialize,905,0
mult,369890,0
deserialize,987,0
mult,368392,0
deserialize,903,0
mult,373619,0
deserialize,1065,0
mult,369061,0
deserialize,1237,0
mult,368397,0
deserialize,916,0
mult,369186,0
deserialize,884,0
mult,369518,0
deserialize,980,0
mult,368515,0
deserialize,870,0
mult,368428,0
gemm,9.04061e+08,0
wait_all,7.04823e+08,0
deserialize,3289,0
mult,404408,0
deserialize,1412,0
mult,399214,0
deserialize,908,0
mult,400120,0
deserialize,1014,0
mult,408203,0
deserialize,927,0
mult,401061,0
deserialize,950,0
mult,400829,0
deserialize,919,0
mult,393211,0
deserialize,879,0
mult,392650,0
deserialize,879,0
mult,391851,0
deserialize,900,0
mult,397292,0
deserialize,1047,0
mult,389924,0
deserialize,1056,0
mult,389954,0
deserialize,864,0
mult,391166,0
deserialize,926,0
mult,391331,0
deserialize,879,0
mult,392054,0
deserialize,1053,0
mult,390172,0
deserialize,950,0
mult,392589,0
deserialize,922,0
mult,392484,0
deserialize,829,0
mult,392321,0
deserialize,910,0
mult,391653,0
deserialize,900,0
mult,399426,0
deserialize,990,0
mult,391108,0
deserialize,893,0
mult,392672,0
deserialize,900,0
mult,393528,0
deserialize,921,0
mult,393421,0
deserialize,903,0
mult,402532,0
deserialize,870,0
mult,396964,0
deserialize,857,0
mult,398500,0
deserialize,993,0
mult,407959,0
deserialize,860,0
mult,401161,0
deserialize,938,0
mult,408754,0
deserialize,1052,0
mult,393723,0
deserialize,1020,0
mult,391858,0
deserialize,1130,0
mult,392495,0
deserialize,874,0
mult,391580,0
deserialize,846,0
mult,390995,0
deserialize,935,0
mult,391326,0
deserialize,871,0
mult,391169,0
deserialize,919,0
mult,391440,0
deserialize,968,0
mult,391923,0
deserialize,858,0
mult,397170,0
deserialize,1062,0
mult,392727,0
deserialize,931,0
mult,391500,0
deserialize,927,0
mult,392529,0
deserialize,880,0
mult,393138,0
deserialize,1167,0
mult,393712,0
deserialize,859,0
mult,391505,0
deserialize,1140,0
mult,393648,0
deserialize,912,0
mult,392723,0
deserialize,843,0
mult,392839,0
deserialize,973,0
mult,407135,0
deserialize,1087,0
mult,394490,0
deserialize,1172,0
mult,396922,0
deserialize,907,0
mult,407281,0
deserialize,917,0
mult,402239,0
deserialize,906,0
mult,403947,0
deserialize,900,0
mult,392408,0
deserialize,935,0
mult,391370,0
deserialize,990,0
mult,1.70275e+06,0
deserialize,977,0
mult,1.80738e+06,0
deserialize,912,0
mult,1.63284e+06,0
deserialize,1054,0
mult,1.30481e+06,0
deserialize,1159,0
mult,400113,0
deserialize,997,0
mult,394011,0
deserialize,1179,0
mult,389843,0
deserialize,872,0
mult,390598,0
deserialize,934,0
mult,389726,0
deserialize,848,0
mult,391892,0
deserialize,898,0
mult,397752,0
deserialize,1071,0
mult,393456,0
deserialize,1170,0
mult,391366,0
deserialize,887,0
mult,393192,0
deserialize,1217,0
mult,391251,0
deserialize,1027,0
mult,393087,0
deserialize,1078,0
mult,390952,0
deserialize,1043,0
mult,392458,0
deserialize,874,0
mult,396524,0
deserialize,1005,0
mult,394956,0
deserialize,967,0
mult,406518,0
deserialize,1134,0
mult,399797,0
deserialize,998,0
mult,399843,0
deserialize,993,0
mult,407960,0
deserialize,894,0
mult,399087,0
deserialize,1055,0
mult,398524,0
deserialize,903,0
mult,392010,0
deserialize,960,0
mult,391637,0
deserialize,980,0
mult,390498,0
deserialize,922,0
mult,390879,0
deserialize,1115,0
mult,396264,0
deserialize,1072,0
mult,389754,0
deserialize,1023,0
mult,390132,0
deserialize,936,0
mult,390978,0
deserialize,860,0
mult,391008,0
deserialize,939,0
mult,390463,0
deserialize,902,0
mult,392996,0
deserialize,930,0
mult,391514,0
deserialize,863,0
mult,392397,0
deserialize,945,0
mult,391858,0
deserialize,896,0
mult,398794,0
deserialize,1026,0
mult,390774,0
deserialize,952,0
mult,391984,0
deserialize,960,0
mult,395396,0
deserialize,878,0
mult,393944,0
deserialize,930,0
mult,401704,0
deserialize,981,0
mult,398417,0
deserialize,924,0
mult,400074,0
deserialize,913,0
mult,408479,0
deserialize,920,0
mult,400419,0
deserialize,900,0
mult,406368,0
deserialize,1157,0
mult,392140,0
deserialize,977,0
mult,392154,0
deserialize,894,0
mult,391151,0
deserialize,1153,0
mult,390925,0
deserialize,932,0
mult,390863,0
deserialize,847,0
mult,389988,0
deserialize,898,0
mult,389824,0
deserialize,880,0
mult,390376,0
deserialize,24997,0
mult,406400,0
deserialize,1104,0
mult,387483,0
deserialize,998,0
mult,374382,0
deserialize,1000,0
mult,377616,0
deserialize,879,0
mult,371848,0
deserialize,948,0
mult,372282,0
deserialize,992,0
mult,369729,0
deserialize,880,0
mult,370520,0
deserialize,902,0
mult,371117,0
deserialize,959,0
mult,370117,0
deserialize,958,0
mult,371010,0
deserialize,870,0
mult,372982,0
deserialize,933,0
mult,375854,0
deserialize,1257,0
mult,370615,0
deserialize,953,0
mult,369775,0
deserialize,887,0
mult,371001,0
deserialize,951,0
mult,368811,0
deserialize,928,0
mult,370991,0
deserialize,866,0
mult,369039,0
deserialize,904,0
mult,369545,0
deserialize,894,0
mult,369791,0
deserialize,1235,0
mult,371487,0
deserialize,888,0
mult,377826,0
deserialize,1078,0
mult,377602,0
deserialize,963,0
mult,377587,0
deserialize,890,0
mult,383415,0
deserialize,922,0
mult,376111,0
deserialize,891,0
mult,376846,0
deserialize,884,0
mult,377964,0
deserialize,893,0
mult,372857,0
deserialize,870,0
mult,372471,0
deserialize,879,0
mult,370257,0
deserialize,876,0
mult,370285,0
deserialize,876,0
mult,376976,0
deserialize,1011,0
mult,369936,0
deserialize,969,0
mult,371131,0
deserialize,852,0
mult,372878,0
deserialize,948,0
mult,370488,0
deserialize,950,0
mult,371474,0
deserialize,927,0
mult,371109,0
deserialize,870,0
mult,370975,0
deserialize,1306,0
mult,370286,0
deserialize,895,0
mult,370890,0
deserialize,933,0
mult,370204,0
deserialize,909,0
mult,375722,0
deserialize,1120,0
mult,369383,0
deserialize,918,0
mult,371324,0
deserialize,1116,0
mult,371917,0
deserialize,880,0
mult,377454,0
deserialize,951,0
mult,377099,0
deserialize,1086,0
mult,383209,0
deserialize,904,0
mult,377599,0
deserialize,1119,0
mult,378264,0
deserialize,901,0
mult,377705,0
deserialize,860,0
mult,379635,0
deserialize,1013,0
mult,373482,0
deserialize,929,0
mult,369431,0
deserialize,919,0
mult,371724,0
deserialize,886,0
mult,370897,0
deserialize,883,0
mult,371411,0
deserialize,896,0
mult,372012,0
deserialize,906,0
mult,371701,0
deserialize,1037,0
mult,370116,0
deserialize,1026,0
mult,372251,0
deserialize,936,0
mult,369667,0
deserialize,953,0
mult,375887,0
deserialize,1013,0
mult,369334,0
deserialize,1000,0
mult,370877,0
deserialize,874,0
mult,370504,0
deserialize,971,0
mult,369429,0
deserialize,913,0
mult,370677,0
deserialize,886,0
mult,371847,0
deserialize,910,0
mult,372568,0
deserialize,910,0
mult,375230,0
deserialize,945,0
mult,375854,0
deserialize,875,0
mult,383602,0
deserialize,916,0
mult,384386,0
deserialize,1085,0
mult,378434,0
deserialize,1234,0
mult,377601,0
deserialize,880,0
mult,373798,0
deserialize,958,0
mult,374430,0
deserialize,1112,0
mult,370385,0
deserialize,957,0
mult,371694,0
deserialize,946,0
mult,371344,0
deserialize,886,0
mult,370001,0
deserialize,1318,0
mult,372276,0
deserialize,892,0
mult,376606,0
deserialize,1520,0
mult,370681,0
deserialize,954,0
mult,371646,0
deserialize,992,0
mult,369716,0
deserialize,853,0
mult,370528,0
deserialize,913,0
mult,370790,0
deserialize,885,0
mult,371938,0
deserialize,977,0
mult,370269,0
deserialize,909,0
mult,370295,0
deserialize,882,0
mult,370102,0
deserialize,883,0
mult,370412,0
deserialize,875,0
mult,376945,0
deserialize,967,0
mult,373670,0
deserialize,1007,0
mult,374757,0
deserialize,872,0
mult,381971,0
deserialize,897,0
mult,378567,0
deserialize,858,0
mult,379710,0
deserialize,930,0
mult,375541,0
deserialize,881,0
mult,373625,0
deserialize,979,0
mult,376825,0
deserialize,895,0
mult,370775,0
deserialize,1007,0
mult,372349,0
deserialize,933,0
mult,381880,0
deserialize,1131,0
mult,369264,0
deserialize,892,0
mult,371628,0
deserialize,1010,0
mult,370436,0
deserialize,851,0
mult,370700,0
deserialize,1317,0
mult,372245,0
deserialize,1128,0
mult,370963,0
deserialize,969,0
mult,371243,0
deserialize,868,0
mult,369328,0
deserialize,1047,0
mult,370766,0
deserialize,864,0
mult,375309,0
deserialize,1025,0
mult,369403,0
deserialize,948,0
mult,369345,0
deserialize,979,0
mult,370741,0
deserialize,1293,0
mult,369772,0
deserialize,896,0
mult,372340,0
deserialize,868,0
mult,374474,0
deserialize,885,0
mult,382784,0
deserialize,851,0
mult,378385,0
deserialize,910,0
mult,381048,0
deserialize,857,0
mult,373965,0
deserialize,891,0
mult,378372,0
deserialize,1009,0
mult,377048,0
deserialize,1049,0
mult,369234,0
deserialize,870,0
mult,371564,0
deserialize,917,0
mult,370221,0
deserialize,889,0
mult,368707,0
deserialize,873,0
mult,370522,0
deserialize,878,0
mult,370189,0
deserialize,978,0
mult,370171,0
deserialize,862,0
mult,371229,0
deserialize,958,0
mult,371112,0
deserialize,927,0
mult,376895,0
deserialize,1063,0
mult,369002,0
deserialize,974,0
mult,370367,0
deserialize,890,0
mult,369161,0
deserialize,939,0
mult,369477,0
deserialize,892,0
mult,368873,0
deserialize,962,0
mult,369889,0
deserialize,950,0
mult,369538,0
deserialize,939,0
mult,372767,0
deserialize,903,0
mult,373018,0
deserialize,1117,0
mult,381590,0
deserialize,1021,0
mult,385388,0
deserialize,1002,0
mult,381168,0
deserialize,961,0
mult,373150,0
deserialize,880,0
mult,373800,0
deserialize,1179,0
mult,377362,0
deserialize,876,0
mult,370692,0
deserialize,904,0
mult,370855,0
deserialize,913,0
mult,369570,0
deserialize,929,0
mult,369578,0
deserialize,883,0
mult,370927,0
deserialize,1296,0
mult,375960,0
deserialize,1032,0
mult,370600,0
deserialize,1012,0
mult,371255,0
deserialize,1130,0
mult,369551,0
deserialize,965,0
mult,370803,0
deserialize,874,0
mult,368811,0
deserialize,901,0
mult,371699,0
deserialize,887,0
mult,369401,0
deserialize,1062,0
mult,370298,0
deserialize,1062,0
mult,369037,0
deserialize,995,0
mult,369770,0
deserialize,841,0
mult,375638,0
deserialize,1062,0
mult,371368,0
deserialize,864,0
mult,371860,0
deserialize,1084,0
mult,380084,0
deserialize,1055,0
mult,377927,0
deserialize,962,0
mult,382398,0
deserialize,1084,0
mult,374448,0
deserialize,1043,0
mult,374423,0
deserialize,876,0
mult,377352,0
deserialize,990,0
mult,370917,0
deserialize,897,0
mult,370880,0
deserialize,940,0
mult,375647,0
deserialize,970,0
mult,368545,0
deserialize,1007,0
mult,370373,0
deserialize,903,0
mult,370017,0
deserialize,919,0
mult,370992,0
deserialize,899,0
mult,371091,0
deserialize,914,0
mult,370566,0
deserialize,861,0
mult,371350,0
deserialize,880,0
mult,369608,0
deserialize,898,0
mult,371086,0
deserialize,1564,0
mult,375266,0
deserialize,1010,0
mult,370924,0
deserialize,1130,0
mult,369576,0
deserialize,864,0
mult,369139,0
deserialize,919,0
mult,369721,0
deserialize,1010,0
mult,371583,0
deserialize,946,0
mult,371494,0
deserialize,836,0
mult,377721,0
deserialize,873,0
mult,377266,0
deserialize,872,0
mult,383082,0
deserialize,845,0
mult,376567,0
deserialize,917,0
mult,381796,0
deserialize,1063,0
mult,375902,0
deserialize,968,0
mult,371751,0
deserialize,1067,0
mult,372036,0
deserialize,884,0
mult,369713,0
deserialize,980,0
mult,369521,0
deserialize,968,0
mult,370654,0
deserialize,1194,0
mult,370167,0
deserialize,1014,0
mult,371317,0
deserialize,947,0
mult,371173,0
deserialize,900,0
mult,369113,0
deserialize,925,0
mult,376317,0
deserialize,1150,0
mult,368151,0
deserialize,1040,0
mult,370392,0
deserialize,935,0
mult,368793,0
deserialize,917,0
mult,370874,0
deserialize,878,0
mult,369471,0
deserialize,905,0
mult,369090,0
deserialize,871,0
mult,369222,0
deserialize,894,0
mult,370856,0
deserialize,973,0
mult,371095,0
deserialize,829,0
mult,381712,0
deserialize,981,0
mult,376102,0
deserialize,976,0
mult,382484,0
deserialize,960,0
mult,376291,0
deserialize,894,0
mult,376514,0
deserialize,886,0
mult,376477,0
deserialize,901,0
mult,372361,0
deserialize,880,0
mult,373299,0
deserialize,967,0
mult,369417,0
deserialize,908,0
mult,370350,0
deserialize,891,0
mult,370326,0
deserialize,853,0
mult,376274,0
deserialize,1064,0
mult,370686,0
deserialize,961,0
mult,371190,0
deserialize,890,0
mult,369320,0
deserialize,940,0
mult,371597,0
deserialize,983,0
mult,369604,0
deserialize,893,0
mult,370267,0
deserialize,989,0
mult,369541,0
deserialize,969,0
mult,370345,0
deserialize,1066,0
mult,369067,0
deserialize,864,0
mult,368871,0
deserialize,959,0
mult,375340,0
deserialize,987,0
mult,370554,0
deserialize,965,0
mult,370814,0
deserialize,896,0
mult,373664,0
deserialize,895,0
mult,375579,0
deserialize,911,0
mult,382610,0
deserialize,912,0
mult,377193,0
deserialize,851,0
mult,377548,0
deserialize,875,0
mult,375394,0
deserialize,870,0
mult,372274,0
deserialize,970,0
mult,381177,0
deserialize,987,0
mult,369665,0
deserialize,1007,0
mult,369785,0
deserialize,1161,0
mult,370353,0
deserialize,1037,0
mult,369160,0
deserialize,890,0
mult,371197,0
deserialize,1073,0
mult,370254,0
deserialize,917,0
mult,369954,0
deserialize,979,0
mult,371339,0
deserialize,897,0
mult,369344,0
deserialize,878,0
mult,369933,0
deserialize,858,0
mult,374887,0
deserialize,1040,0
mult,370556,0
deserialize,946,0
mult,368618,0
deserialize,877,0
mult,368797,0
deserialize,865,0
mult,369063,0
deserialize,883,0
mult,370650,0
deserialize,926,0
mult,369856,0
deserialize,1282,0
mult,373335,0
deserialize,931,0
mult,374370,0
deserialize,870,0
mult,382435,0
deserialize,954,0
mult,378319,0
deserialize,888,0
mult,384703,0
deserialize,1062,0
mult,374661,0
deserialize,1355,0
mult,371999,0
deserialize,951,0
mult,374890,0
deserialize,881,0
mult,368767,0
deserialize,892,0
mult,371680,0
deserialize,919,0
mult,369088,0
deserialize,917,0
mult,369489,0
deserialize,880,0
mult,370512,0
deserialize,901,0
mult,369661,0
deserialize,990,0
mult,375291,0
deserialize,988,0
mult,375645,0
deserialize,1050,0
mult,369148,0
deserialize,1021,0
mult,369778,0
deserialize,884,0
mult,369150,0
deserialize,970,0
mult,369400,0
deserialize,905,0
mult,368722,0
deserialize,867,0
mult,368914,0
deserialize,931,0
mult,369788,0
deserialize,860,0
mult,369321,0
deserialize,882,0
mult,369975,0
deserialize,874,0
mult,380756,0
deserialize,1074,0
mult,373524,0
deserialize,981,0
mult,381578,0
deserialize,975,0
mult,378145,0
deserialize,860,0
mult,380609,0
deserialize,1043,0
mult,373273,0
deserialize,868,0
mult,371853,0
deserialize,986,0
mult,376560,0
deserialize,975,0
mult,369424,0
deserialize,963,0
mult,372239,0
deserialize,862,0
mult,368990,0
deserialize,972,0
mult,375139,0
deserialize,985,0
mult,370617,0
deserialize,1155,0
mult,370027,0
deserialize,871,0
mult,369808,0
deserialize,1007,0
mult,371763,0
deserialize,883,0
mult,369760,0
deserialize,1005,0
mult,369517,0
deserialize,848,0
mult,369113,0
deserialize,887,0
mult,370044,0
deserialize,877,0
mult,369299,0
deserialize,1080,0
mult,368715,0
deserialize,804,0
mult,374553,0
deserialize,1070,0
mult,369444,0
deserialize,860,0
mult,370004,0
deserialize,993,0
mult,371927,0
deserialize,863,0
mult,372421,0
deserialize,903,0
mult,380341,0
deserialize,838,0
mult,378124,0
deserialize,884,0
mult,381636,0
deserialize,856,0
mult,372960,0
deserialize,910,0
mult,373083,0
deserialize,880,0
mult,383004,0
deserialize,1081,0
mult,369747,0
deserialize,973,0
mult,371329,0
deserialize,926,0
mult,369060,0
deserialize,865,0
mult,368297,0
deserialize,909,0
mult,370516,0
deserialize,882,0
mult,369397,0
deserialize,982,0
mult,370208,0
deserialize,879,0
mult,370768,0
deserialize,895,0
mult,369957,0
deserialize,1027,0
mult,369887,0
deserialize,1031,0
mult,375075,0
deserialize,1039,0
mult,370577,0
deserialize,1007,0
mult,368500,0
deserialize,905,0
mult,369747,0
deserialize,888,0
mult,370032,0
deserialize,1199,0
mult,368847,0
deserialize,900,0
mult,368503,0
deserialize,944,0
mult,371938,0
deserialize,902,0
mult,371042,0
deserialize,876,0
mult,379398,0
deserialize,905,0
mult,377338,0
deserialize,964,0
mult,387803,0
deserialize,1098,0
mult,374553,0
deserialize,998,0
mult,374147,0
deserialize,966,0
mult,376255,0
deserialize,890,0
mult,371414,0
deserialize,886,0
mult,370951,0
deserialize,906,0
mult,369118,0
deserialize,1094,0
mult,369451,0
deserialize,877,0
mult,370440,0
deserialize,990,0
mult,370943,0
deserialize,891,0
mult,376414,0
deserialize,1082,0
mult,370977,0
deserialize,1100,0
mult,369781,0
deserialize,890,0
mult,371503,0
deserialize,857,0
mult,369602,0
deserialize,1092,0
mult,370830,0
deserialize,820,0
mult,368499,0
deserialize,866,0
mult,369698,0
deserialize,904,0
mult,368606,0
deserialize,935,0
mult,369232,0
deserialize,850,0
mult,369698,0
deserialize,927,0
mult,385619,0
deserialize,1000,0
mult,371420,0
deserialize,1414,0
mult,377298,0
deserialize,885,0
mult,377154,0
deserialize,960,0
mult,382161,0
deserialize,856,0
mult,375293,0
deserialize,974,0
mult,375032,0
deserialize,883,0
mult,376253,0
deserialize,984,0
mult,371473,0
deserialize,868,0
mult,371310,0
deserialize,1480,0
mult,369147,0
deserialize,925,0
mult,376384,0
deserialize,1139,0
mult,369750,0
deserialize,865,0
mult,370570,0
deserialize,934,0
mult,370589,0
deserialize,880,0
mult,371282,0
deserialize,935,0
mult,370584,0
deserialize,863,0
mult,371310,0
deserialize,997,0
mult,369504,0
deserialize,895,0
mult,370196,0
gemm,9.02925e+08,0
wait_all,7.04624e+08,0
deserialize,2447,0
mult,399392,0
deserialize,1190,0
mult,391886,0
deserialize,897,0
mult,390341,0
deserialize,1064,0
mult,392428,0
deserialize,900,0
mult,390053,0
deserialize,935,0
mult,390646,0
deserialize,858,0
mult,390693,0
deserialize,928,0
mult,390305,0
deserialize,848,0
mult,389911,0
deserialize,892,0
mult,390163,0
deserialize,888,0
mult,398885,0
deserialize,1055,0
mult,399324,0
deserialize,914,0
mult,398287,0
deserialize,887,0
mult,400704,0
deserialize,793,0
mult,394488,0
deserialize,873,0
mult,394024,0
deserialize,931,0
mult,395725,0
deserialize,902,0
mult,391177,0
deserialize,809,0
mult,390830,0
deserialize,956,0
mult,390641,0
deserialize,851,0
mult,397118,0
deserialize,982,0
mult,390687,0
deserialize,1071,0
mult,390938,0
deserialize,887,0
mult,392194,0
deserialize,924,0
mult,392216,0
deserialize,920,0
mult,391401,0
deserialize,834,0
mult,392049,0
deserialize,876,0
mult,389868,0
deserialize,921,0
mult,392371,0
deserialize,890,0
mult,391607,0
deserialize,897,0
mult,396908,0
deserialize,1001,0
mult,389382,0
deserialize,980,0
mult,390033,0
deserialize,910,0
mult,390324,0
deserialize,1154,0
mult,391288,0
deserialize,884,0
mult,391214,0
deserialize,924,0
mult,397384,0
deserialize,882,0
mult,397680,0
deserialize,1116,0
mult,401341,0
deserialize,900,0
mult,395810,0
deserialize,833,0
mult,401298,0
deserialize,991,0
mult,396008,0
deserialize,951,0
mult,390919,0
deserialize,866,0
mult,392057,0
deserialize,1009,0
mult,390612,0
deserialize,896,0
mult,390950,0
deserialize,894,0
mult,391249,0
deserialize,851,0
mult,390677,0
deserialize,950,0
mult,392333,0
deserialize,864,0
mult,392746,0
deserialize,911,0
mult,391237,0
deserialize,905,0
mult,399058,0
deserialize,1203,0
mult,390234,0
deserialize,878,0
mult,390717,0
deserialize,883,0
mult,390076,0
deserialize,902,0
mult,390914,0
deserialize,831,0
mult,391414,0
deserialize,1011,0
mult,390074,0
deserialize,995,0
mult,1.71157e+06,0
deserialize,1042,0
mult,1.81986e+06,0
deserialize,889,0
mult,1.64684e+06,0
deserialize,883,0
mult,1.3222e+06,0
deserialize,1198,0
mult,389667,0
deserialize,993,0
mult,390093,0
deserialize,975,0
mult,401537,0
deserialize,982,0
mult,397462,0
deserialize,940,0
mult,398430,0
deserialize,836,0
mult,393927,0
deserialize,912,0
mult,397845,0
deserialize,1160,0
mult,393996,0
deserialize,1001,0
mult,389373,0
deserialize,858,0
mult,390735,0
deserialize,976,0
mult,389377,0
deserialize,892,0
mult,388860,0
deserialize,886,0
mult,392130,0
deserialize,887,0
mult,390567,0
deserialize,937,0
mult,391034,0
deserialize,886,0
mult,393133,0
deserialize,953,0
mult,390125,0
deserialize,899,0
mult,397345,0
deserialize,990,0
mult,389603,0
deserialize,1066,0
mult,392534,0
deserialize,867,0
mult,389961,0
deserialize,877,0
mult,390085,0
deserialize,918,0
mult,389869,0
deserialize,842,0
mult,388991,0
deserialize,887,0
mult,389806,0
deserialize,882,0
mult,390818,0
deserialize,1059,0
mult,393186,0
deserialize,1042,0
mult,406357,0
deserialize,986,0
mult,397237,0
deserialize,928,0
mult,399078,0
deserialize,866,0
mult,393010,0
deserialize,999,0
mult,392701,0
deserialize,903,0
mult,394301,0
deserialize,924,0
mult,390140,0
deserialize,927,0
mult,390843,0
deserialize,958,0
mult,390138,0
deserialize,896,0
mult,390215,0
deserialize,921,0
mult,397843,0
deserialize,1039,0
mult,389896,0
deserialize,1002,0
mult,391230,0
deserialize,866,0
mult,391957,0
deserialize,881,0
mult,390507,0
deserialize,925,0
mult,391218,0
deserialize,973,0
mult,389565,0
deserialize,910,0
mult,392844,0
deserialize,881,0
mult,390815,0
deserialize,891,0
mult,389715,0
deserialize,982,0
mult,395720,0
deserialize,1030,0
mult,389061,0
deserialize,884,0
mult,389682,0
deserialize,908,0
mult,390220,0
deserialize,904,0
mult,392256,0
deserialize,888,0
mult,400090,0
deserialize,867,0
mult,397736,0
deserialize,918,0
mult,400076,0
deserialize,17089,0
mult,384976,0
deserialize,1025,0
mult,382542,0
deserialize,901,0
mult,377582,0
deserialize,1093,0
mult,372724,0
deserialize,940,0
mult,368624,0
deserialize,956,0
mult,370025,0
deserialize,887,0
mult,368651,0
deserialize,922,0
mult,368698,0
deserialize,885,0
mult,369554,0
deserialize,940,0
mult,368990,0
deserialize,945,0
mult,370475,0
deserialize,959,0
mult,370196,0
deserialize,954,0
mult,369973,0
deserialize,904,0
mult,376505,0
deserialize,1069,0
mult,367964,0
deserialize,952,0
mult,370453,0
deserialize,1207,0
mult,369287,0
deserialize,913,0
mult,369161,0
deserialize,865,0
mult,368150,0
deserialize,930,0
mult,369694,0
deserialize,1260,0
mult,369482,0
deserialize,982,0
mult,371254,0
deserialize,888,0
mult,370453,0
deserialize,860,0
mult,375756,0
deserialize,854,0
mult,380536,0
deserialize,1064,0
mult,379082,0
deserialize,976,0
mult,373158,0
deserialize,886,0
mult,373541,0
deserialize,860,0
mult,373367,0
deserialize,894,0
mult,369333,0
deserialize,884,0
mult,369329,0
deserialize,890,0
mult,368938,0
deserialize,902,0
mult,369526,0
deserialize,882,0
mult,369247,0
deserialize,987,0
mult,374537,0
deserialize,1054,0
mult,368811,0
deserialize,961,0
mult,369461,0
deserialize,990,0
mult,368780,0
deserialize,904,0
mult,371118,0
deserialize,892,0
mult,368498,0
deserialize,956,0
mult,369490,0
deserialize,988,0
mult,369083,0
deserialize,886,0
mult,369665,0
deserialize,946,0
mult,369363,0
deserialize,874,0
mult,369285,0
deserialize,982,0
mult,374212,0
deserialize,1113,0
mult,369132,0
deserialize,1021,0
mult,370513,0
deserialize,887,0
mult,374425,0
deserialize,1017,0
mult,374088,0
deserialize,863,0
mult,379720,0
deserialize,919,0
mult,373449,0
deserialize,893,0
mult,374140,0
deserialize,904,0
mult,372808,0
deserialize,863,0
mult,369387,0
deserialize,906,0
mult,370384,0
deserialize,1160,0
mult,377313,0
deserialize,1079,0
mult,368018,0
deserialize,1344,0
mult,368808,0
deserialize,886,0
mult,369595,0
deserialize,960,0
mult,370166,0
deserialize,907,0
mult,369774,0
deserialize,858,0
mult,369298,0
deserialize,896,0
mult,370037,0
deserialize,856,0
mult,369349,0
deserialize,1260,0
mult,368832,0
deserialize,910,0
mult,369367,0
deserialize,913,0
mult,487509,0
deserialize,1113,0
mult,368674,0
deserialize,978,0
mult,369227,0
deserialize,967,0
mult,368798,0
deserialize,915,0
mult,370207,0
deserialize,1013,0
mult,370214,0
deserialize,924,0
mult,373108,0
deserialize,926,0
mult,372875,0
deserialize,905,0
mult,379735,0
deserialize,938,0
mult,375290,0
deserialize,923,0
mult,382181,0
deserialize,1268,0
mult,370915,0
deserialize,920,0
mult,370279,0
deserialize,985,0
mult,371806,0
deserialize,890,0
mult,369130,0
deserialize,996,0
mult,368207,0
deserialize,899,0
mult,368985,0
deserialize,880,0
mult,368642,0
deserialize,928,0
mult,370320,0
deserialize,901,0
mult,369394,0
deserialize,953,0
mult,369631,0
deserialize,905,0
mult,376496,0
deserialize,1103,0
mult,367526,0
deserialize,964,0
mult,368692,0
deserialize,919,0
mult,368630,0
deserialize,897,0
mult,369171,0
deserialize,930,0
mult,368833,0
deserialize,900,0
mult,368943,0
deserialize,930,0
mult,369012,0
deserialize,952,0
mult,370266,0
deserialize,983,0
mult,370012,0
deserialize,1006,0
mult,371731,0
deserialize,1000,0
mult,377313,0
deserialize,1013,0
mult,378810,0
deserialize,981,0
mult,375437,0
deserialize,888,0
mult,375235,0
deserialize,984,0
mult,371100,0
deserialize,887,0
mult,369948,0
deserialize,973,0
mult,371871,0
deserialize,923,0
mult,368047,0
deserialize,900,0
mult,369013,0
deserialize,896,0
mult,368257,0
deserialize,983,0
mult,374170,0
deserialize,1020,0
mult,369508,0
deserialize,991,0
mult,369344,0
deserialize,880,0
mult,369664,0
deserialize,1052,0
mult,370386,0
deserialize,880,0
mult,368595,0
deserialize,981,0
mult,369247,0
deserialize,861,0
mult,369717,0
deserialize,987,0
mult,368830,0
deserialize,904,0
mult,368515,0
deserialize,900,0
mult,368900,0
deserialize,836,0
mult,373880,0
deserialize,1060,0
mult,369987,0
deserialize,1040,0
mult,369105,0
deserialize,910,0
mult,370269,0
deserialize,924,0
mult,371657,0
deserialize,894,0
mult,377911,0
deserialize,863,0
mult,375490,0
deserialize,890,0
mult,376580,0
deserialize,847,0
mult,370721,0
deserialize,1069,0
mult,370680,0
deserialize,827,0
mult,373291,0
deserialize,992,0
mult,374553,0
deserialize,978,0
mult,368275,0
deserialize,1030,0
mult,367940,0
deserialize,888,0
mult,367997,0
deserialize,900,0
mult,370924,0
deserialize,954,0
mult,368760,0
deserialize,963,0
mult,369361,0
deserialize,1177,0
mult,369216,0
deserialize,935,0
mult,368531,0
deserialize,1149,0
mult,369871,0
deserialize,889,0
mult,373160,0
deserialize,1093,0
mult,369008,0
deserialize,1007,0
mult,367547,0
deserialize,944,0
mult,367750,0
deserialize,1040,0
mult,368967,0
deserialize,996,0
mult,369799,0
deserialize,1060,0
mult,369044,0
deserialize,941,0
mult,370697,0
deserialize,891,0
mult,371473,0
deserialize,1038,0
mult,377060,0
deserialize,874,0
mult,375832,0
deserialize,908,0
mult,387435,0
deserialize,1145,0
mult,371167,0
deserialize,914,0
mult,371004,0
deserialize,894,0
mult,372301,0
deserialize,886,0
mult,367671,0
deserialize,881,0
mult,368487,0
deserialize,883,0
mult,367201,0
deserialize,907,0
mult,367873,0
deserialize,875,0
mult,369035,0
deserialize,1030,0
mult,368472,0
deserialize,888,0
mult,369410,0
deserialize,952,0
mult,374825,0
deserialize,1114,0
mult,368414,0
deserialize,1093,0
mult,369503,0
deserialize,862,0
mult,368053,0
deserialize,904,0
mult,370169,0
deserialize,984,0
mult,368600,0
deserialize,1240,0
mult,367942,0
deserialize,847,0
mult,368418,0
deserialize,963,0
mult,369258,0
deserialize,858,0
mult,368184,0
deserialize,906,0
mult,370310,0
deserialize,868,0
mult,376496,0
deserialize,1094,0
mult,375960,0
deserialize,883,0
mult,374885,0
deserialize,1060,0
mult,378228,0
deserialize,857,0
mult,372824,0
deserialize,990,0
mult,370667,0
deserialize,1164,0
mult,372916,0
deserialize,1033,0
mult,368927,0
deserialize,854,0
mult,367812,0
deserialize,1264,0
mult,368246,0
deserialize,891,0
mult,374207,0
deserialize,1081,0
mult,368452,0
deserialize,924,0
mult,367941,0
deserialize,902,0
mult,370207,0
deserialize,848,0
mult,369671,0
deserialize,896,0
mult,368957,0
deserialize,887,0
mult,369519,0
deserialize,918,0
mult,368338,0
deserialize,1132,0
mult,369151,0
deserialize,960,0
mult,368727,0
deserialize,893,0
mult,368191,0
deserialize,1030,0
mult,374001,0
deserialize,950,0
mult,368964,0
deserialize,1024,0
mult,367938,0
deserialize,853,0
mult,369980,0
deserialize,903,0
mult,369953,0
deserialize,893,0
mult,374739,0
deserialize,1066,0
mult,374497,0
deserialize,893,0
mult,377711,0
deserialize,850,0
mult,373341,0
deserialize,1140,0
mult,372914,0
deserialize,1152,0
mult,372687,0
deserialize,1326,0
mult,374084,0
deserialize,1020,0
mult,368467,0
deserialize,928,0
mult,367388,0
deserialize,1222,0
mult,367796,0
deserialize,962,0
mult,368497,0
deserialize,909,0
mult,368626,0
deserialize,1003,0
mult,369182,0
deserialize,967,0
mult,369013,0
deserialize,923,0
mult,369610,0
deserialize,909,0
mult,368935,0
deserialize,1035,0
mult,368054,0
deserialize,997,0
mult,374574,0
deserialize,1003,0
mult,367274,0
deserialize,908,0
mult,367790,0
deserialize,861,0
mult,368028,0
deserialize,999,0
mult,367629,0
deserialize,850,0
mult,367374,0
deserialize,882,0
mult,369919,0
deserialize,926,0
mult,368905,0
deserialize,824,0
mult,373136,0
deserialize,866,0
mult,373260,0
deserialize,960,0
mult,384544,0
deserialize,1102,0
mult,373509,0
deserialize,997,0
mult,372688,0
deserialize,863,0
mult,371222,0
deserialize,1070,0
mult,369324,0
deserialize,930,0
mult,368548,0
deserialize,897,0
mult,367800,0
deserialize,877,0
mult,368123,0
deserialize,892,0
mult,367946,0
deserialize,858,0
mult,368044,0
deserialize,881,0
mult,369716,0
deserialize,867,0
mult,374550,0
deserialize,1047,0
mult,369279,0
deserialize,987,0
mult,369727,0
deserialize,998,0
mult,367791,0
deserialize,877,0
mult,368130,0
deserialize,956,0
mult,368555,0
deserialize,833,0
mult,368171,0
deserialize,981,0
mult,367992,0
deserialize,849,0
mult,368118,0
deserialize,955,0
mult,367958,0
deserialize,863,0
mult,369133,0
deserialize,955,0
mult,375501,0
deserialize,996,0
mult,371841,0
deserialize,926,0
mult,372981,0
deserialize,902,0
mult,378510,0
deserialize,883,0
mult,373894,0
deserialize,868,0
mult,374440,0
deserialize,884,0
mult,371011,0
deserialize,864,0
mult,368702,0
deserialize,974,0
mult,369906,0
deserialize,885,0
mult,368374,0
deserialize,973,0
mult,368088,0
deserialize,880,0
mult,373185,0
deserialize,1177,0
mult,367823,0
deserialize,928,0
mult,369049,0
deserialize,923,0
mult,368804,0
deserialize,909,0
mult,368421,0
deserialize,903,0
mult,369513,0
deserialize,904,0
mult,367544,0
deserialize,897,0
mult,368884,0
deserialize,1080,0
mult,368337,0
deserialize,935,0
mult,368300,0
deserialize,839,0
mult,373133,0
deserialize,1045,0
mult,368620,0
deserialize,973,0
mult,367916,0
deserialize,892,0
mult,369667,0
deserialize,919,0
mult,369808,0
deserialize,916,0
mult,370307,0
deserialize,933,0
mult,372229,0
deserialize,875,0
mult,378726,0
deserialize,964,0
mult,374719,0
deserialize,899,0
mult,375359,0
deserialize,957,0
mult,370525,0
deserialize,991,0
mult,375247,0
deserialize,1062,0
mult,371461,0
deserialize,937,0
mult,368160,0
deserialize,844,0
mult,368246,0
deserialize,907,0
mult,367801,0
deserialize,862,0
mult,367677,0
deserialize,883,0
mult,369096,0
deserialize,911,0
mult,368601,0
deserialize,1184,0
mult,369087,0
deserialize,947,0
mult,369734,0
deserialize,1008,0
mult,368293,0
deserialize,895,0
mult,374412,0
deserialize,1035,0
mult,367639,0
deserialize,994,0
mult,369093,0
deserialize,879,0
mult,368042,0
deserialize,1257,0
mult,369004,0
deserialize,927,0
mult,368452,0
deserialize,854,0
mult,369767,0
deserialize,863,0
mult,369202,0
deserialize,904,0
mult,371169,0
deserialize,986,0
mult,371678,0
deserialize,876,0
mult,377113,0
deserialize,939,0
mult,380582,0
deserialize,1037,0
mult,375899,0
deserialize,1036,0
mult,370799,0
deserialize,895,0
mult,369125,0
deserialize,1083,0
mult,371762,0
deserialize,1086,0
mult,368289,0
deserialize,961,0
mult,368554,0
deserialize,884,0
mult,369104,0
deserialize,970,0
mult,368306,0
deserialize,860,0
mult,369144,0
deserialize,1005,0
mult,373954,0
deserialize,947,0
mult,368430,0
deserialize,993,0
mult,368759,0
deserialize,926,0
mult,367547,0
deserialize,1055,0
mult,368938,0
deserialize,861,0
mult,367708,0
deserialize,914,0
mult,368874,0
deserialize,959,0
mult,367699,0
deserialize,893,0
mult,368299,0
deserialize,841,0
mult,368800,0
deserialize,982,0
mult,369378,0
deserialize,840,0
mult,374507,0
deserialize,1064,0
mult,369230,0
deserialize,970,0
mult,370494,0
deserialize,877,0
mult,376432,0
deserialize,892,0
mult,375207,0
deserialize,1476,0
mult,376370,0
deserialize,843,0
mult,371092,0
deserialize,897,0
mult,370396,0
deserialize,883,0
mult,372976,0
deserialize,1013,0
mult,368170,0
deserialize,885,0
mult,368426,0
deserialize,911,0
mult,373489,0
deserialize,1018,0
mult,367157,0
deserialize,1057,0
mult,368602,0
deserialize,921,0
mult,368871,0
deserialize,895,0
mult,369458,0
deserialize,909,0
mult,369804,0
deserialize,1031,0
mult,368378,0
deserialize,1031,0
mult,369487,0
deserialize,926,0
mult,367568,0
deserialize,968,0
mult,370774,0
deserialize,974,0
mult,368044,0
deserialize,956,0
mult,372647,0
deserialize,995,0
mult,367337,0
deserialize,980,0
mult,369127,0
deserialize,1000,0
mult,368038,0
deserialize,955,0
mult,369883,0
deserialize,927,0
mult,369967,0
deserialize,868,0
mult,376175,0
deserialize,902,0
mult,374711,0
deserialize,1020,0
mult,377590,0
deserialize,992,0
mult,372294,0
deserialize,883,0
mult,377833,0
deserialize,1089,0
mult,372527,0
deserialize,1043,0
mult,368316,0
deserialize,864,0
mult,368216,0
deserialize,1040,0
mult,368031,0
deserialize,1140,0
mult,368477,0
deserialize,859,0
mult,368239,0
deserialize,890,0
mult,368238,0
deserialize,912,0
mult,369029,0
deserialize,997,0
mult,368783,0
deserialize,911,0
mult,368309,0
deserialize,1196,0
mult,375281,0
deserialize,990,0
mult,367870,0
deserialize,1048,0
mult,370017,0
deserialize,860,0
mult,367508,0
deserialize,995,0
mult,368013,0
deserialize,1046,0
mult,368341,0
deserialize,898,0
mult,368233,0
deserialize,860,0
mult,368353,0
deserialize,940,0
mult,370020,0
deserialize,866,0
mult,369544,0
deserialize,1067,0
mult,375073,0
deserialize,870,0
mult,380840,0
deserialize,1069,0
mult,377820,0
deserialize,899,0
mult,372546,0
deserialize,994,0
mult,372291,0
deserialize,864,0
mult,372377,0
deserialize,994,0
mult,368157,0
deserialize,867,0
mult,368954,0
deserialize,917,0
mult,368197,0
deserialize,904,0
mult,368414,0
deserialize,1026,0
mult,368592,0
deserialize,876,0
mult,368119,0
deserialize,935,0
mult,374299,0
deserialize,1348,0
mult,367983,0
deserialize,957,0
mult,368591,0
deserialize,898,0
mult,370198,0
deserialize,1002,0
mult,367962,0
deserialize,1037,0
mult,368717,0
gemm,8.97036e+08,0
wait_all,6.92011e+08,0
deserialize,3097,0
mult,367508,0
deserialize,1187,0
mult,359705,0
deserialize,890,0
mult,360118,0
deserialize,1057,0
mult,367071,0
deserialize,870,0
mult,360347,0
deserialize,874,0
mult,364061,0
deserialize,874,0
mult,359439,0
deserialize,949,0
mult,371042,0
deserialize,976,0
mult,360678,0
deserialize,1117,0
mult,359148,0
deserialize,895,0
mult,362189,0
deserialize,916,0
mult,358414,0
deserialize,1012,0
mult,358951,0
deserialize,924,0
mult,359930,0
deserialize,851,0
mult,358135,0
deserialize,919,0
mult,357865,0
deserialize,872,0
mult,357977,0
deserialize,914,0
mult,358002,0
deserialize,897,0
mult,371862,0
deserialize,1073,0
mult,357801,0
deserialize,941,0
mult,362697,0
deserialize,870,0
mult,358221,0
deserialize,860,0
mult,358452,0
deserialize,827,0
mult,361469,0
deserialize,855,0
mult,360022,0
deserialize,862,0
mult,366462,0
deserialize,915,0
mult,358389,0
deserialize,1165,0
mult,359723,0
deserialize,988,0
mult,367568,0
deserialize,903,0
mult,369349,0
deserialize,1069,0
mult,363741,0
deserialize,1068,0
mult,359294,0
deserialize,957,0
mult,366313,0
deserialize,895,0
mult,361394,0
deserialize,950,0
mult,359930,0
deserialize,911,0
mult,362217,0
deserialize,1179,0
mult,360705,0
deserialize,945,0
mult,359882,0
deserialize,804,0
mult,360715,0
deserialize,908,0
mult,358177,0
deserialize,864,0
mult,364299,0
deserialize,993,0
mult,357062,0
deserialize,891,0
mult,356881,0
deserialize,908,0
mult,359064,0
deserialize,875,0
mult,358894,0
deserialize,907,0
mult,362666,0
deserialize,848,0
mult,358495,0
deserialize,890,0
mult,358261,0
deserialize,888,0
mult,361818,0
deserialize,888,0
mult,359423,0
deserialize,900,0
mult,366591,0
deserialize,930,0
mult,365037,0
deserialize,1027,0
mult,357951,0
deserialize,1009,0
mult,367274,0
deserialize,854,0
mult,362333,0
deserialize,894,0
mult,364354,0
deserialize,832,0
mult,359827,0
deserialize,936,0
mult,357556,0
deserialize,1216,0
mult,1.68299e+06,0
deserialize,898,0
mult,1.79577e+06,0
deserialize,924,0
mult,1.61765e+06,0
deserialize,1108,0
mult,1.29141e+06,0
deserialize,1116,0
mult,360110,0
deserialize,1036,0
mult,360918,0
deserialize,1008,0
mult,358299,0
deserialize,970,0
mult,358265,0
deserialize,1152,0
mult,357458,0
deserialize,875,0
mult,357040,0
deserialize,1211,0
mult,356632,0
deserialize,1498,0
mult,357210,0
deserialize,938,0
mult,357247,0
deserialize,1155,0
mult,365545,0
deserialize,1086,0
mult,358405,0
deserialize,984,0
mult,360593,0
deserialize,854,0
mult,357899,0
deserialize,998,0
mult,357748,0
deserialize,880,0
mult,361963,0
deserialize,883,0
mult,360566,0
deserialize,1148,0
mult,363340,0
deserialize,923,0
mult,359961,0
deserialize,873,0
mult,361047,0
deserialize,886,0
mult,367570,0
deserialize,854,0
mult,364967,0
deserialize,1003,0
mult,362981,0
deserialize,894,0
mult,359840,0
deserialize,844,0
mult,363959,0
deserialize,839,0
mult,360847,0
deserialize,969,0
mult,357568,0
deserialize,1019,0
mult,362554,0
deserialize,1003,0
mult,358257,0
deserialize,998,0
mult,358267,0
deserialize,942,0
mult,359569,0
deserialize,857,0
mult,356737,0
deserialize,960,0
mult,363227,0
deserialize,958,0
mult,356454,0
deserialize,986,0
mult,357288,0
deserialize,978,0
mult,359730,0
deserialize,982,0
mult,358926,0
deserialize,865,0
mult,361999,0
deserialize,932,0
mult,357599,0
deserialize,915,0
mult,358026,0
deserialize,999,0
mult,361161,0
deserialize,873,0
mult,359034,0
deserialize,1187,0
mult,365687,0
deserialize,924,0
mult,366868,0
deserialize,1121,0
mult,359621,0
deserialize,883,0
mult,365959,0
deserialize,945,0
mult,360354,0
deserialize,895,0
mult,362917,0
deserialize,1031,0
mult,359706,0
deserialize,850,0
mult,364541,0
deserialize,887,0
mult,361415,0
deserialize,926,0
mult,359107,0
deserialize,994,0
mult,362623,0
deserialize,865,0
mult,358542,0
deserialize,891,0
mult,364736,0
deserialize,1054,0
mult,358405,0
deserialize,15740,0
mult,384827,0
deserialize,1137,0
mult,404330,0
deserialize,846,0
mult,393206,0
deserialize,921,0
mult,394100,0
deserialize,876,0
mult,394744,0
deserialize,871,0
mult,395480,0
deserialize,877,0
mult,394684,0
deserialize,937,0
mult,395353,0
deserialize,855,0
mult,399683,0
deserialize,1046,0
mult,393725,0
deserialize,1233,0
mult,398156,0
deserialize,943,0
mult,397461,0
deserialize,932,0
mult,406028,0
deserialize,929,0
mult,398981,0
deserialize,936,0
mult,401610,0
deserialize,912,0
mult,410586,0
deserialize,974,0
mult,403426,0
deserialize,960,0
mult,405043,0
deserialize,899,0
mult,402650,0
deserialize,1055,0
mult,395557,0
deserialize,969,0
mult,394543,0
deserialize,907,0
mult,393817,0
deserialize,870,0
mult,392844,0
deserialize,879,0
mult,393538,0
deserialize,870,0
mult,395153,0
deserialize,1309,0
mult,392797,0
deserialize,880,0
mult,394457,0
deserialize,862,0
mult,393357,0
deserialize,1051,0
mult,400264,0
deserialize,1084,0
mult,392445,0
deserialize,1044,0
mult,394730,0
deserialize,901,0
mult,395111,0
deserialize,888,0
mult,395240,0
deserialize,884,0
mult,394729,0
deserialize,860,0
mult,393910,0
deserialize,913,0
mult,396088,0
deserialize,991,0
mult,397313,0
deserialize,972,0
mult,406071,0
deserialize,880,0
mult,404263,0
deserialize,1106,0
mult,398914,0
deserialize,961,0
mult,408980,0
deserialize,986,0
mult,403503,0
deserialize,866,0
mult,406527,0
deserialize,945,0
mult,398566,0
deserialize,1129,0
mult,395570,0
deserialize,990,0
mult,394174,0
deserialize,895,0
mult,393738,0
deserialize,970,0
mult,393162,0
deserialize,868,0
mult,404299,0
deserialize,1293,0
mult,393800,0
deserialize,902,0
mult,393406,0
deserialize,913,0
mult,394663,0
deserialize,1076,0
mult,394304,0
deserialize,1051,0
mult,393698,0
deserialize,817,0
mult,393984,0
deserialize,910,0
mult,395057,0
deserialize,868,0
mult,395058,0
deserialize,908,0
mult,395772,0
deserialize,853,0
mult,400207,0
deserialize,1143,0
mult,393146,0
deserialize,1148,0
mult,393522,0
deserialize,898,0
mult,396039,0
deserialize,875,0
mult,404805,0
deserialize,919,0
mult,398359,0
deserialize,903,0
mult,400954,0
deserialize,963,0
mult,407569,0
deserialize,850,0
mult,403731,0
deserialize,918,0
mult,408837,0
deserialize,879,0
mult,406537,0
deserialize,1050,0
mult,395747,0
deserialize,988,0
mult,394040,0
deserialize,904,0
mult,393988,0
deserialize,904,0
mult,393794,0
deserialize,953,0
mult,393724,0
deserialize,923,0
mult,393918,0
deserialize,914,0
mult,392972,0
deserialize,955,0
mult,395181,0
deserialize,925,0
mult,393822,0
deserialize,940,0
mult,399462,0
deserialize,988,0
mult,392466,0
deserialize,991,0
mult,394762,0
deserialize,888,0
mult,395206,0
deserialize,1201,0
mult,395591,0
deserialize,1150,0
mult,394253,0
deserialize,884,0
mult,394954,0
deserialize,969,0
mult,393564,0
deserialize,880,0
mult,394215,0
deserialize,954,0
mult,404276,0
deserialize,889,0
mult,405509,0
deserialize,1087,0
mult,401956,0
deserialize,955,0
mult,405892,0
deserialize,1063,0
mult,403485,0
deserialize,1156,0
mult,409670,0
deserialize,984,0
mult,399396,0
deserialize,893,0
mult,397412,0
deserialize,895,0
mult,393974,0
deserialize,853,0
mult,394341,0
deserialize,874,0
mult,393288,0
deserialize,896,0
mult,399185,0
deserialize,1110,0
mult,393100,0
deserialize,916,0
mult,393247,0
deserialize,919,0
mult,394806,0
deserialize,863,0
mult,394258,0
deserialize,945,0
mult,394293,0
deserialize,840,0
mult,393780,0
deserialize,1157,0
mult,393995,0
deserialize,853,0
mult,394360,0
deserialize,901,0
mult,395267,0
deserialize,871,0
mult,400133,0
deserialize,1166,0
mult,393729,0
deserialize,890,0
mult,393111,0
deserialize,958,0
mult,393003,0
deserialize,854,0
mult,403004,0
deserialize,973,0
mult,399601,0
deserialize,885,0
mult,404906,0
deserialize,1145,0
mult,405533,0
deserialize,860,0
mult,403908,0
deserialize,1088,0
mult,411670,0
deserialize,896,0
mult,405264,0
deserialize,1050,0
mult,398739,0
deserialize,902,0
mult,394234,0
deserialize,1036,0
mult,393563,0
deserialize,824,0
mult,393385,0
deserialize,904,0
mult,393596,0
deserialize,899,0
mult,393301,0
deserialize,879,0
mult,393901,0
deserialize,835,0
mult,394130,0
deserialize,917,0
mult,392812,0
deserialize,875,0
mult,400626,0
deserialize,1070,0
mult,392874,0
deserialize,946,0
mult,392846,0
deserialize,937,0
mult,393331,0
deserialize,850,0
mult,395290,0
deserialize,936,0
mult,394476,0
deserialize,1017,0
mult,394953,0
deserialize,877,0
mult,393468,0
deserialize,896,0
mult,393217,0
deserialize,1004,0
mult,400814,0
deserialize,878,0
mult,414967,0
deserialize,1030,0
mult,404677,0
deserialize,1069,0
mult,402607,0
deserialize,1220,0
mult,403198,0
deserialize,1183,0
mult,409672,0
deserialize,889,0
mult,401757,0
deserialize,946,0
mult,401314,0
deserialize,1110,0
mult,394977,0
deserialize,946,0
mult,393541,0
deserialize,864,0
mult,393417,0
deserialize,940,0
mult,400197,0
deserialize,1108,0
mult,392824,0
deserialize,949,0
mult,392668,0
deserialize,868,0
mult,394455,0
deserialize,883,0
mult,392715,0
deserialize,1010,0
mult,393687,0
deserialize,888,0
mult,393370,0
deserialize,880,0
mult,393938,0
deserialize,853,0
mult,394005,0
deserialize,887,0
mult,395340,0
deserialize,900,0
mult,399223,0
deserialize,1306,0
mult,394515,0
deserialize,933,0
mult,393831,0
deserialize,1065,0
mult,392940,0
deserialize,925,0
mult,400153,0
deserialize,967,0
mult,397934,0
deserialize,874,0
mult,404804,0
deserialize,1160,0
mult,400807,0
deserialize,866,0
mult,401287,0
deserialize,974,0
mult,409899,0
deserialize,1140,0
mult,408677,0
deserialize,1065,0
mult,402240,0
deserialize,934,0
mult,395205,0
deserialize,952,0
mult,393670,0
deserialize,1105,0
mult,393134,0
deserialize,923,0
mult,393554,0
deserialize,855,0
mult,392667,0
deserialize,952,0
mult,392360,0
deserialize,850,0
mult,394293,0
deserialize,966,0
mult,393093,0
deserialize,881,0
mult,399260,0
deserialize,1075,0
mult,392435,0
deserialize,888,0
mult,393226,0
deserialize,1524,0
mult,392545,0
deserialize,883,0
mult,394951,0
deserialize,948,0
mult,393884,0
deserialize,926,0
mult,394513,0
deserialize,1040,0
mult,393174,0
deserialize,914,0
mult,393147,0
deserialize,902,0
mult,398072,0
deserialize,867,0
mult,403494,0
deserialize,1073,0
mult,405386,0
deserialize,1030,0
mult,398989,0
deserialize,892,0
mult,400064,0
deserialize,850,0
mult,409494,0
deserialize,1040,0
mult,403159,0
deserialize,869,0
mult,404666,0
deserialize,1071,0
mult,396154,0
deserialize,1009,0
mult,395044,0
deserialize,1016,0
mult,393332,0
deserialize,828,0
mult,398132,0
deserialize,1029,0
mult,392310,0
deserialize,952,0
mult,392081,0
deserialize,882,0
mult,393786,0
deserialize,885,0
mult,393058,0
deserialize,877,0
mult,393907,0
deserialize,863,0
mult,392849,0
deserialize,881,0
mult,393640,0
deserialize,840,0
mult,393207,0
deserialize,866,0
mult,394345,0
deserialize,884,0
mult,394396,0
deserialize,1004,0
mult,399685,0
deserialize,1045,0
mult,393596,0
deserialize,1178,0
mult,393340,0
deserialize,974,0
mult,396071,0
deserialize,884,0
mult,395836,0
deserialize,949,0
mult,405356,0
deserialize,940,0
mult,397914,0
deserialize,1075,0
mult,399008,0
deserialize,995,0
mult,408700,0
deserialize,1171,0
mult,403679,0
deserialize,1169,0
mult,410557,0
deserialize,1154,0
mult,396733,0
deserialize,989,0
mult,394940,0
deserialize,916,0
mult,393233,0
deserialize,910,0
mult,393225,0
deserialize,1027,0
mult,392349,0
deserialize,828,0
mult,392347,0
deserialize,1156,0
mult,393930,0
deserialize,937,0
mult,392781,0
deserialize,933,0
mult,393930,0
deserialize,1000,0
mult,399237,0
deserialize,1050,0
mult,392780,0
deserialize,1013,0
mult,392742,0
deserialize,862,0
mult,393833,0
deserialize,975,0
mult,394007,0
deserialize,1210,0
mult,395655,0
deserialize,923,0
mult,392927,0
deserialize,858,0
mult,394125,0
deserialize,891,0
mult,394736,0
deserialize,1047,0
mult,394938,0
deserialize,893,0
mult,410158,0
deserialize,1073,0
mult,398650,0
deserialize,1383,0
mult,399867,0
deserialize,842,0
mult,407686,0
deserialize,1221,0
mult,403175,0
deserialize,852,0
mult,407903,0
deserialize,1066,0
mult,398320,0
deserialize,842,0
mult,395508,0
deserialize,987,0
mult,393467,0
deserialize,856,0
mult,392657,0
deserialize,951,0
mult,398709,0
deserialize,1318,0
mult,392509,0
deserialize,916,0
mult,393211,0
deserialize,830,0
mult,392454,0
deserialize,991,0
mult,394509,0
deserialize,847,0
mult,393816,0
deserialize,874,0
mult,392308,0
deserialize,857,0
mult,392828,0
deserialize,983,0
mult,393500,0
deserialize,909,0
mult,393570,0
deserialize,986,0
mult,400367,0
deserialize,1030,0
mult,393203,0
deserialize,1071,0
mult,393903,0
deserialize,907,0
mult,393077,0
deserialize,1113,0
mult,393429,0
deserialize,885,0
mult,403671,0
deserialize,907,0
mult,399071,0
deserialize,935,0
mult,401818,0
deserialize,888,0
mult,405186,0
deserialize,862,0
mult,403807,0
deserialize,899,0
mult,415571,0
deserialize,1021,0
mult,398539,0
deserialize,917,0
mult,396821,0
deserialize,934,0
mult,394093,0
deserialize,895,0
mult,392970,0
deserialize,930,0
mult,393072,0
deserialize,939,0
mult,392769,0
deserialize,907,0
mult,393764,0
deserialize,883,0
mult,393305,0
deserialize,960,0
mult,394772,0
deserialize,908,0
mult,398253,0
deserialize,1064,0
mult,392284,0
deserialize,1152,0
mult,392499,0
deserialize,1019,0
mult,393954,0
deserialize,882,0
mult,393417,0
deserialize,890,0
mult,394443,0
deserialize,916,0
mult,393860,0
deserialize,851,0
mult,393718,0
deserialize,895,0
mult,393200,0
deserialize,891,0
mult,393320,0
deserialize,966,0
mult,408429,0
deserialize,970,0
mult,397790,0
deserialize,1228,0
mult,403536,0
deserialize,914,0
mult,405186,0
deserialize,1190,0
mult,403113,0
deserialize,1264,0
mult,410055,0
deserialize,984,0
mult,399871,0
deserialize,870,0
mult,398327,0
deserialize,934,0
mult,393135,0
deserialize,1112,0
mult,393556,0
deserialize,864,0
mult,401437,0
deserialize,1027,0
mult,393607,0
deserialize,1234,0
mult,392647,0
deserialize,898,0
mult,392922,0
deserialize,929,0
mult,394203,0
deserialize,880,0
mult,392705,0
deserialize,953,0
mult,392763,0
deserialize,888,0
mult,392545,0
deserialize,1045,0
mult,393391,0
deserialize,849,0
mult,393845,0
deserialize,966,0
mult,399801,0
deserialize,943,0
mult,393851,0
deserialize,1286,0
mult,394241,0
deserialize,856,0
mult,392477,0
deserialize,1000,0
mult,392497,0
deserialize,927,0
mult,401205,0
deserialize,1026,0
mult,398729,0
deserialize,924,0
mult,404509,0
deserialize,1229,0
mult,402048,0
deserialize,849,0
mult,403341,0
deserialize,1004,0
mult,415352,0
deserialize,963,0
mult,400523,0
deserialize,940,0
mult,400556,0
deserialize,856,0
mult,393271,0
deserialize,961,0
mult,393760,0
deserialize,868,0
mult,392934,0
deserialize,966,0
mult,393240,0
deserialize,879,0
mult,392901,0
deserialize,890,0
mult,392810,0
deserialize,857,0
mult,394828,0
deserialize,907,0
mult,399097,0
deserialize,1161,0
mult,393692,0
deserialize,877,0
mult,392867,0
deserialize,926,0
mult,392600,0
deserialize,946,0
mult,393899,0
deserialize,874,0
mult,394376,0
deserialize,943,0
mult,393869,0
deserialize,862,0
mult,394074,0
deserialize,909,0
mult,393076,0
deserialize,863,0
mult,392897,0
deserialize,890,0
mult,404987,0
deserialize,986,0
mult,398543,0
deserialize,901,0
mult,405253,0
deserialize,1036,0
mult,400420,0
deserialize,860,0
mult,402242,0
deserialize,969,0
mult,409980,0
deserialize,1000,0
mult,402113,0
deserialize,897,0
mult,402557,0
deserialize,968,0
mult,394412,0
deserialize,955,0
mult,393666,0
deserialize,894,0
mult,399324,0
deserialize,1045,0
mult,392275,0
deserialize,927,0
mult,392455,0
deserialize,915,0
mult,392647,0
deserialize,880,0
mult,393788,0
deserialize,864,0
mult,393304,0
deserialize,982,0
mult,393982,0
deserialize,881,0
mult,392381,0
deserialize,1370,0
mult,392508,0
deserialize,889,0
mult,392877,0
deserialize,913,0
mult,400296,0
deserialize,1014,0
mult,393517,0
deserialize,1136,0
mult,394370,0
deserialize,853,0
mult,393012,0
deserialize,904,0
mult,393905,0
deserialize,884,0
mult,397741,0
deserialize,962,0
mult,397749,0
deserialize,919,0
mult,405256,0
deserialize,899,0
mult,398723,0
deserialize,900,0
mult,400770,0
deserialize,956,0
mult,418524,0
deserialize,997,0
mult,402827,0
deserialize,980,0
mult,404343,0
deserialize,859,0
mult,395223,0
deserialize,890,0
mult,395034,0
deserialize,873,0
mult,393089,0
deserialize,940,0
mult,393087,0
deserialize,845,0
mult,392619,0
deserialize,1567,0
mult,392204,0
deserialize,872,0
mult,394031,0
deserialize,970,0
mult,545094,0
deserialize,985,0
mult,393556,0
deserialize,1064,0
mult,392328,0
deserialize,925,0
mult,392537,0
deserialize,1132,0
mult,392949,0
deserialize,900,0
mult,395240,0
deserialize,951,0
mult,393995,0
deserialize,892,0
mult,394780,0
deserialize,1042,0
mult,393293,0
deserialize,854,0
mult,393717,0
deserialize,936,0
mult,402905,0
deserialize,1020,0
mult,395283,0
deserialize,1004,0
mult,404899,0
deserialize,981,0
mult,397491,0
deserialize,1044,0
mult,399632,0
deserialize,886,0
mult,409031,0
gemm,8.93754e+08,0
wait_all,6.94158e+08,0
deserialize,2585,0
mult,408697,0
deserialize,1155,0
mult,400380,0
deserialize,855,0
mult,402019,0
deserialize,1086,0
mult,411362,0
deserialize,919,0
mult,402943,0
deserialize,863,0
mult,403175,0
deserialize,868,0
mult,394719,0
deserialize,936,0
mult,394189,0
deserialize,862,0
mult,398284,0
deserialize,1028,0
mult,393006,0
deserialize,1216,0
mult,392436,0
deserialize,905,0
mult,392559,0
deserialize,833,0
mult,393472,0
deserialize,898,0
mult,392682,0
deserialize,822,0
mult,393814,0
deserialize,1025,0
mult,393753,0
deserialize,867,0
mult,396447,0
deserialize,940,0
mult,394611,0
deserialize,829,0
mult,394845,0
deserialize,906,0
mult,399894,0
deserialize,977,0
mult,394564,0
deserialize,916,0
mult,394281,0
deserialize,820,0
mult,393923,0
deserialize,1155,0
mult,397887,0
deserialize,862,0
mult,397353,0
deserialize,853,0
mult,406798,0
deserialize,861,0
mult,399163,0
deserialize,890,0
mult,401083,0
deserialize,950,0
mult,409773,0
deserialize,887,0
mult,410958,0
deserialize,1067,0
mult,404463,0
deserialize,913,0
mult,396712,0
deserialize,973,0
mult,394988,0
deserialize,925,0
mult,394347,0
deserialize,1011,0
mult,393900,0
deserialize,867,0
mult,393442,0
deserialize,948,0
mult,393322,0
deserialize,1111,0
mult,393381,0
deserialize,821,0
mult,392293,0
deserialize,924,0
mult,400281,0
deserialize,1019,0
mult,393431,0
deserialize,895,0
mult,395017,0
deserialize,858,0
mult,393500,0
deserialize,923,0
mult,395290,0
deserialize,877,0
mult,393718,0
deserialize,909,0
mult,395233,0
deserialize,907,0
mult,393727,0
deserialize,860,0
mult,393843,0
deserialize,896,0
mult,396603,0
deserialize,874,0
mult,401219,0
deserialize,1090,0
mult,405051,0
deserialize,948,0
mult,397961,0
deserialize,869,0
mult,399140,0
deserialize,1078,0
mult,409102,0
deserialize,892,0
mult,404760,0
deserialize,903,0
mult,406561,0
deserialize,933,0
mult,394099,0
deserialize,917,0
mult,392393,0
deserialize,1002,0
mult,1.69684e+06,0
deserialize,1220,0
mult,1.80123e+06,0
deserialize,890,0
mult,1.63008e+06,0
deserialize,985,0
mult,1.29623e+06,0
deserialize,1073,0
mult,402103,0
deserialize,987,0
mult,394171,0
deserialize,985,0
mult,392373,0
deserialize,875,0
mult,392214,0
deserialize,956,0
mult,392414,0
deserialize,870,0
mult,399847,0
deserialize,1078,0
mult,392274,0
deserialize,970,0
mult,394429,0
deserialize,900,0
mult,392771,0
deserialize,909,0
mult,395185,0
deserialize,1345,0
mult,393628,0
deserialize,860,0
mult,394193,0
deserialize,923,0
mult,392894,0
deserialize,1060,0
mult,392307,0
deserialize,908,0
mult,400941,0
deserialize,882,0
mult,402943,0
deserialize,1390,0
mult,403781,0
deserialize,1120,0
mult,402063,0
deserialize,901,0
mult,402107,0
deserialize,962,0
mult,410279,0
deserialize,914,0
mult,400258,0
deserialize,897,0
mult,400068,0
deserialize,895,0
mult,394394,0
deserialize,845,0
mult,393300,0
deserialize,894,0
mult,392510,0
deserialize,885,0
mult,399188,0
deserialize,1111,0
mult,391838,0
deserialize,969,0
mult,392038,0
deserialize,878,0
mult,392311,0
deserialize,1072,0
mult,392219,0
deserialize,864,0
mult,393177,0
deserialize,1004,0
mult,393071,0
deserialize,918,0
mult,394674,0
deserialize,942,0
mult,393699,0
deserialize,886,0
mult,394770,0
deserialize,1166,0
mult,399552,0
deserialize,994,0
mult,393455,0
deserialize,952,0
mult,393094,0
deserialize,894,0
mult,392918,0
deserialize,953,0
mult,399670,0
deserialize,874,0
mult,398312,0
deserialize,1178,0
mult,405340,0
deserialize,965,0
mult,400785,0
deserialize,948,0
mult,402349,0
deserialize,882,0
mult,409602,0
deserialize,895,0
mult,408028,0
deserialize,1042,0
mult,402464,0
deserialize,973,0
mult,394977,0
deserialize,967,0
mult,393661,0
deserialize,912,0
mult,392864,0
deserialize,899,0
mult,392623,0
deserialize,892,0
mult,392476,0
deserialize,887,0
mult,392235,0
deserialize,868,0
mult,392380,0
deserialize,925,0
mult,392923,0
deserialize,21457,0
mult,390811,0
deserialize,1457,0
mult,379257,0
deserialize,900,0
mult,374179,0
deserialize,1194,0
mult,377003,0
deserialize,941,0
mult,372226,0
deserialize,1044,0
mult,372227,0
deserialize,878,0
mult,370413,0
deserialize,890,0
mult,370033,0
deserialize,915,0
mult,371208,0
deserialize,886,0
mult,370168,0
deserialize,1013,0
mult,380993,0
deserialize,1070,0
mult,371965,0
deserialize,953,0
mult,370254,0
deserialize,901,0
mult,371330,0
deserialize,982,0
mult,369394,0
deserialize,899,0
mult,371310,0
deserialize,984,0
mult,370532,0
deserialize,955,0
mult,371044,0
deserialize,818,0
mult,370451,0
deserialize,917,0
mult,370404,0
deserialize,893,0
mult,369997,0
deserialize,985,0
mult,497590,0
deserialize,1137,0
mult,371958,0
deserialize,917,0
mult,377831,0
deserialize,859,0
mult,378002,0
deserialize,1041,0
mult,383236,0
deserialize,897,0
mult,376760,0
deserialize,891,0
mult,377250,0
deserialize,893,0
mult,377708,0
deserialize,906,0
mult,372704,0
deserialize,864,0
mult,373314,0
deserialize,877,0
mult,376965,0
deserialize,1037,0
mult,370460,0
deserialize,1322,0
mult,370027,0
deserialize,885,0
mult,370184,0
deserialize,977,0
mult,371908,0
deserialize,885,0
mult,372149,0
deserialize,950,0
mult,370794,0
deserialize,1067,0
mult,371736,0
deserialize,923,0
mult,370411,0
deserialize,889,0
mult,370502,0
deserialize,1085,0
mult,370066,0
deserialize,961,0
mult,377393,0
deserialize,1126,0
mult,368833,0
deserialize,960,0
mult,369970,0
deserialize,1053,0
mult,369486,0
deserialize,892,0
mult,371057,0
deserialize,978,0
mult,371506,0
deserialize,881,0
mult,375761,0
deserialize,994,0
mult,377676,0
deserialize,867,0
mult,383540,0
deserialize,910,0
mult,378221,0
deserialize,867,0
mult,378122,0
deserialize,903,0
mult,383299,0
deserialize,993,0
mult,372231,0
deserialize,935,0
mult,374540,0
deserialize,985,0
mult,370887,0
deserialize,920,0
mult,371329,0
deserialize,880,0
mult,371287,0
deserialize,920,0
mult,370620,0
deserialize,887,0
mult,371957,0
deserialize,911,0
mult,372869,0
deserialize,987,0
mult,370998,0
deserialize,897,0
mult,377575,0
deserialize,1044,0
mult,369936,0
deserialize,1215,0
mult,370039,0
deserialize,887,0
mult,369830,0
deserialize,943,0
mult,371533,0
deserialize,928,0
mult,370333,0
deserialize,890,0
mult,370438,0
deserialize,943,0
mult,369633,0
deserialize,896,0
mult,370997,0
deserialize,863,0
mult,371534,0
deserialize,914,0
mult,375500,0
deserialize,967,0
mult,381777,0
deserialize,1067,0
mult,383415,0
deserialize,974,0
mult,377636,0
deserialize,995,0
mult,378627,0
deserialize,1195,0
mult,376569,0
deserialize,899,0
mult,373597,0
deserialize,957,0
mult,375399,0
deserialize,932,0
mult,371383,0
deserialize,974,0
mult,371096,0
deserialize,963,0
mult,370936,0
deserialize,877,0
mult,370114,0
deserialize,981,0
mult,377308,0
deserialize,1053,0
mult,370257,0
deserialize,932,0
mult,370160,0
deserialize,914,0
mult,372006,0
deserialize,990,0
mult,371111,0
deserialize,899,0
mult,371011,0
deserialize,924,0
mult,369595,0
deserialize,922,0
mult,371320,0
deserialize,939,0
mult,370357,0
deserialize,847,0
mult,371115,0
deserialize,878,0
mult,376070,0
deserialize,1016,0
mult,370221,0
deserialize,1046,0
mult,370638,0
deserialize,906,0
mult,373560,0
deserialize,964,0
mult,374826,0
deserialize,838,0
mult,382544,0
deserialize,879,0
mult,378685,0
deserialize,857,0
mult,379877,0
deserialize,938,0
mult,375044,0
deserialize,864,0
mult,373909,0
deserialize,1028,0
mult,376978,0
deserialize,847,0
mult,376103,0
deserialize,1078,0
mult,371072,0
deserialize,923,0
mult,370102,0
deserialize,1207,0
mult,370262,0
deserialize,888,0
mult,371853,0
deserialize,979,0
mult,371368,0
deserialize,903,0
mult,371745,0
deserialize,950,0
mult,372273,0
deserialize,881,0
mult,370678,0
deserialize,961,0
mult,371213,0
deserialize,885,0
mult,370542,0
deserialize,976,0
mult,377123,0
deserialize,984,0
mult,369181,0
deserialize,963,0
mult,369192,0
deserialize,1086,0
mult,369607,0
deserialize,1082,0
mult,370396,0
deserialize,870,0
mult,370403,0
deserialize,1222,0
mult,372664,0
deserialize,1014,0
mult,374837,0
deserialize,897,0
mult,382024,0
deserialize,863,0
mult,378857,0
deserialize,933,0
mult,387620,0
deserialize,974,0
mult,372802,0
deserialize,1059,0
mult,372592,0
deserialize,870,0
mult,376763,0
deserialize,981,0
mult,369260,0
deserialize,880,0
mult,371350,0
deserialize,1011,0
mult,369720,0
deserialize,892,0
mult,369598,0
deserialize,890,0
mult,371709,0
deserialize,1146,0
mult,370123,0
deserialize,1050,0
mult,370707,0
deserialize,934,0
mult,378671,0
deserialize,1066,0
mult,370751,0
deserialize,1130,0
mult,370508,0
deserialize,977,0
mult,369920,0
deserialize,950,0
mult,370778,0
deserialize,884,0
mult,369436,0
deserialize,968,0
mult,369971,0
deserialize,907,0
mult,370473,0
deserialize,993,0
mult,369839,0
deserialize,871,0
mult,369595,0
deserialize,948,0
mult,372365,0
deserialize,895,0
mult,381533,0
deserialize,1060,0
mult,380633,0
deserialize,904,0
mult,378904,0
deserialize,868,0
mult,381395,0
deserialize,893,0
mult,374284,0
deserialize,877,0
mult,373415,0
deserialize,897,0
mult,377971,0
deserialize,894,0
mult,370747,0
deserialize,874,0
mult,371677,0
deserialize,915,0
mult,368988,0
deserialize,1085,0
mult,376190,0
deserialize,1027,0
mult,371287,0
deserialize,1128,0
mult,369907,0
deserialize,1206,0
mult,370522,0
deserialize,950,0
mult,372589,0
deserialize,896,0
mult,369947,0
deserialize,959,0
mult,371344,0
deserialize,941,0
mult,369197,0
deserialize,897,0
mult,370144,0
deserialize,874,0
mult,368818,0
deserialize,981,0
mult,369713,0
deserialize,851,0
mult,376062,0
deserialize,1077,0
mult,369071,0
deserialize,882,0
mult,369139,0
deserialize,946,0
mult,372345,0
deserialize,864,0
mult,372336,0
deserialize,968,0
mult,379672,0
deserialize,862,0
mult,378327,0
deserialize,1062,0
mult,383232,0
deserialize,862,0
mult,374394,0
deserialize,991,0
mult,374293,0
deserialize,1037,0
mult,376934,0
deserialize,955,0
mult,378835,0
deserialize,1005,0
mult,371505,0
deserialize,977,0
mult,369441,0
deserialize,933,0
mult,369432,0
deserialize,972,0
mult,370818,0
deserialize,845,0
mult,370668,0
deserialize,896,0
mult,370447,0
deserialize,895,0
mult,370889,0
deserialize,953,0
mult,370394,0
deserialize,839,0
mult,371491,0
deserialize,916,0
mult,373626,0
deserialize,1005,0
mult,370298,0
deserialize,930,0
mult,368930,0
deserialize,898,0
mult,370885,0
deserialize,1023,0
mult,369078,0
deserialize,900,0
mult,369067,0
deserialize,920,0
mult,369303,0
deserialize,882,0
mult,371349,0
deserialize,923,0
mult,370963,0
deserialize,877,0
mult,378034,0
deserialize,871,0
mult,377408,0
deserialize,898,0
mult,388054,0
deserialize,1023,0
mult,375773,0
deserialize,945,0
mult,375575,0
deserialize,905,0
mult,376764,0
deserialize,877,0
mult,371741,0
deserialize,863,0
mult,371237,0
deserialize,1358,0
mult,369727,0
deserialize,965,0
mult,370250,0
deserialize,945,0
mult,370571,0
deserialize,942,0
mult,370782,0
deserialize,1006,0
mult,371279,0
deserialize,943,0
mult,377318,0
deserialize,998,0
mult,369593,0
deserialize,986,0
mult,371240,0
deserialize,934,0
mult,369299,0
deserialize,933,0
mult,370289,0
deserialize,886,0
mult,369807,0
deserialize,912,0
mult,371067,0
deserialize,856,0
mult,369161,0
deserialize,973,0
mult,368979,0
deserialize,860,0
mult,369378,0
deserialize,879,0
mult,370941,0
deserialize,895,0
mult,376872,0
deserialize,1328,0
mult,376121,0
deserialize,898,0
mult,377105,0
deserialize,986,0
mult,382438,0
deserialize,976,0
mult,376854,0
deserialize,906,0
mult,377104,0
deserialize,859,0
mult,375664,0
deserialize,883,0
mult,372390,0
deserialize,881,0
mult,373792,0
deserialize,957,0
mult,369477,0
deserialize,905,0
mult,376961,0
deserialize,1027,0
mult,369873,0
deserialize,913,0
mult,370576,0
deserialize,882,0
mult,371517,0
deserialize,966,0
mult,370893,0
deserialize,923,0
mult,369793,0
deserialize,944,0
mult,371748,0
deserialize,1045,0
mult,369408,0
deserialize,866,0
mult,370171,0
deserialize,973,0
mult,369154,0
deserialize,965,0
mult,371047,0
deserialize,1046,0
mult,376074,0
deserialize,960,0
mult,369610,0
deserialize,998,0
mult,369827,0
deserialize,892,0
mult,370306,0
deserialize,956,0
mult,370721,0
deserialize,877,0
mult,374996,0
deserialize,903,0
mult,375134,0
deserialize,897,0
mult,383413,0
deserialize,887,0
mult,377530,0
deserialize,851,0
mult,379030,0
deserialize,873,0
mult,375427,0
deserialize,888,0
mult,378903,0
deserialize,1088,0
mult,375007,0
deserialize,890,0
mult,370112,0
deserialize,988,0
mult,371854,0
deserialize,866,0
mult,370055,0
deserialize,997,0
mult,370267,0
deserialize,920,0
mult,371101,0
deserialize,903,0
mult,370418,0
deserialize,887,0
mult,369928,0
deserialize,923,0
mult,371200,0
deserialize,894,0
mult,376271,0
deserialize,1019,0
mult,369687,0
deserialize,885,0
mult,369091,0
deserialize,897,0
mult,370419,0
deserialize,880,0
mult,369591,0
deserialize,916,0
mult,368690,0
deserialize,860,0
mult,369284,0
deserialize,906,0
mult,369932,0
deserialize,934,0
mult,370799,0
deserialize,986,0
mult,373942,0
deserialize,935,0
mult,374051,0
deserialize,887,0
mult,388544,0
deserialize,1114,0
mult,377585,0
deserialize,933,0
mult,379327,0
deserialize,929,0
mult,374666,0
deserialize,1013,0
mult,372243,0
deserialize,988,0
mult,375431,0
deserialize,920,0
mult,369453,0
deserialize,873,0
mult,370857,0
deserialize,879,0
mult,369330,0
deserialize,858,0
mult,369428,0
deserialize,877,0
mult,371363,0
deserialize,883,0
mult,377057,0
deserialize,1117,0
mult,370549,0
deserialize,891,0
mult,370767,0
deserialize,997,0
mult,370087,0
deserialize,887,0
mult,370274,0
deserialize,898,0
mult,369651,0
deserialize,994,0
mult,370146,0
deserialize,909,0
mult,369174,0
deserialize,961,0
mult,369323,0
deserialize,1029,0
mult,369204,0
deserialize,931,0
mult,376113,0
deserialize,1040,0
mult,369865,0
deserialize,964,0
mult,372320,0
deserialize,896,0
mult,373781,0
deserialize,871,0
mult,381632,0
deserialize,937,0
mult,378534,0
deserialize,847,0
mult,380068,0
deserialize,875,0
mult,373312,0
deserialize,888,0
mult,371848,0
deserialize,1203,0
mult,376842,0
deserialize,855,0
mult,369766,0
deserialize,1031,0
mult,377808,0
deserialize,947,0
mult,369678,0
deserialize,1013,0
mult,368811,0
deserialize,1079,0
mult,370590,0
deserialize,1009,0
mult,369156,0
deserialize,868,0
mult,370990,0
deserialize,1176,0
mult,371808,0
deserialize,933,0
mult,370060,0
deserialize,1094,0
mult,369972,0
deserialize,807,0
mult,369428,0
deserialize,909,0
mult,371062,0
deserialize,866,0
mult,374675,0
deserialize,1073,0
mult,369004,0
deserialize,886,0
mult,368129,0
deserialize,987,0
mult,369194,0
deserialize,835,0
mult,369753,0
deserialize,898,0
mult,371638,0
deserialize,870,0
mult,372997,0
deserialize,901,0
mult,381018,0
deserialize,859,0
mult,378150,0
deserialize,888,0
mult,381247,0
deserialize,850,0
mult,379296,0
deserialize,1014,0
mult,374164,0
deserialize,976,0
mult,376010,0
deserialize,896,0
mult,370787,0
deserialize,876,0
mult,370668,0
deserialize,905,0
mult,369025,0
deserialize,884,0
mult,369624,0
deserialize,895,0
mult,370590,0
deserialize,1135,0
mult,369942,0
deserialize,982,0
mult,370589,0
deserialize,891,0
mult,372070,0
deserialize,1029,0
mult,375005,0
deserialize,1121,0
mult,370477,0
deserialize,972,0
mult,369055,0
deserialize,931,0
mult,370396,0
deserialize,980,0
mult,368780,0
deserialize,1048,0
mult,369271,0
deserialize,896,0
mult,369133,0
deserialize,1028,0
mult,369525,0
deserialize,896,0
mult,369097,0
deserialize,940,0
mult,372034,0
deserialize,1118,0
mult,371896,0
deserialize,946,0
mult,389087,0
deserialize,1350,0
mult,377269,0
deserialize,893,0
mult,381322,0
deserialize,1001,0
mult,374529,0
deserialize,1328,0
mult,374413,0
deserialize,890,0
mult,377243,0
deserialize,963,0
mult,370834,0
deserialize,879,0
mult,370719,0
deserialize,907,0
mult,370028,0
deserialize,1084,0
mult,368888,0
deserialize,891,0
mult,375944,0
deserialize,1034,0
mult,383973,0
deserialize,1100,0
mult,371532,0
deserialize,1030,0
mult,370714,0
deserialize,914,0
mult,369671,0
deserialize,935,0
mult,370485,0
deserialize,846,0
mult,369111,0
deserialize,996,0
mult,369881,0
deserialize,866,0
mult,369367,0
deserialize,987,0
mult,370176,0
deserialize,843,0
mult,369307,0
deserialize,890,0
mult,377276,0
deserialize,1006,0
mult,368995,0
deserialize,960,0
mult,372088,0
deserialize,863,0
mult,371400,0
deserialize,1503,0
mult,377599,0
deserialize,880,0
mult,378037,0
deserialize,965,0
mult,382123,0
deserialize,866,0
mult,375087,0
deserialize,1045,0
mult,375777,0
deserialize,866,0
mult,376603,0
deserialize,1021,0
mult,371963,0
deserialize,884,0
mult,377635,0
deserialize,1053,0
mult,369625,0
deserialize,928,0
mult,369667,0
deserialize,1002,0
mult,370278,0
deserialize,1006,0
mult,370483,0
deserialize,929,0
mult,370133,0
deserialize,877,0
mult,371526,0
deserialize,929,0
mult,369709,0
deserialize,948,0
mult,371128,0
deserialize,1001,0
mult,368676,0
deserialize,910,0
mult,369877,0
gemm,9.2004e+08,0
wait_all,7.13719e+08,0
deserialize,2100,0
mult,374058,0
deserialize,1006,0
mult,370608,0
deserialize,852,0
mult,370160,0
deserialize,957,0
mult,371881,0
deserialize,941,0
mult,370256,0
deserialize,876,0
mult,371032,0
deserialize,848,0
mult,369538,0
deserialize,964,0
mult,369429,0
deserialize,847,0
mult,376256,0
deserialize,1008,0
mult,372178,0
deserialize,890,0
mult,372472,0
deserialize,1104,0
mult,379967,0
deserialize,1043,0
mult,377944,0
deserialize,927,0
mult,381587,0
deserialize,858,0
mult,375527,0
deserialize,853,0
mult,374805,0
deserialize,866,0
mult,378104,0
deserialize,977,0
mult,372297,0
deserialize,816,0
mult,377817,0
deserialize,1030,0
mult,369827,0
deserialize,941,0
mult,370234,0
deserialize,1033,0
mult,370793,0
deserialize,854,0
mult,371035,0
deserialize,847,0
mult,370592,0
deserialize,865,0
mult,372149,0
deserialize,946,0
mult,370960,0
deserialize,935,0
mult,370754,0
deserialize,885,0
mult,369796,0
deserialize,945,0
mult,370991,0
deserialize,890,0
mult,376690,0
deserialize,1014,0
mult,370474,0
deserialize,1091,0
mult,370094,0
deserialize,951,0
mult,370336,0
deserialize,893,0
mult,369562,0
deserialize,1068,0
mult,372586,0
deserialize,835,0
mult,371715,0
deserialize,923,0
mult,379361,0
deserialize,887,0
mult,378173,0
deserialize,819,0
mult,383820,0
deserialize,924,0
mult,377497,0
deserialize,883,0
mult,384168,0
deserialize,1012,0
mult,377314,0
deserialize,873,0
mult,373062,0
deserialize,910,0
mult,372617,0
deserialize,857,0
mult,371399,0
deserialize,943,0
mult,371055,0
deserialize,1079,0
mult,370832,0
deserialize,857,0
mult,371012,0
deserialize,914,0
mult,371920,0
deserialize,882,0
mult,372104,0
deserialize,931,0
mult,376870,0
deserialize,1013,0
mult,371189,0
deserialize,1055,0
mult,369515,0
deserialize,893,0
mult,370922,0
deserialize,883,0
mult,369518,0
deserialize,911,0
mult,372339,0
deserialize,881,0
mult,369877,0
deserialize,1158,0
mult,371344,0
deserialize,1024,0
mult,1.69583e+06,0
deserialize,948,0
mult,1.80206e+06,0
deserialize,860,0
mult,1.63041e+06,0
deserialize,896,0
mult,1.30436e+06,0
deserialize,1182,0
mult,369781,0
deserialize,1067,0
mult,368930,0
deserialize,899,0
mult,381098,0
deserialize,897,0
mult,378680,0
deserialize,927,0
mult,380048,0
deserialize,871,0
mult,373646,0
deserialize,881,0
mult,372838,0
deserialize,971,0
mult,391466,0
deserialize,979,0
mult,369324,0
deserialize,950,0
mult,370809,0
deserialize,1028,0
mult,369667,0
deserialize,867,0
mult,369398,0
deserialize,865,0
mult,371254,0
deserialize,1016,0
mult,370464,0
deserialize,877,0
mult,370711,0
deserialize,923,0
mult,371426,0
deserialize,977,0
mult,369644,0
deserialize,911,0
mult,370570,0
deserialize,927,0
mult,375991,0
deserialize,1260,0
mult,369664,0
deserialize,906,0
mult,368971,0
deserialize,899,0
mult,369599,0
deserialize,892,0
mult,370235,0
deserialize,853,0
mult,370093,0
deserialize,866,0
mult,369949,0
deserialize,939,0
mult,372343,0
deserialize,1027,0
mult,372918,0
deserialize,1067,0
mult,380081,0
deserialize,971,0
mult,378486,0
deserialize,965,0
mult,387697,0
deserialize,1013,0
mult,372764,0
deserialize,1053,0
mult,372827,0
deserialize,863,0
mult,377257,0
deserialize,969,0
mult,371064,0
deserialize,904,0
mult,371630,0
deserialize,979,0
mult,369842,0
deserialize,1006,0
mult,369749,0
deserialize,970,0
mult,371015,0
deserialize,884,0
mult,369803,0
deserialize,1226,0
mult,376947,0
deserialize,980,0
mult,371493,0
deserialize,987,0
mult,370313,0
deserialize,916,0
mult,370934,0
deserialize,912,0
mult,370237,0
deserialize,831,0
mult,371364,0
deserialize,896,0
mult,369714,0
deserialize,891,0
mult,370332,0
deserialize,1024,0
mult,369671,0
deserialize,844,0
mult,369768,0
deserialize,1013,0
mult,369541,0
deserialize,856,0
mult,378825,0
deserialize,1143,0
mult,371374,0
deserialize,1071,0
mult,378397,0
deserialize,976,0
mult,377198,0
deserialize,870,0
mult,382628,0
deserialize,18893,0
mult,384565,0
deserialize,1077,0
mult,398964,0
deserialize,865,0
mult,392852,0
deserialize,924,0
mult,395029,0
deserialize,1027,0
mult,394116,0
deserialize,963,0
mult,400763,0
deserialize,982,0
mult,393411,0
deserialize,959,0
mult,394224,0
deserialize,901,0
mult,393760,0
deserialize,1050,0
mult,393246,0
deserialize,1020,0
mult,398895,0
deserialize,879,0
mult,397349,0
deserialize,924,0
mult,404956,0
deserialize,911,0
mult,398476,0
deserialize,956,0
mult,400068,0
deserialize,914,0
mult,415465,0
deserialize,1060,0
mult,402447,0
deserialize,994,0
mult,405070,0
deserialize,878,0
mult,396233,0
deserialize,909,0
mult,394350,0
deserialize,892,0
mult,393743,0
deserialize,894,0
mult,393613,0
deserialize,953,0
mult,392787,0
deserialize,871,0
mult,393276,0
deserialize,1170,0
mult,392372,0
deserialize,983,0
mult,399100,0
deserialize,1510,0
mult,392197,0
deserialize,900,0
mult,393248,0
deserialize,910,0
mult,394953,0
deserialize,1116,0
mult,393365,0
deserialize,920,0
mult,394010,0
deserialize,890,0
mult,394750,0
deserialize,858,0
mult,394412,0
deserialize,882,0
mult,393357,0
deserialize,874,0
mult,393218,0
deserialize,1109,0
mult,401495,0
deserialize,1103,0
mult,395653,0
deserialize,1182,0
mult,405915,0
deserialize,1079,0
mult,397788,0
deserialize,926,0
mult,399115,0
deserialize,875,0
mult,409099,0
deserialize,996,0
mult,403950,0
deserialize,878,0
mult,406524,0
deserialize,940,0
mult,397770,0
deserialize,872,0
mult,395531,0
deserialize,1072,0
mult,399766,0
deserialize,1019,0
mult,392969,0
deserialize,1000,0
mult,392680,0
deserialize,909,0
mult,393381,0
deserialize,1137,0
mult,392961,0
deserialize,882,0
mult,392030,0
deserialize,898,0
mult,392982,0
deserialize,878,0
mult,393785,0
deserialize,938,0
mult,394872,0
deserialize,1300,0
mult,393617,0
deserialize,880,0
mult,402304,0
deserialize,1000,0
mult,393727,0
deserialize,1027,0
mult,394661,0
deserialize,889,0
mult,393868,0
deserialize,903,0
mult,393632,0
deserialize,880,0
mult,393730,0
deserialize,1266,0
mult,395306,0
deserialize,1144,0
mult,405792,0
deserialize,1032,0
mult,398412,0
deserialize,931,0
mult,401234,0
deserialize,880,0
mult,413451,0
deserialize,1005,0
mult,404268,0
deserialize,1004,0
mult,408047,0
deserialize,913,0
mult,399244,0
deserialize,905,0
mult,396544,0
deserialize,948,0
mult,394290,0
deserialize,1490,0
mult,393803,0
deserialize,903,0
mult,393547,0
deserialize,907,0
mult,393383,0
deserialize,1062,0
mult,392716,0
deserialize,919,0
mult,400223,0
deserialize,1018,0
mult,392669,0
deserialize,1066,0
mult,392664,0
deserialize,955,0
mult,395440,0
deserialize,889,0
mult,393615,0
deserialize,972,0
mult,395201,0
deserialize,930,0
mult,394820,0
deserialize,938,0
mult,394941,0
deserialize,941,0
mult,394064,0
deserialize,1070,0
mult,394544,0
deserialize,917,0
mult,398127,0
deserialize,1250,0
mult,393540,0
deserialize,955,0
mult,403283,0
deserialize,903,0
mult,398656,0
deserialize,1073,0
mult,401974,0
deserialize,910,0
mult,405505,0
deserialize,896,0
mult,403690,0
deserialize,935,0
mult,410170,0
deserialize,1036,0
mult,398731,0
deserialize,1113,0
mult,398039,0
deserialize,879,0
mult,400419,0
deserialize,1049,0
mult,392746,0
deserialize,1035,0
mult,392113,0
deserialize,874,0
mult,392743,0
deserialize,967,0
mult,393692,0
deserialize,990,0
mult,392253,0
deserialize,873,0
mult,393460,0
deserialize,860,0
mult,392990,0
deserialize,926,0
mult,394391,0
deserialize,845,0
mult,393854,0
deserialize,980,0
mult,394521,0
deserialize,7141,0
mult,392815,0
deserialize,1013,0
mult,394429,0
deserialize,908,0
mult,393648,0
deserialize,974,0
mult,394989,0
deserialize,883,0
mult,392751,0
deserialize,962,0
mult,393516,0
deserialize,896,0
mult,403292,0
deserialize,966,0
mult,398650,0
deserialize,879,0
mult,403949,0
deserialize,1172,0
mult,404493,0
deserialize,1090,0
mult,409793,0
deserialize,1148,0
mult,410003,0
deserialize,912,0
mult,400323,0
deserialize,884,0
mult,399201,0
deserialize,853,0
mult,394743,0
deserialize,983,0
mult,393320,0
deserialize,950,0
mult,393342,0
deserialize,898,0
mult,392477,0
deserialize,1058,0
mult,392762,0
deserialize,890,0
mult,392302,0
deserialize,835,0
mult,400411,0
deserialize,1043,0
mult,392232,0
deserialize,875,0
mult,394601,0
deserialize,1100,0
mult,393807,0
deserialize,869,0
mult,394837,0
deserialize,976,0
mult,393834,0
deserialize,867,0
mult,395356,0
deserialize,1023,0
mult,393944,0
deserialize,833,0
mult,394577,0
deserialize,866,0
mult,392731,0
deserialize,1274,0
mult,398292,0
deserialize,1081,0
mult,401037,0
deserialize,977,0
mult,398526,0
deserialize,913,0
mult,405252,0
deserialize,927,0
mult,403063,0
deserialize,1010,0
mult,402146,0
deserialize,1007,0
mult,410081,0
deserialize,884,0
mult,400974,0
deserialize,939,0
mult,400900,0
deserialize,1154,0
mult,393969,0
deserialize,980,0
mult,400095,0
deserialize,1040,0
mult,392930,0
deserialize,961,0
mult,393208,0
deserialize,990,0
mult,392413,0
deserialize,888,0
mult,392669,0
deserialize,873,0
mult,392444,0
deserialize,887,0
mult,392326,0
deserialize,886,0
mult,393190,0
deserialize,880,0
mult,393052,0
deserialize,894,0
mult,395031,0
deserialize,879,0
mult,399360,0
deserialize,1564,0
mult,395223,0
deserialize,851,0
mult,393601,0
deserialize,935,0
mult,394099,0
deserialize,877,0
mult,394353,0
deserialize,988,0
mult,393593,0
deserialize,893,0
mult,399372,0
deserialize,1211,0
mult,398619,0
deserialize,896,0
mult,405049,0
deserialize,973,0
mult,400082,0
deserialize,853,0
mult,407634,0
deserialize,1060,0
mult,409706,0
deserialize,909,0
mult,401160,0
deserialize,977,0
mult,402237,0
deserialize,873,0
mult,395195,0
deserialize,955,0
mult,392772,0
deserialize,879,0
mult,392640,0
deserialize,995,0
mult,392688,0
deserialize,853,0
mult,392343,0
deserialize,977,0
mult,393233,0
deserialize,846,0
mult,398491,0
deserialize,1136,0
mult,391781,0
deserialize,1053,0
mult,392141,0
deserialize,1087,0
mult,392892,0
deserialize,889,0
mult,394446,0
deserialize,956,0
mult,393720,0
deserialize,856,0
mult,394232,0
deserialize,962,0
mult,393566,0
deserialize,895,0
mult,394536,0
deserialize,914,0
mult,393333,0
deserialize,883,0
mult,399251,0
deserialize,1066,0
mult,397363,0
deserialize,904,0
mult,396667,0
deserialize,1228,0
mult,405062,0
deserialize,1138,0
mult,399092,0
deserialize,900,0
mult,502074,0
deserialize,1004,0
mult,408896,0
deserialize,977,0
mult,402231,0
deserialize,894,0
mult,403483,0
deserialize,993,0
mult,395131,0
deserialize,5803,0
mult,394083,0
deserialize,1051,0
mult,393135,0
deserialize,866,0
mult,392887,0
deserialize,895,0
mult,392385,0
deserialize,866,0
mult,391811,0
deserialize,900,0
mult,392309,0
deserialize,874,0
mult,392351,0
deserialize,852,0
mult,392685,0
deserialize,870,0
mult,392347,0
deserialize,851,0
mult,394484,0
deserialize,858,0
mult,401429,0
deserialize,1299,0
mult,394942,0
deserialize,1045,0
mult,393380,0
deserialize,977,0
mult,394250,0
deserialize,956,0
mult,393046,0
deserialize,970,0
mult,392428,0
deserialize,982,0
mult,395792,0
deserialize,1006,0
mult,395967,0
deserialize,913,0
mult,405049,0
deserialize,925,0
mult,397312,0
deserialize,1054,0
mult,404337,0
deserialize,1010,0
mult,408070,0
deserialize,923,0
mult,403013,0
deserialize,910,0
mult,405354,0
deserialize,911,0
mult,396494,0
deserialize,933,0
mult,394177,0
deserialize,857,0
mult,393017,0
deserialize,901,0
mult,392563,0
deserialize,926,0
mult,392074,0
deserialize,826,0
mult,392403,0
deserialize,869,0
mult,398376,0
deserialize,1052,0
mult,392115,0
deserialize,981,0
mult,392975,0
deserialize,970,0
mult,391983,0
deserialize,816,0
mult,394701,0
deserialize,921,0
mult,392693,0
deserialize,885,0
mult,394144,0
deserialize,911,0
mult,393680,0
deserialize,902,0
mult,394114,0
deserialize,900,0
mult,393190,0
deserialize,970,0
mult,398862,0
deserialize,1107,0
mult,392931,0
deserialize,900,0
mult,393983,0
deserialize,878,0
mult,404187,0
deserialize,967,0
mult,397884,0
deserialize,1075,0
mult,399294,0
deserialize,880,0
mult,407134,0
deserialize,950,0
mult,402693,0
deserialize,847,0
mult,407518,0
deserialize,1260,0
mult,398329,0
deserialize,873,0
mult,401205,0
deserialize,1080,0
mult,393815,0
deserialize,886,0
mult,393097,0
deserialize,959,0
mult,391723,0
deserialize,877,0
mult,391528,0
deserialize,893,0
mult,392114,0
deserialize,890,0
mult,391673,0
deserialize,903,0
mult,391772,0
deserialize,863,0
mult,391658,0
deserialize,913,0
mult,393710,0
deserialize,857,0
mult,398376,0
deserialize,1093,0
mult,394150,0
deserialize,920,0
mult,393409,0
deserialize,1117,0
mult,394447,0
deserialize,908,0
mult,393134,0
deserialize,1058,0
mult,392998,0
deserialize,1057,0
mult,392194,0
deserialize,893,0
mult,393821,0
deserialize,873,0
mult,403580,0
deserialize,1153,0
mult,398449,0
deserialize,880,0
mult,406829,0
deserialize,1010,0
mult,405179,0
deserialize,884,0
mult,402540,0
deserialize,880,0
mult,409603,0
deserialize,951,0
mult,398974,0
deserialize,876,0
mult,398330,0
deserialize,1106,0
mult,393111,0
deserialize,957,0
mult,393028,0
deserialize,916,0
mult,391803,0
deserialize,917,0
mult,392056,0
deserialize,1074,0
mult,486117,0
deserialize,1050,0
mult,392895,0
deserialize,997,0
mult,392148,0
deserialize,969,0
mult,391395,0
deserialize,1040,0
mult,393738,0
deserialize,898,0
mult,393143,0
deserialize,996,0
mult,394122,0
deserialize,1133,0
mult,392997,0
deserialize,887,0
mult,394348,0
deserialize,920,0
mult,392993,0
deserialize,1194,0
mult,400783,0
deserialize,1016,0
mult,391884,0
deserialize,974,0
mult,391888,0
deserialize,887,0
mult,402487,0
deserialize,863,0
mult,398854,0
deserialize,965,0
mult,402877,0
deserialize,915,0
mult,404635,0
deserialize,1033,0
mult,403525,0
deserialize,995,0
mult,409428,0
deserialize,901,0
mult,399211,0
deserialize,863,0
mult,404023,0
deserialize,1081,0
mult,393860,0
deserialize,889,0
mult,392355,0
deserialize,867,0
mult,391855,0
deserialize,857,0
mult,392604,0
deserialize,884,0
mult,391894,0
deserialize,876,0
mult,391973,0
deserialize,936,0
mult,392947,0
deserialize,895,0
mult,391516,0
deserialize,954,0
mult,393735,0
deserialize,910,0
mult,398171,0
deserialize,1163,0
mult,394760,0
deserialize,915,0
mult,392660,0
deserialize,1217,0
mult,394757,0
deserialize,872,0
mult,392987,0
deserialize,1016,0
mult,393296,0
deserialize,1131,0
mult,393616,0
deserialize,1017,0
mult,391660,0
deserialize,897,0
mult,401374,0
deserialize,1019,0
mult,398240,0
deserialize,1015,0
mult,409563,0
deserialize,1121,0
mult,402185,0
deserialize,869,0
mult,402376,0
deserialize,923,0
mult,409735,0
deserialize,1120,0
mult,400979,0
deserialize,949,0
mult,399666,0
deserialize,895,0
mult,393680,0
deserialize,1012,0
mult,393165,0
deserialize,850,0
mult,392624,0
deserialize,1288,0
mult,392210,0
deserialize,862,0
mult,398825,0
deserialize,1036,0
mult,392234,0
deserialize,914,0
mult,392656,0
deserialize,902,0
mult,392417,0
deserialize,860,0
mult,393683,0
deserialize,896,0
mult,392217,0
deserialize,893,0
mult,394846,0
deserialize,926,0
mult,392871,0
deserialize,858,0
mult,395329,0
deserialize,933,0
mult,393536,0
deserialize,884,0
mult,400400,0
deserialize,1547,0
mult,392449,0
deserialize,901,0
mult,392089,0
deserialize,996,0
mult,398083,0
deserialize,893,0
mult,398300,0
deserialize,903,0
mult,404665,0
deserialize,1014,0
mult,400503,0
deserialize,854,0
mult,401549,0
deserialize,923,0
mult,409682,0
deserialize,1013,0
mult,400700,0
deserialize,1141,0
mult,408050,0
deserialize,1029,0
mult,394183,0
deserialize,974,0
mult,393271,0
deserialize,873,0
mult,392178,0
deserialize,944,0
mult,391423,0
deserialize,908,0
mult,392341,0
deserialize,889,0
mult,391287,0
deserialize,873,0
mult,392600,0
deserialize,890,0
mult,392302,0
deserialize,971,0
mult,392460,0
deserialize,886,0
mult,398064,0
deserialize,1093,0
mult,394186,0
deserialize,991,0
mult,392662,0
deserialize,863,0
mult,394146,0
deserialize,914,0
mult,393718,0
deserialize,997,0
mult,393836,0
deserialize,872,0
mult,392309,0
deserialize,874,0
mult,393177,0
deserialize,1054,0
mult,396857,0
deserialize,901,0
mult,396270,0
deserialize,1416,0
mult,412857,0
deserialize,1134,0
mult,398464,0
deserialize,957,0
mult,399673,0
deserialize,1343,0
mult,409015,0
deserialize,890,0
mult,402224,0
deserialize,949,0
mult,403778,0
deserialize,854,0
mult,395943,0
deserialize,980,0
mult,394099,0
deserialize,847,0
mult,392343,0
deserialize,923,0
mult,393520,0
deserialize,870,0
mult,397931,0
deserialize,1173,0
mult,391710,0
deserialize,977,0
mult,392449,0
deserialize,977,0
mult,391796,0
deserialize,886,0
mult,392094,0
deserialize,971,0
mult,392324,0
deserialize,881,0
mult,393293,0
deserialize,985,0
mult,392616,0
deserialize,1040,0
mult,393635,0
deserialize,899,0
mult,393720,0
deserialize,914,0
mult,400762,0
deserialize,1076,0
mult,392515,0
deserialize,867,0
mult,392877,0
deserialize,926,0
mult,395209,0
deserialize,894,0
mult,395361,0
deserialize,933,0
mult,404804,0
deserialize,958,0
mult,397436,0
deserialize,1338,0
mult,398283,0
deserialize,900,0
mult,408120,0
gemm,9.26733e+08,0
wait_all,7.17767e+08,0
deserialize,2697,0
mult,409048,0
deserialize,1050,0
mult,400116,0
deserialize,946,0
mult,401585,0
deserialize,954,0
mult,410277,0
deserialize,859,0
mult,409491,0
deserialize,1075,0
mult,401599,0
deserialize,999,0
mult,394410,0
deserialize,927,0
mult,393500,0
deserialize,917,0
mult,393209,0
deserialize,886,0
mult,393633,0
deserialize,879,0
mult,393640,0
deserialize,916,0
mult,392984,0
deserialize,864,0
mult,395060,0
deserialize,868,0
mult,393785,0
deserialize,819,0
mult,447328,0
deserialize,984,0
mult,401080,0
deserialize,1005,0
mult,393253,0
deserialize,936,0
mult,393316,0
deserialize,901,0
mult,394794,0
deserialize,895,0
mult,395096,0
deserialize,886,0
mult,395589,0
deserialize,842,0
mult,393918,0
deserialize,1135,0
mult,393757,0
deserialize,857,0
mult,398117,0
deserialize,883,0
mult,403359,0
deserialize,1263,0
mult,405150,0
deserialize,1146,0
mult,398650,0
deserialize,983,0
mult,401310,0
deserialize,1166,0
mult,409820,0
deserialize,864,0
mult,403233,0
deserialize,903,0
mult,405276,0
deserialize,883,0
mult,396277,0
deserialize,914,0
mult,395710,0
deserialize,892,0
mult,393892,0
deserialize,888,0
mult,402155,0
deserialize,1013,0
mult,392596,0
deserialize,993,0
mult,392555,0
deserialize,921,0
mult,394001,0
deserialize,820,0
mult,393195,0
deserialize,911,0
mult,394642,0
deserialize,860,0
mult,392620,0
deserialize,870,0
mult,393330,0
deserialize,854,0
mult,394578,0
deserialize,961,0
mult,395257,0
deserialize,863,0
mult,400887,0
deserialize,1061,0
mult,394507,0
deserialize,908,0
mult,393510,0
deserialize,917,0
mult,393424,0
deserialize,940,0
mult,396205,0
deserialize,873,0
mult,396214,0
deserialize,916,0
mult,405601,0
deserialize,941,0
mult,398489,0
deserialize,1024,0
mult,399394,0
deserialize,988,0
mult,408191,0
deserialize,888,0
mult,409642,0
deserialize,1253,0
mult,405493,0
deserialize,1029,0
mult,393096,0
deserialize,966,0
mult,392218,0
deserialize,1013,0
mult,1.69225e+06,0
deserialize,986,0
mult,1.8143e+06,0
deserialize,900,0
mult,1.62687e+06,0
deserialize,957,0
mult,1.30917e+06,0
deserialize,1133,0
mult,409286,0
deserialize,1147,0
mult,393697,0
deserialize,987,0
mult,392277,0
deserialize,862,0
mult,394316,0
deserialize,1079,0
mult,392429,0
deserialize,869,0
mult,392937,0
deserialize,892,0
mult,392542,0
deserialize,1011,0
mult,393455,0
deserialize,932,0
mult,392611,0
deserialize,906,0
mult,394719,0
deserialize,1008,0
mult,399314,0
deserialize,1278,0
mult,393786,0
deserialize,983,0
mult,393044,0
deserialize,951,0
mult,392376,0
deserialize,937,0
mult,400739,0
deserialize,899,0
mult,398001,0
deserialize,946,0
mult,404723,0
deserialize,887,0
mult,402074,0
deserialize,896,0
mult,402374,0
deserialize,1110,0
mult,410383,0
deserialize,963,0
mult,407971,0
deserialize,976,0
mult,399926,0
deserialize,1066,0
mult,393083,0
deserialize,835,0
mult,393540,0
deserialize,952,0
mult,392707,0
deserialize,900,0
mult,393262,0
deserialize,1014,0
mult,392837,0
deserialize,1042,0
mult,392647,0
deserialize,1030,0
mult,394418,0
deserialize,1053,0
mult,393473,0
deserialize,842,0
mult,398695,0
deserialize,1113,0
mult,392270,0
deserialize,972,0
mult,392946,0
deserialize,949,0
mult,393064,0
deserialize,872,0
mult,394899,0
deserialize,977,0
mult,394120,0
deserialize,970,0
mult,393589,0
deserialize,1010,0
mult,393607,0
deserialize,902,0
mult,393420,0
deserialize,951,0
mult,399714,0
deserialize,844,0
mult,397728,0
deserialize,1153,0
mult,410953,0
deserialize,1420,0
mult,399475,0
deserialize,975,0
mult,401418,0
deserialize,932,0
mult,409626,0
deserialize,982,0
mult,402496,0
deserialize,906,0
mult,402775,0
deserialize,879,0
mult,395604,0
deserialize,941,0
mult,393959,0
deserialize,1110,0
mult,393410,0
deserialize,898,0
mult,401689,0
deserialize,1218,0
mult,392174,0
deserialize,1029,0
mult,392229,0
deserialize,963,0
mult,394431,0
deserialize,882,0
mult,392605,0
deserialize,27692,0
mult,383713,0
deserialize,1055,0
mult,399058,0
deserialize,960,0
mult,392900,0
deserialize,905,0
mult,393561,0
deserialize,1158,0
mult,392868,0
deserialize,946,0
mult,394829,0
deserialize,959,0
mult,400136,0
deserialize,1027,0
mult,393970,0
deserialize,996,0
mult,393593,0
deserialize,933,0
mult,392572,0
deserialize,987,0
mult,397990,0
deserialize,844,0
mult,397447,0
deserialize,998,0
mult,405873,0
deserialize,902,0
mult,398835,0
deserialize,973,0
mult,401058,0
deserialize,872,0
mult,409926,0
deserialize,942,0
mult,408583,0
deserialize,1076,0
mult,404296,0
deserialize,925,0
mult,397290,0
deserialize,901,0
mult,393875,0
deserialize,905,0
mult,393579,0
deserialize,870,0
mult,393376,0
deserialize,942,0
mult,393224,0
deserialize,949,0
mult,393355,0
deserialize,900,0
mult,393465,0
deserialize,1010,0
mult,392521,0
deserialize,898,0
mult,407603,0
deserialize,1031,0
mult,392343,0
deserialize,903,0
mult,393411,0
deserialize,1207,0
mult,394320,0
deserialize,873,0
mult,394898,0
deserialize,915,0
mult,393896,0
deserialize,950,0
mult,395391,0
deserialize,957,0
mult,393840,0
deserialize,850,0
mult,393216,0
deserialize,970,0
mult,396094,0
deserialize,932,0
mult,403510,0
deserialize,1111,0
mult,404845,0
deserialize,947,0
mult,397651,0
deserialize,974,0
mult,398990,0
deserialize,970,0
mult,408886,0
deserialize,1210,0
mult,404025,0
deserialize,876,0
mult,406420,0
deserialize,1048,0
mult,397480,0
deserialize,1028,0
mult,395779,0
deserialize,1424,0
mult,394314,0
deserialize,873,0
mult,399153,0
deserialize,1042,0
mult,392649,0
deserialize,907,0
mult,393550,0
deserialize,1007,0
mult,394043,0
deserialize,884,0
mult,392790,0
deserialize,862,0
mult,394030,0
deserialize,886,0
mult,394024,0
deserialize,880,0
mult,393081,0
deserialize,857,0
mult,393318,0
deserialize,883,0
mult,394147,0
deserialize,920,0
mult,401265,0
deserialize,1017,0
mult,394732,0
deserialize,912,0
mult,393368,0
deserialize,866,0
mult,393396,0
deserialize,886,0
mult,393900,0
deserialize,889,0
mult,395520,0
deserialize,862,0
mult,405253,0
deserialize,900,0
mult,398503,0
deserialize,905,0
mult,400901,0
deserialize,850,0
mult,406999,0
deserialize,874,0
mult,409883,0
deserialize,1013,0
mult,408171,0
deserialize,945,0
mult,398535,0
deserialize,999,0
mult,396355,0
deserialize,920,0
mult,393768,0
deserialize,896,0
mult,392980,0
deserialize,889,0
mult,393143,0
deserialize,1034,0
mult,393389,0
deserialize,929,0
mult,394011,0
deserialize,903,0
mult,393332,0
deserialize,1017,0
mult,399778,0
deserialize,1013,0
mult,392660,0
deserialize,1330,0
mult,393047,0
deserialize,946,0
mult,394091,0
deserialize,984,0
mult,393549,0
deserialize,968,0
mult,394104,0
deserialize,971,0
mult,396147,0
deserialize,869,0
mult,394066,0
deserialize,907,0
mult,393636,0
deserialize,960,0
mult,393142,0
deserialize,987,0
mult,399637,0
deserialize,1059,0
mult,403786,0
deserialize,1107,0
mult,398897,0
deserialize,1033,0
mult,401828,0
deserialize,917,0
mult,406172,0
deserialize,968,0
mult,404565,0
deserialize,966,0
mult,410060,0
deserialize,944,0
mult,399637,0
deserialize,847,0
mult,398416,0
deserialize,866,0
mult,393996,0
deserialize,911,0
mult,400547,0
deserialize,1092,0
mult,392924,0
deserialize,941,0
mult,392957,0
deserialize,1044,0
mult,393421,0
deserialize,970,0
mult,393216,0
deserialize,944,0
mult,393621,0
deserialize,937,0
mult,393145,0
deserialize,1252,0
mult,393759,0
deserialize,905,0
mult,392729,0
deserialize,966,0
mult,393389,0
deserialize,1245,0
mult,399360,0
deserialize,1094,0
mult,394587,0
deserialize,993,0
mult,393905,0
deserialize,1130,0
mult,394559,0
deserialize,1001,0
mult,393205,0
deserialize,1112,0
mult,393053,0
deserialize,1167,0
mult,402854,0
deserialize,1190,0
mult,399000,0
deserialize,956,0
mult,403775,0
deserialize,1003,0
mult,404183,0
deserialize,937,0
mult,409857,0
deserialize,1320,0
mult,409964,0
deserialize,912,0
mult,400498,0
deserialize,942,0
mult,399302,0
deserialize,951,0
mult,394327,0
deserialize,982,0
mult,392885,0
deserialize,937,0
mult,393097,0
deserialize,940,0
mult,392489,0
deserialize,944,0
mult,393380,0
deserialize,941,0
mult,392422,0
deserialize,803,0
mult,400383,0
deserialize,1005,0
mult,392171,0
deserialize,953,0
mult,393412,0
deserialize,1407,0
mult,392800,0
deserialize,934,0
mult,393551,0
deserialize,1063,0
mult,393348,0
deserialize,922,0
mult,395046,0
deserialize,995,0
mult,393940,0
deserialize,907,0
mult,394667,0
deserialize,941,0
mult,392611,0
deserialize,894,0
mult,398190,0
deserialize,1268,0
mult,400720,0
deserialize,958,0
mult,399153,0
deserialize,921,0
mult,404443,0
deserialize,989,0
mult,403156,0
deserialize,1207,0
mult,402379,0
deserialize,947,0
mult,410503,0
deserialize,960,0
mult,401883,0
deserialize,943,0
mult,400563,0
deserialize,1030,0
mult,393810,0
deserialize,986,0
mult,399066,0
deserialize,1253,0
mult,392034,0
deserialize,1071,0
mult,392801,0
deserialize,1270,0
mult,392912,0
deserialize,993,0
mult,392929,0
deserialize,848,0
mult,394838,0
deserialize,1007,0
mult,393239,0
deserialize,953,0
mult,392489,0
deserialize,933,0
mult,392545,0
deserialize,952,0
mult,392829,0
deserialize,932,0
mult,398735,0
deserialize,1144,0
mult,394297,0
deserialize,1127,0
mult,393786,0
deserialize,1213,0
mult,393835,0
deserialize,918,0
mult,393892,0
deserialize,903,0
mult,392969,0
deserialize,1061,0
mult,399389,0
deserialize,939,0
mult,398369,0
deserialize,991,0
mult,405373,0
deserialize,963,0
mult,400851,0
deserialize,867,0
mult,406962,0
deserialize,1001,0
mult,410091,0
deserialize,904,0
mult,401940,0
deserialize,999,0
mult,402543,0
deserialize,1013,0
mult,395386,0
deserialize,971,0
mult,393437,0
deserialize,919,0
mult,392863,0
deserialize,965,0
mult,392244,0
deserialize,931,0
mult,392191,0
deserialize,1081,0
mult,392326,0
deserialize,936,0
mult,403378,0
deserialize,1141,0
mult,392660,0
deserialize,949,0
mult,393364,0
deserialize,1077,0
mult,392180,0
deserialize,862,0
mult,393364,0
deserialize,1150,0
mult,392944,0
deserialize,947,0
mult,394127,0
deserialize,1034,0
mult,394728,0
deserialize,974,0
mult,394510,0
deserialize,1085,0
mult,393375,0
deserialize,947,0
mult,399495,0
deserialize,1354,0
mult,397196,0
deserialize,960,0
mult,396121,0
deserialize,1083,0
mult,405153,0
deserialize,1005,0
mult,398639,0
deserialize,876,0
mult,399815,0
deserialize,954,0
mult,409413,0
deserialize,929,0
mult,402630,0
deserialize,916,0
mult,403363,0
deserialize,1031,0
mult,395399,0
deserialize,874,0
mult,401516,0
deserialize,1323,0
mult,393137,0
deserialize,1075,0
mult,392743,0
deserialize,961,0
mult,392139,0
deserialize,885,0
mult,392861,0
deserialize,930,0
mult,393388,0
deserialize,897,0
mult,393151,0
deserialize,919,0
mult,394505,0
deserialize,853,0
mult,392280,0
deserialize,897,0
mult,392696,0
deserialize,942,0
mult,397644,0
deserialize,968,0
mult,393524,0
deserialize,1104,0
mult,392511,0
deserialize,1013,0
mult,394259,0
deserialize,980,0
mult,393277,0
deserialize,1189,0
mult,393613,0
deserialize,961,0
mult,395883,0
deserialize,860,0
mult,395377,0
deserialize,1082,0
mult,405085,0
deserialize,926,0
mult,397155,0
deserialize,1466,0
mult,404329,0
deserialize,1196,0
mult,408021,0
deserialize,920,0
mult,402773,0
deserialize,921,0
mult,405343,0
deserialize,910,0
mult,395821,0
deserialize,919,0
mult,394483,0
deserialize,940,0
mult,392916,0
deserialize,938,0
mult,392554,0
deserialize,993,0
mult,391961,0
deserialize,968,0
mult,392625,0
deserialize,846,0
mult,399000,0
deserialize,1073,0
mult,392284,0
deserialize,1087,0
mult,393436,0
deserialize,888,0
mult,391723,0
deserialize,896,0
mult,392253,0
deserialize,965,0
mult,392282,0
deserialize,974,0
mult,393477,0
deserialize,890,0
mult,393570,0
deserialize,875,0
mult,394558,0
deserialize,873,0
mult,393137,0
deserialize,860,0
mult,398509,0
deserialize,1110,0
mult,393103,0
deserialize,997,0
mult,393954,0
deserialize,972,0
mult,404477,0
deserialize,925,0
mult,397409,0
deserialize,1092,0
mult,400348,0
deserialize,958,0
mult,406291,0
deserialize,1011,0
mult,403250,0
deserialize,936,0
mult,407430,0
deserialize,1194,0
mult,397370,0
deserialize,873,0
mult,401454,0
deserialize,1103,0
mult,392775,0
deserialize,1041,0
mult,392700,0
deserialize,1516,0
mult,392380,0
deserialize,963,0
mult,391800,0
deserialize,873,0
mult,392443,0
deserialize,866,0
mult,392570,0
deserialize,1144,0
mult,393982,0
deserialize,854,0
mult,391387,0
deserialize,951,0
mult,391947,0
deserialize,911,0
mult,398309,0
deserialize,1064,0
mult,393283,0
deserialize,1066,0
mult,393147,0
deserialize,964,0
mult,394582,0
deserialize,990,0
mult,392943,0
deserialize,1110,0
mult,394277,0
deserialize,903,0
mult,392379,0
deserialize,967,0
mult,393070,0
deserialize,975,0
mult,403517,0
deserialize,1084,0
mult,398552,0
deserialize,917,0
mult,401754,0
deserialize,898,0
mult,411293,0
deserialize,1059,0
mult,402887,0
deserialize,1013,0
mult,409479,0
deserialize,920,0
mult,399099,0
deserialize,961,0
mult,396777,0
deserialize,970,0
mult,394110,0
deserialize,1383,0
mult,392277,0
deserialize,928,0
mult,392441,0
deserialize,1096,0
mult,392157,0
deserialize,959,0
mult,392507,0
deserialize,856,0
mult,398614,0
deserialize,1110,0
mult,393788,0
deserialize,924,0
mult,392132,0
deserialize,1040,0
mult,392717,0
deserialize,923,0
mult,391886,0
deserialize,1067,0
mult,392716,0
deserialize,1229,0
mult,393674,0
deserialize,840,0
mult,394583,0
deserialize,902,0
mult,393971,0
deserialize,849,0
mult,393700,0
deserialize,1086,0
mult,397912,0
deserialize,986,0
mult,392183,0
deserialize,1013,0
mult,402494,0
deserialize,876,0
mult,398296,0
deserialize,1041,0
mult,403504,0
deserialize,986,0
mult,404026,0
deserialize,896,0
mult,403042,0
deserialize,1011,0
mult,409673,0
deserialize,889,0
mult,400477,0
deserialize,873,0
mult,398810,0
deserialize,1177,0
mult,399143,0
deserialize,1114,0
mult,392570,0
deserialize,1199,0
mult,392242,0
deserialize,896,0
mult,392557,0
deserialize,1111,0
mult,392786,0
deserialize,890,0
mult,392337,0
deserialize,925,0
mult,393190,0
deserialize,870,0
mult,392866,0
deserialize,963,0
mult,392890,0
deserialize,947,0
mult,392323,0
deserialize,1037,0
mult,399234,0
deserialize,1034,0
mult,392775,0
deserialize,954,0
mult,394142,0
deserialize,870,0
mult,393433,0
deserialize,960,0
mult,393345,0
deserialize,892,0
mult,392916,0
deserialize,1067,0
mult,392876,0
deserialize,901,0
mult,400669,0
deserialize,1024,0
mult,398534,0
deserialize,854,0
mult,404012,0
deserialize,976,0
mult,407901,0
deserialize,939,0
mult,401372,0
deserialize,904,0
mult,409783,0
deserialize,895,0
mult,400485,0
deserialize,890,0
mult,400530,0
deserialize,881,0
mult,393757,0
deserialize,958,0
mult,393144,0
deserialize,859,0
mult,392773,0
deserialize,880,0
mult,392596,0
deserialize,872,0
mult,392449,0
deserialize,880,0
mult,398202,0
deserialize,966,0
mult,394277,0
deserialize,977,0
mult,393325,0
deserialize,869,0
mult,393004,0
deserialize,950,0
mult,392412,0
deserialize,866,0
mult,392892,0
deserialize,898,0
mult,393316,0
deserialize,1093,0
mult,394551,0
deserialize,882,0
mult,393696,0
deserialize,846,0
mult,394010,0
deserialize,891,0
mult,398348,0
deserialize,1005,0
mult,392201,0
deserialize,1279,0
mult,399384,0
deserialize,983,0
mult,397310,0
deserialize,1073,0
mult,404604,0
deserialize,1099,0
mult,399380,0
deserialize,864,0
mult,401436,0
deserialize,943,0
mult,409826,0
deserialize,973,0
mult,401604,0
deserialize,922,0
mult,402116,0
deserialize,891,0
mult,400260,0
deserialize,1040,0
mult,392583,0
deserialize,1137,0
mult,392591,0
deserialize,940,0
mult,392884,0
deserialize,888,0
mult,391798,0
deserialize,884,0
mult,391669,0
deserialize,863,0
mult,393268,0
deserialize,883,0
mult,392162,0
deserialize,1099,0
mult,393561,0
deserialize,996,0
mult,392710,0
deserialize,943,0
mult,399358,0
deserialize,1005,0
mult,392742,0
deserialize,885,0
mult,394520,0
deserialize,973,0
mult,394329,0
deserialize,955,0
mult,393890,0
deserialize,868,0
mult,393096,0
deserialize,1008,0
mult,392252,0
deserialize,890,0
mult,397365,0
deserialize,932,0
mult,397019,0
deserialize,945,0
mult,405006,0
deserialize,881,0
mult,404203,0
deserialize,968,0
mult,400143,0
deserialize,1051,0
mult,408487,0
deserialize,1017,0
mult,402340,0
deserialize,949,0
mult,404255,0
deserialize,881,0
mult,396147,0
deserialize,876,0
mult,394623,0
deserialize,845,0
mult,392995,0
deserialize,920,0
mult,393096,0
deserialize,867,0
mult,392517,0
deserialize,1039,0
mult,398136,0
deserialize,1039,0
mult,393690,0
deserialize,969,0
mult,392867,0
deserialize,868,0
mult,393574,0
deserialize,1006,0
mult,392326,0
deserialize,993,0
mult,392690,0
deserialize,991,0
mult,393002,0
deserialize,1026,0
mult,394173,0
deserialize,908,0
mult,392804,0
deserialize,914,0
mult,393800,0
deserialize,978,0
mult,398087,0
deserialize,1034,0
mult,392800,0
deserialize,1089,0
mult,395429,0
deserialize,876,0
mult,395889,0
deserialize,991,0
mult,405317,0
deserialize,953,0
mult,397524,0
deserialize,993,0
mult,399098,0
deserialize,903,0
mult,407434,0
gemm,9.1449e+08,0
wait_all,7.15025e+08,0
deserialize,2865,0
mult,408577,0
deserialize,1159,0
mult,406878,0
deserialize,992,0
mult,401407,0
deserialize,1019,0
mult,409690,0
deserialize,905,0
mult,402142,0
deserialize,891,0
mult,403553,0
deserialize,846,0
mult,395208,0
deserialize,966,0
mult,394228,0
deserialize,825,0
mult,392888,0
deserialize,890,0
mult,392597,0
deserialize,914,0
mult,392838,0
deserialize,923,0
mult,399354,0
deserialize,988,0
mult,392582,0
deserialize,1167,0
mult,392348,0
deserialize,821,0
mult,393620,0
deserialize,870,0
mult,393456,0
deserialize,893,0
mult,395910,0
deserialize,907,0
mult,394136,0
deserialize,826,0
mult,395350,0
deserialize,853,0
mult,394068,0
deserialize,1026,0
mult,395300,0
deserialize,827,0
mult,400587,0
deserialize,1012,0
mult,392863,0
deserialize,1030,0
mult,397418,0
deserialize,882,0
mult,397603,0
deserialize,837,0
mult,405798,0
deserialize,880,0
mult,399348,0
deserialize,852,0
mult,400026,0
deserialize,968,0
mult,410637,0
deserialize,871,0
mult,403356,0
deserialize,932,0
mult,404495,0
deserialize,864,0
mult,403227,0
deserialize,1054,0
mult,393902,0
deserialize,994,0
mult,393138,0
deserialize,929,0
mult,393315,0
deserialize,839,0
mult,393081,0
deserialize,929,0
mult,392863,0
deserialize,926,0
mult,392543,0
deserialize,816,0
mult,392624,0
deserialize,930,0
mult,394010,0
deserialize,883,0
mult,393933,0
deserialize,866,0
mult,400866,0
deserialize,1060,0
mult,393925,0
deserialize,967,0
mult,394670,0
deserialize,874,0
mult,394527,0
deserialize,883,0
mult,395970,0
deserialize,850,0
mult,393164,0
deserialize,860,0
mult,393625,0
deserialize,874,0
mult,396065,0
deserialize,867,0
mult,396018,0
deserialize,865,0
mult,405878,0
deserialize,917,0
mult,403978,0
deserialize,1050,0
mult,399090,0
deserialize,998,0
mult,407907,0
deserialize,874,0
mult,403076,0
deserialize,893,0
mult,406360,0
deserialize,909,0
mult,393110,0
deserialize,978,0
mult,392993,0
deserialize,1167,0
mult,1.70186e+06,0
deserialize,933,0
mult,1.80562e+06,0
deserialize,866,0
mult,1.6216e+06,0
deserialize,857,0
mult,1.30198e+06,0
deserialize,1193,0
mult,401537,0
deserialize,977,0
mult,393842,0
deserialize,912,0
mult,392791,0
deserialize,854,0
mult,392748,0
deserialize,986,0
mult,392338,0
deserialize,853,0
mult,393304,0
deserialize,1095,0
mult,392660,0
deserialize,946,0
mult,401080,0
deserialize,1046,0
mult,392702,0
deserialize,900,0
mult,394334,0
deserialize,971,0
mult,392997,0
deserialize,860,0
mult,393376,0
deserialize,910,0
mult,392449,0
deserialize,965,0
mult,393020,0
deserialize,1163,0
mult,400920,0
deserialize,873,0
mult,398493,0
deserialize,936,0
mult,404467,0
deserialize,886,0
mult,407681,0
deserialize,1037,0
mult,401485,0
deserialize,1247,0
mult,409390,0
deserialize,934,0
mult,400303,0
deserialize,867,0
mult,400728,0
deserialize,908,0
mult,394915,0
deserialize,963,0
mult,393129,0
deserialize,942,0
mult,392462,0
deserialize,864,0
mult,392773,0
deserialize,1108,0
mult,392521,0
deserialize,977,0
mult,398350,0
deserialize,1037,0
mult,392005,0
deserialize,960,0
mult,391929,0
deserialize,883,0
mult,393926,0
deserialize,1017,0
mult,392697,0
deserialize,905,0
mult,394506,0
deserialize,1118,0
mult,393668,0
deserialize,850,0
mult,395150,0
deserialize,1017,0
mult,393510,0
deserialize,941,0
mult,394286,0
deserialize,941,0
mult,393045,0
deserialize,836,0
mult,398832,0
deserialize,1467,0
mult,399183,0
deserialize,879,0
mult,397207,0
deserialize,934,0
mult,405859,0
deserialize,963,0
mult,400323,0
deserialize,973,0
mult,401444,0
deserialize,907,0
mult,410643,0
deserialize,928,0
mult,402026,0
deserialize,890,0
mult,403150,0
deserialize,889,0
mult,394926,0
deserialize,850,0
mult,399136,0
deserialize,1077,0
mult,392565,0
deserialize,883,0
mult,391954,0
deserialize,910,0
mult,392212,0
deserialize,869,0
mult,392479,0
deserialize,899,0
mult,392857,0
deserialize,889,0
mult,392612,0
deserialize,21322,0
mult,385500,0
deserialize,1076,0
mult,376906,0
deserialize,881,0
mult,374850,0
deserialize,1006,0
mult,382923,0
deserialize,1065,0
mult,371836,0
deserialize,1003,0
mult,372170,0
deserialize,876,0
mult,370606,0
deserialize,890,0
mult,370069,0
deserialize,1151,0
mult,370835,0
deserialize,887,0
mult,371102,0
deserialize,968,0
mult,370783,0
deserialize,883,0
mult,372965,0
deserialize,954,0
mult,370683,0
deserialize,937,0
mult,377127,0
deserialize,1069,0
mult,381084,0
deserialize,947,0
mult,370876,0
deserialize,983,0
mult,369703,0
deserialize,944,0
mult,370549,0
deserialize,869,0
mult,369965,0
deserialize,973,0
mult,370755,0
deserialize,976,0
mult,371278,0
deserialize,935,0
mult,372301,0
deserialize,895,0
mult,371466,0
deserialize,864,0
mult,378268,0
deserialize,896,0
mult,384010,0
deserialize,1083,0
mult,382850,0
deserialize,1109,0
mult,376414,0
deserialize,874,0
mult,376237,0
deserialize,1188,0
mult,377065,0
deserialize,891,0
mult,372996,0
deserialize,874,0
mult,373156,0
deserialize,900,0
mult,371277,0
deserialize,860,0
mult,371303,0
deserialize,880,0
mult,371235,0
deserialize,865,0
mult,370561,0
deserialize,974,0
mult,377172,0
deserialize,1092,0
mult,372764,0
deserialize,1037,0
mult,370114,0
deserialize,874,0
mult,370956,0
deserialize,886,0
mult,369683,0
deserialize,875,0
mult,370549,0
deserialize,978,0
mult,370620,0
deserialize,860,0
mult,371434,0
deserialize,942,0
mult,369127,0
deserialize,1137,0
mult,370312,0
deserialize,960,0
mult,375662,0
deserialize,1126,0
mult,370920,0
deserialize,1009,0
mult,370639,0
deserialize,877,0
mult,377229,0
deserialize,1285,0
mult,376288,0
deserialize,864,0
mult,383187,0
deserialize,883,0
mult,377344,0
deserialize,873,0
mult,378642,0
deserialize,893,0
mult,376814,0
deserialize,819,0
mult,373788,0
deserialize,895,0
mult,374895,0
deserialize,880,0
mult,376347,0
deserialize,1097,0
mult,370751,0
deserialize,872,0
mult,370223,0
deserialize,894,0
mult,370024,0
deserialize,845,0
mult,372513,0
deserialize,906,0
mult,371756,0
deserialize,862,0
mult,370527,0
deserialize,1183,0
mult,371482,0
deserialize,870,0
mult,370207,0
deserialize,956,0
mult,369884,0
deserialize,882,0
mult,369594,0
deserialize,914,0
mult,377630,0
deserialize,1051,0
mult,370197,0
deserialize,908,0
mult,369877,0
deserialize,957,0
mult,370031,0
deserialize,936,0
mult,371315,0
deserialize,886,0
mult,371756,0
deserialize,1095,0
mult,374975,0
deserialize,929,0
mult,376088,0
deserialize,908,0
mult,383804,0
deserialize,1194,0
mult,377598,0
deserialize,923,0
mult,385944,0
deserialize,1076,0
mult,375751,0
deserialize,914,0
mult,373043,0
deserialize,948,0
mult,376449,0
deserialize,873,0
mult,370622,0
deserialize,1312,0
mult,371958,0
deserialize,1045,0
mult,371448,0
deserialize,918,0
mult,370187,0
deserialize,953,0
mult,371598,0
deserialize,887,0
mult,370611,0
deserialize,891,0
mult,371214,0
deserialize,902,0
mult,380437,0
deserialize,1159,0
mult,370221,0
deserialize,901,0
mult,370824,0
deserialize,938,0
mult,370242,0
deserialize,892,0
mult,371097,0
deserialize,973,0
mult,369714,0
deserialize,874,0
mult,370056,0
deserialize,885,0
mult,370607,0
deserialize,893,0
mult,370501,0
deserialize,873,0
mult,370952,0
deserialize,954,0
mult,374244,0
deserialize,971,0
mult,389712,0
deserialize,1023,0
mult,383047,0
deserialize,997,0
mult,378894,0
deserialize,853,0
mult,380214,0
deserialize,937,0
mult,376299,0
deserialize,854,0
mult,373640,0
deserialize,1203,0
mult,376777,0
deserialize,866,0
mult,370064,0
deserialize,1170,0
mult,370797,0
deserialize,906,0
mult,370734,0
deserialize,972,0
mult,377634,0
deserialize,1026,0
mult,370577,0
deserialize,1167,0
mult,370128,0
deserialize,880,0
mult,370606,0
deserialize,977,0
mult,372600,0
deserialize,903,0
mult,370707,0
deserialize,1151,0
mult,370812,0
deserialize,875,0
mult,368727,0
deserialize,989,0
mult,370383,0
deserialize,1189,0
mult,368293,0
deserialize,905,0
mult,369731,0
deserialize,1094,0
mult,376029,0
deserialize,1050,0
mult,369612,0
deserialize,877,0
mult,370563,0
deserialize,892,0
mult,372763,0
deserialize,874,0
mult,374830,0
deserialize,974,0
mult,381383,0
deserialize,1094,0
mult,378741,0
deserialize,897,0
mult,381236,0
deserialize,855,0
mult,374091,0
deserialize,884,0
mult,372338,0
deserialize,860,0
mult,376535,0
deserialize,980,0
mult,374922,0
deserialize,980,0
mult,372333,0
deserialize,917,0
mult,369454,0
deserialize,864,0
mult,369675,0
deserialize,877,0
mult,371629,0
deserialize,895,0
mult,369911,0
deserialize,976,0
mult,370655,0
deserialize,1178,0
mult,371462,0
deserialize,983,0
mult,370362,0
deserialize,918,0
mult,370640,0
deserialize,956,0
mult,375182,0
deserialize,1083,0
mult,370322,0
deserialize,988,0
mult,369000,0
deserialize,936,0
mult,368887,0
deserialize,943,0
mult,369434,0
deserialize,1137,0
mult,370214,0
deserialize,867,0
mult,369801,0
deserialize,962,0
mult,372384,0
deserialize,898,0
mult,373122,0
deserialize,924,0
mult,381124,0
deserialize,867,0
mult,378556,0
deserialize,867,0
mult,387721,0
deserialize,1154,0
mult,372498,0
deserialize,1173,0
mult,372947,0
deserialize,1067,0
mult,377571,0
deserialize,856,0
mult,370994,0
deserialize,896,0
mult,371208,0
deserialize,881,0
mult,368958,0
deserialize,907,0
mult,368778,0
deserialize,967,0
mult,370558,0
deserialize,1027,0
mult,369829,0
deserialize,884,0
mult,370384,0
deserialize,960,0
mult,378603,0
deserialize,1028,0
mult,370110,0
deserialize,986,0
mult,370126,0
deserialize,905,0
mult,369587,0
deserialize,900,0
mult,371239,0
deserialize,920,0
mult,369182,0
deserialize,982,0
mult,370159,0
deserialize,873,0
mult,369883,0
deserialize,975,0
mult,368806,0
deserialize,986,0
mult,369558,0
deserialize,906,0
mult,372195,0
deserialize,919,0
mult,378164,0
deserialize,1207,0
mult,379373,0
deserialize,944,0
mult,377604,0
deserialize,1067,0
mult,382100,0
deserialize,887,0
mult,374549,0
deserialize,1514,0
mult,373567,0
deserialize,855,0
mult,377355,0
deserialize,1087,0
mult,371356,0
deserialize,895,0
mult,370701,0
deserialize,973,0
mult,369911,0
deserialize,899,0
mult,381105,0
deserialize,1229,0
mult,370961,0
deserialize,934,0
mult,370027,0
deserialize,894,0
mult,370842,0
deserialize,846,0
mult,372457,0
deserialize,903,0
mult,369947,0
deserialize,901,0
mult,371338,0
deserialize,874,0
mult,369031,0
deserialize,893,0
mult,371241,0
deserialize,887,0
mult,369435,0
deserialize,847,0
mult,369769,0
deserialize,1484,0
mult,377354,0
deserialize,954,0
mult,369623,0
deserialize,1004,0
mult,369483,0
deserialize,871,0
mult,371474,0
deserialize,890,0
mult,371985,0
deserialize,856,0
mult,377695,0
deserialize,885,0
mult,377090,0
deserialize,865,0
mult,383065,0
deserialize,1059,0
mult,375235,0
deserialize,860,0
mult,376610,0
deserialize,879,0
mult,381756,0
deserialize,1363,0
mult,372013,0
deserialize,1136,0
mult,372871,0
deserialize,883,0
mult,369282,0
deserialize,970,0
mult,369871,0
deserialize,970,0
mult,370334,0
deserialize,997,0
mult,370281,0
deserialize,960,0
mult,370934,0
deserialize,912,0
mult,371600,0
deserialize,1005,0
mult,369444,0
deserialize,930,0
mult,371429,0
deserialize,920,0
mult,375778,0
deserialize,1060,0
mult,369796,0
deserialize,929,0
mult,368847,0
deserialize,1257,0
mult,370106,0
deserialize,879,0
mult,368044,0
deserialize,912,0
mult,368579,0
deserialize,858,0
mult,368904,0
deserialize,1041,0
mult,370440,0
deserialize,897,0
mult,370413,0
deserialize,811,0
mult,376465,0
deserialize,863,0
mult,376393,0
deserialize,962,0
mult,388950,0
deserialize,1106,0
mult,376284,0
deserialize,994,0
mult,376318,0
deserialize,886,0
mult,376380,0
deserialize,902,0
mult,372966,0
deserialize,870,0
mult,373587,0
deserialize,915,0
mult,369649,0
deserialize,912,0
mult,369996,0
deserialize,893,0
mult,370141,0
deserialize,863,0
mult,370290,0
deserialize,955,0
mult,371276,0
deserialize,874,0
mult,376737,0
deserialize,983,0
mult,369734,0
deserialize,992,0
mult,371284,0
deserialize,1096,0
mult,369689,0
deserialize,851,0
mult,370347,0
deserialize,973,0
mult,369857,0
deserialize,1162,0
mult,371052,0
deserialize,1058,0
mult,369440,0
deserialize,860,0
mult,369338,0
deserialize,1195,0
mult,368627,0
deserialize,873,0
mult,376741,0
deserialize,1714,0
mult,370556,0
deserialize,887,0
mult,374136,0
deserialize,1114,0
mult,375275,0
deserialize,860,0
mult,383428,0
deserialize,911,0
mult,377180,0
deserialize,860,0
mult,377795,0
deserialize,873,0
mult,375971,0
deserialize,867,0
mult,372888,0
deserialize,970,0
mult,375310,0
deserialize,859,0
mult,369741,0
deserialize,984,0
mult,378163,0
deserialize,994,0
mult,370356,0
deserialize,1074,0
mult,369480,0
deserialize,886,0
mult,371328,0
deserialize,900,0
mult,370139,0
deserialize,883,0
mult,369686,0
deserialize,1066,0
mult,371193,0
deserialize,1154,0
mult,369450,0
deserialize,872,0
mult,369912,0
deserialize,857,0
mult,369037,0
deserialize,1027,0
mult,370255,0
deserialize,914,0
mult,375207,0
deserialize,1001,0
mult,369144,0
deserialize,908,0
mult,369432,0
deserialize,978,0
mult,370289,0
deserialize,925,0
mult,369776,0
deserialize,910,0
mult,373512,0
deserialize,1104,0
mult,374500,0
deserialize,874,0
mult,381960,0
deserialize,950,0
mult,378264,0
deserialize,887,0
mult,378527,0
deserialize,966,0
mult,379934,0
deserialize,1110,0
mult,373199,0
deserialize,988,0
mult,375397,0
deserialize,906,0
mult,369748,0
deserialize,852,0
mult,371457,0
deserialize,885,0
mult,369035,0
deserialize,867,0
mult,369474,0
deserialize,895,0
mult,369857,0
deserialize,877,0
mult,370910,0
deserialize,1034,0
mult,370866,0
deserialize,834,0
mult,371206,0
deserialize,959,0
mult,376571,0
deserialize,1010,0
mult,370010,0
deserialize,976,0
mult,368913,0
deserialize,970,0
mult,370139,0
deserialize,911,0
mult,369513,0
deserialize,867,0
mult,369353,0
deserialize,1140,0
mult,369778,0
deserialize,863,0
mult,370084,0
deserialize,857,0
mult,370457,0
deserialize,1110,0
mult,372473,0
deserialize,902,0
mult,373651,0
deserialize,876,0
mult,387935,0
deserialize,1091,0
mult,378147,0
deserialize,871,0
mult,380116,0
deserialize,957,0
mult,373759,0
deserialize,862,0
mult,372483,0
deserialize,933,0
mult,376685,0
deserialize,856,0
mult,369531,0
deserialize,1037,0
mult,370701,0
deserialize,909,0
mult,369062,0
deserialize,1190,0
mult,369482,0
deserialize,863,0
mult,377199,0
deserialize,1172,0
mult,368792,0
deserialize,978,0
mult,369791,0
deserialize,968,0
mult,371091,0
deserialize,923,0
mult,369226,0
deserialize,1060,0
mult,369872,0
deserialize,830,0
mult,369156,0
deserialize,929,0
mult,370091,0
deserialize,896,0
mult,369626,0
deserialize,1094,0
mult,368773,0
deserialize,836,0
mult,369317,0
deserialize,985,0
mult,375866,0
deserialize,1031,0
mult,370266,0
deserialize,964,0
mult,371577,0
deserialize,1037,0
mult,373073,0
deserialize,877,0
mult,380784,0
deserialize,873,0
mult,378404,0
deserialize,908,0
mult,381623,0
deserialize,858,0
mult,373488,0
deserialize,1156,0
mult,372684,0
deserialize,881,0
mult,377122,0
deserialize,906,0
mult,370191,0
deserialize,886,0
mult,377205,0
deserialize,990,0
mult,369028,0
deserialize,873,0
mult,368926,0
deserialize,904,0
mult,370090,0
deserialize,877,0
mult,369654,0
deserialize,1070,0
mult,371267,0
deserialize,871,0
mult,373534,0
deserialize,1083,0
mult,370078,0
deserialize,1000,0
mult,370912,0
deserialize,888,0
mult,369141,0
deserialize,898,0
mult,378246,0
deserialize,1107,0
mult,369059,0
deserialize,1036,0
mult,369154,0
deserialize,877,0
mult,368959,0
deserialize,936,0
mult,369075,0
deserialize,885,0
mult,369745,0
deserialize,930,0
mult,371340,0
deserialize,1320,0
mult,371640,0
deserialize,1131,0
mult,378809,0
deserialize,879,0
mult,378236,0
deserialize,877,0
mult,381619,0
deserialize,1026,0
mult,380444,0
deserialize,1056,0
mult,375061,0
deserialize,992,0
mult,376940,0
deserialize,888,0
mult,371361,0
deserialize,887,0
mult,370979,0
deserialize,1186,0
mult,369208,0
deserialize,1123,0
mult,369124,0
deserialize,1111,0
mult,370711,0
deserialize,857,0
mult,369643,0
deserialize,885,0
mult,371345,0
deserialize,963,0
mult,371815,0
deserialize,1026,0
mult,374914,0
deserialize,1057,0
mult,370074,0
deserialize,1057,0
mult,369628,0
deserialize,995,0
mult,370153,0
deserialize,861,0
mult,369904,0
deserialize,890,0
mult,370511,0
deserialize,842,0
mult,368737,0
deserialize,887,0
mult,369549,0
deserialize,853,0
mult,369217,0
deserialize,936,0
mult,370935,0
deserialize,874,0
mult,370660,0
deserialize,1067,0
mult,383492,0
deserialize,1060,0
mult,377641,0
deserialize,957,0
mult,382185,0
deserialize,906,0
mult,374394,0
deserialize,998,0
mult,375221,0
deserialize,883,0
mult,377382,0
deserialize,1314,0
mult,372248,0
deserialize,1140,0
mult,372361,0
deserialize,1366,0
mult,369907,0
deserialize,914,0
mult,369867,0
deserialize,993,0
mult,376343,0
deserialize,1023,0
mult,370763,0
deserialize,958,0
mult,370695,0
deserialize,880,0
mult,371089,0
deserialize,1210,0
mult,369999,0
deserialize,869,0
mult,371884,0
deserialize,990,0
mult,369217,0
deserialize,1400,0
mult,369530,0
gemm,9.07482e+08,0
wait_all,7.15172e+08,0
deserialize,2247,0
mult,373413,0
deserialize,1060,0
mult,373354,0
deserialize,1161,0
mult,374443,0
deserialize,981,0
mult,371406,0
deserialize,967,0
mult,370925,0
deserialize,865,0
mult,370798,0
deserialize,838,0
mult,372877,0
deserialize,937,0
mult,372548,0
deserialize,864,0
mult,370171,0
deserialize,907,0
mult,376806,0
deserialize,1008,0
mult,372424,0
deserialize,940,0
mult,379768,0
deserialize,854,0
mult,381058,0
deserialize,925,0
mult,384554,0
deserialize,772,0
mult,377531,0
deserialize,867,0
mult,376237,0
deserialize,872,0
mult,377639,0
deserialize,917,0
mult,373924,0
deserialize,828,0
mult,371292,0
deserialize,895,0
mult,370782,0
deserialize,851,0
mult,375758,0
deserialize,1022,0
mult,371093,0
deserialize,878,0
mult,372273,0
deserialize,910,0
mult,374267,0
deserialize,930,0
mult,374268,0
deserialize,842,0
mult,371541,0
deserialize,895,0
mult,372102,0
deserialize,873,0
mult,373284,0
deserialize,900,0
mult,372854,0
deserialize,882,0
mult,370567,0
deserialize,940,0
mult,377224,0
deserialize,990,0
mult,371444,0
deserialize,980,0
mult,372489,0
deserialize,909,0
mult,369815,0
deserialize,890,0
mult,370283,0
deserialize,872,0
mult,371960,0
deserialize,943,0
mult,379542,0
deserialize,877,0
mult,380634,0
deserialize,837,0
mult,385947,0
deserialize,893,0
mult,378967,0
deserialize,993,0
mult,376764,0
deserialize,875,0
mult,383284,0
deserialize,1048,0
mult,373684,0
deserialize,1179,0
mult,373373,0
deserialize,894,0
mult,371011,0
deserialize,1140,0
mult,370950,0
deserialize,868,0
mult,371398,0
deserialize,865,0
mult,371675,0
deserialize,860,0
mult,374018,0
deserialize,868,0
mult,374456,0
deserialize,896,0
mult,372805,0
deserialize,939,0
mult,371558,0
deserialize,861,0
mult,379717,0
deserialize,1011,0
mult,373890,0
deserialize,891,0
mult,368815,0
deserialize,1028,0
mult,372146,0
deserialize,830,0
mult,370136,0
deserialize,1017,0
mult,372669,0
deserialize,1000,0
mult,1.69597e+06,0
deserialize,872,0
mult,1.81504e+06,0
deserialize,887,0
mult,1.63701e+06,0
deserialize,883,0
mult,1.31772e+06,0
deserialize,1144,0
mult,369377,0
deserialize,1336,0
mult,368514,0
deserialize,830,0
mult,382683,0
deserialize,970,0
mult,379440,0
deserialize,923,0
mult,382386,0
deserialize,837,0
mult,374244,0
deserialize,1113,0
mult,373676,0
deserialize,940,0
mult,377551,0
deserialize,851,0
mult,377171,0
deserialize,1055,0
mult,371350,0
deserialize,1007,0
mult,369687,0
deserialize,870,0
mult,369293,0
deserialize,886,0
mult,371126,0
deserialize,881,0
mult,370770,0
deserialize,881,0
mult,375047,0
deserialize,1025,0
mult,371997,0
deserialize,934,0
mult,370219,0
deserialize,893,0
mult,373968,0
deserialize,879,0
mult,372193,0
deserialize,881,0
mult,376089,0
deserialize,961,0
mult,369363,0
deserialize,940,0
mult,369484,0
deserialize,872,0
mult,373260,0
deserialize,810,0
mult,370830,0
deserialize,1329,0
mult,370221,0
deserialize,866,0
mult,371197,0
deserialize,967,0
mult,374072,0
deserialize,974,0
mult,381347,0
deserialize,905,0
mult,380490,0
deserialize,933,0
mult,383260,0
deserialize,1050,0
mult,380977,0
deserialize,1245,0
mult,373612,0
deserialize,894,0
mult,377538,0
deserialize,938,0
mult,371937,0
deserialize,881,0
mult,371432,0
deserialize,978,0
mult,370220,0
deserialize,912,0
mult,369411,0
deserialize,923,0
mult,370675,0
deserialize,901,0
mult,370837,0
deserialize,961,0
mult,375691,0
deserialize,845,0
mult,378689,0
deserialize,1096,0
mult,369713,0
deserialize,1217,0
mult,372407,0
deserialize,1020,0
mult,373196,0
deserialize,935,0
mult,370624,0
deserialize,905,0
mult,368763,0
deserialize,877,0
mult,369915,0
deserialize,883,0
mult,372310,0
deserialize,856,0
mult,371584,0
deserialize,869,0
mult,369676,0
deserialize,902,0
mult,370916,0
deserialize,966,0
mult,378635,0
deserialize,984,0
mult,379406,0
deserialize,906,0
mult,380105,0
deserialize,899,0
mult,384351,0
deserialize,15997,0
mult,384573,0
deserialize,995,0
mult,363964,0
deserialize,1019,0
mult,357399,0
deserialize,903,0
mult,358175,0
deserialize,963,0
mult,357497,0
deserialize,972,0
mult,358857,0
deserialize,888,0
mult,358614,0
deserialize,866,0
mult,374009,0
deserialize,1046,0
mult,358325,0
deserialize,1166,0
mult,364700,0
deserialize,931,0
mult,361320,0
deserialize,860,0
mult,365007,0
deserialize,903,0
mult,366113,0
deserialize,882,0
mult,359277,0
deserialize,948,0
mult,364127,0
deserialize,881,0
mult,367101,0
deserialize,1183,0
mult,361003,0
deserialize,874,0
mult,360923,0
deserialize,1131,0
mult,377473,0
deserialize,1018,0
mult,362836,0
deserialize,910,0
mult,360381,0
deserialize,906,0
mult,358241,0
deserialize,912,0
mult,358204,0
deserialize,977,0
mult,359374,0
deserialize,903,0
mult,360417,0
deserialize,957,0
mult,361886,0
deserialize,883,0
mult,359230,0
deserialize,864,0
mult,358418,0
deserialize,887,0
mult,358102,0
deserialize,885,0
mult,362410,0
deserialize,1035,0
mult,358053,0
deserialize,878,0
mult,358164,0
deserialize,895,0
mult,363251,0
deserialize,870,0
mult,358304,0
deserialize,878,0
mult,363744,0
deserialize,952,0
mult,361280,0
deserialize,858,0
mult,365363,0
deserialize,1276,0
mult,365614,0
deserialize,1067,0
mult,360246,0
deserialize,880,0
mult,365262,0
deserialize,878,0
mult,373039,0
deserialize,1078,0
mult,360669,0
deserialize,904,0
mult,361123,0
deserialize,946,0
mult,360606,0
deserialize,911,0
mult,362386,0
deserialize,976,0
mult,359687,0
deserialize,874,0
mult,358307,0
deserialize,951,0
mult,358609,0
deserialize,887,0
mult,359454,0
deserialize,994,0
mult,359654,0
deserialize,891,0
mult,361163,0
deserialize,901,0
mult,366424,0
deserialize,1000,0
mult,358219,0
deserialize,984,0
mult,357641,0
deserialize,903,0
mult,357334,0
deserialize,887,0
mult,358173,0
deserialize,897,0
mult,358084,0
deserialize,1117,0
mult,363196,0
deserialize,873,0
mult,359119,0
deserialize,1143,0
mult,363218,0
deserialize,843,0
mult,360624,0
deserialize,908,0
mult,365487,0
deserialize,860,0
mult,371355,0
deserialize,1144,0
mult,358827,0
deserialize,934,0
mult,363970,0
deserialize,924,0
mult,364418,0
deserialize,1506,0
mult,362132,0
deserialize,897,0
mult,363638,0
deserialize,913,0
mult,360075,0
deserialize,1006,0
mult,363042,0
deserialize,976,0
mult,360004,0
deserialize,874,0
mult,359438,0
deserialize,927,0
mult,358461,0
deserialize,884,0
mult,364195,0
deserialize,1042,0
mult,358250,0
deserialize,904,0
mult,360529,0
deserialize,954,0
mult,360378,0
deserialize,950,0
mult,358257,0
deserialize,941,0
mult,357509,0
deserialize,844,0
mult,358120,0
deserialize,996,0
mult,358252,0
deserialize,850,0
mult,358093,0
deserialize,936,0
mult,361057,0
deserialize,885,0
mult,360390,0
deserialize,874,0
mult,367860,0
deserialize,1038,0
mult,359442,0
deserialize,920,0
mult,365278,0
deserialize,904,0
mult,363669,0
deserialize,897,0
mult,360892,0
deserialize,954,0
mult,363679,0
deserialize,910,0
mult,363713,0
deserialize,889,0
mult,362000,0
deserialize,885,0
mult,365153,0
deserialize,1000,0
mult,358445,0
deserialize,880,0
mult,362811,0
deserialize,901,0
mult,366068,0
deserialize,1060,0
mult,359995,0
deserialize,975,0
mult,357862,0
deserialize,972,0
mult,357699,0
deserialize,957,0
mult,358601,0
deserialize,863,0
mult,359996,0
deserialize,1075,0
mult,360364,0
deserialize,867,0
mult,359429,0
deserialize,900,0
mult,357657,0
deserialize,888,0
mult,357295,0
deserialize,1008,0
mult,357760,0
deserialize,885,0
mult,376194,0
deserialize,1061,0
mult,361176,0
deserialize,933,0
mult,359297,0
deserialize,1297,0
mult,362524,0
deserialize,896,0
mult,359378,0
deserialize,1162,0
mult,365864,0
deserialize,865,0
mult,362730,0
deserialize,956,0
mult,360448,0
deserialize,881,0
mult,362619,0
deserialize,943,0
mult,363041,0
deserialize,880,0
mult,362623,0
deserialize,983,0
mult,371053,0
deserialize,1009,0
mult,358244,0
deserialize,913,0
mult,362449,0
deserialize,1001,0
mult,361275,0
deserialize,976,0
mult,361565,0
deserialize,1030,0
mult,357294,0
deserialize,966,0
mult,357381,0
deserialize,897,0
mult,358009,0
deserialize,887,0
mult,360076,0
deserialize,836,0
mult,360846,0
deserialize,999,0
mult,360160,0
deserialize,881,0
mult,364290,0
deserialize,1020,0
mult,357226,0
deserialize,894,0
mult,356891,0
deserialize,927,0
mult,357482,0
deserialize,896,0
mult,359969,0
deserialize,890,0
mult,359554,0
deserialize,886,0
mult,363090,0
deserialize,855,0
mult,358471,0
deserialize,884,0
mult,365582,0
deserialize,1090,0
mult,362567,0
deserialize,839,0
mult,363176,0
deserialize,946,0
mult,370614,0
deserialize,1190,0
mult,361059,0
deserialize,992,0
mult,363224,0
deserialize,1012,0
mult,366135,0
deserialize,900,0
mult,357951,0
deserialize,950,0
mult,361204,0
deserialize,891,0
mult,360676,0
deserialize,975,0
mult,362017,0
deserialize,873,0
mult,357369,0
deserialize,928,0
mult,357834,0
deserialize,887,0
mult,358237,0
deserialize,987,0
mult,366474,0
deserialize,1050,0
mult,359781,0
deserialize,975,0
mult,360734,0
deserialize,977,0
mult,358385,0
deserialize,867,0
mult,356790,0
deserialize,882,0
mult,357447,0
deserialize,840,0
mult,356503,0
deserialize,876,0
mult,359713,0
deserialize,873,0
mult,359296,0
deserialize,885,0
mult,363303,0
deserialize,830,0
mult,358288,0
deserialize,1380,0
mult,369997,0
deserialize,1137,0
mult,361402,0
deserialize,1035,0
mult,361842,0
deserialize,884,0
mult,365517,0
deserialize,866,0
mult,359997,0
deserialize,885,0
mult,363647,0
deserialize,1184,0
mult,366918,0
deserialize,877,0
mult,359743,0
deserialize,876,0
mult,359619,0
deserialize,1126,0
mult,360180,0
deserialize,930,0
mult,361420,0
deserialize,883,0
mult,364112,0
deserialize,1034,0
mult,357080,0
deserialize,905,0
mult,357576,0
deserialize,957,0
mult,357675,0
deserialize,858,0
mult,359838,0
deserialize,973,0
mult,360857,0
deserialize,865,0
mult,357675,0
deserialize,1034,0
mult,357040,0
deserialize,858,0
mult,356980,0
deserialize,955,0
mult,357225,0
deserialize,876,0
mult,358047,0
deserialize,933,0
mult,363672,0
deserialize,966,0
mult,362704,0
deserialize,936,0
mult,358339,0
deserialize,897,0
mult,363568,0
deserialize,883,0
mult,361135,0
deserialize,884,0
mult,363878,0
deserialize,868,0
mult,365119,0
deserialize,920,0
mult,359211,0
deserialize,855,0
mult,363552,0
deserialize,853,0
mult,365896,0
deserialize,972,0
mult,360802,0
deserialize,1018,0
mult,377993,0
deserialize,1050,0
mult,359531,0
deserialize,952,0
mult,362244,0
deserialize,977,0
mult,358282,0
deserialize,918,0
mult,357206,0
deserialize,887,0
mult,357354,0
deserialize,879,0
mult,358060,0
deserialize,1090,0
mult,358862,0
deserialize,879,0
mult,361170,0
deserialize,839,0
mult,358851,0
deserialize,1157,0
mult,357044,0
deserialize,832,0
mult,362864,0
deserialize,1007,0
mult,356985,0
deserialize,915,0
mult,357820,0
deserialize,889,0
mult,357668,0
deserialize,960,0
mult,362117,0
deserialize,953,0
mult,358046,0
deserialize,890,0
mult,362241,0
deserialize,1134,0
mult,360959,0
deserialize,1105,0
mult,364331,0
deserialize,927,0
mult,366361,0
deserialize,922,0
mult,358499,0
deserialize,939,0
mult,369421,0
deserialize,1006,0
mult,366560,0
deserialize,953,0
mult,360665,0
deserialize,959,0
mult,360915,0
deserialize,893,0
mult,358986,0
deserialize,892,0
mult,362861,0
deserialize,833,0
mult,359117,0
deserialize,866,0
mult,357779,0
deserialize,896,0
mult,357157,0
deserialize,820,0
mult,357866,0
deserialize,859,0
mult,358840,0
deserialize,1184,0
mult,367334,0
deserialize,1099,0
mult,358601,0
deserialize,1000,0
mult,357015,0
deserialize,886,0
mult,356795,0
deserialize,874,0
mult,356609,0
deserialize,870,0
mult,357506,0
deserialize,871,0
mult,358240,0
deserialize,921,0
mult,361889,0
deserialize,873,0
mult,358895,0
deserialize,862,0
mult,362539,0
deserialize,1214,0
mult,359154,0
deserialize,883,0
mult,370526,0
deserialize,1373,0
mult,365331,0
deserialize,1249,0
mult,358441,0
deserialize,990,0
mult,364034,0
deserialize,907,0
mult,364345,0
deserialize,1159,0
mult,360730,0
deserialize,868,0
mult,362713,0
deserialize,1037,0
mult,358817,0
deserialize,856,0
mult,361735,0
deserialize,929,0
mult,359218,0
deserialize,867,0
mult,359249,0
deserialize,941,0
mult,362801,0
deserialize,993,0
mult,357269,0
deserialize,928,0
mult,357331,0
deserialize,893,0
mult,360369,0
deserialize,872,0
mult,359170,0
deserialize,866,0
mult,357388,0
deserialize,862,0
mult,356352,0
deserialize,889,0
mult,356299,0
deserialize,984,0
mult,357141,0
deserialize,877,0
mult,357027,0
deserialize,986,0
mult,360815,0
deserialize,877,0
mult,364485,0
deserialize,1327,0
mult,362487,0
deserialize,915,0
mult,358880,0
deserialize,1143,0
mult,364821,0
deserialize,1273,0
mult,364360,0
deserialize,886,0
mult,359704,0
deserialize,896,0
mult,362866,0
deserialize,1053,0
mult,363428,0
deserialize,871,0
mult,361410,0
deserialize,966,0
mult,363928,0
deserialize,846,0
mult,358232,0
deserialize,858,0
mult,367850,0
deserialize,980,0
mult,359635,0
deserialize,1446,0
mult,358952,0
deserialize,934,0
mult,356763,0
deserialize,917,0
mult,356802,0
deserialize,946,0
mult,357649,0
deserialize,909,0
mult,358835,0
deserialize,964,0
mult,359357,0
deserialize,868,0
mult,359457,0
deserialize,1213,0
mult,356807,0
deserialize,1087,0
mult,356419,0
deserialize,977,0
mult,356968,0
deserialize,867,0
mult,376393,0
deserialize,1159,0
mult,359788,0
deserialize,930,0
mult,358811,0
deserialize,883,0
mult,362697,0
deserialize,876,0
mult,358032,0
deserialize,884,0
mult,364711,0
deserialize,893,0
mult,362897,0
deserialize,942,0
mult,360177,0
deserialize,959,0
mult,362284,0
deserialize,949,0
mult,361683,0
deserialize,1077,0
mult,362109,0
deserialize,960,0
mult,373077,0
deserialize,1023,0
mult,357844,0
deserialize,873,0
mult,362116,0
deserialize,992,0
mult,360274,0
deserialize,867,0
mult,360146,0
deserialize,886,0
mult,356718,0
deserialize,1022,0
mult,357458,0
deserialize,883,0
mult,357515,0
deserialize,1331,0
mult,358409,0
deserialize,922,0
mult,359211,0
deserialize,840,0
mult,359434,0
deserialize,939,0
mult,363407,0
deserialize,1020,0
mult,356675,0
deserialize,1020,0
mult,356671,0
deserialize,885,0
mult,357271,0
deserialize,1014,0
mult,359407,0
deserialize,873,0
mult,358656,0
deserialize,969,0
mult,362265,0
deserialize,852,0
mult,358111,0
deserialize,990,0
mult,364067,0
deserialize,889,0
mult,361159,0
deserialize,1089,0
mult,361008,0
deserialize,855,0
mult,368940,0
deserialize,1222,0
mult,360180,0
deserialize,887,0
mult,362484,0
deserialize,904,0
mult,366568,0
deserialize,880,0
mult,358525,0
deserialize,902,0
mult,360404,0
deserialize,828,0
mult,359397,0
deserialize,974,0
mult,360838,0
deserialize,851,0
mult,356918,0
deserialize,878,0
mult,356888,0
deserialize,871,0
mult,357817,0
deserialize,868,0
mult,365186,0
deserialize,997,0
mult,359960,0
deserialize,1014,0
mult,361051,0
deserialize,863,0
mult,357788,0
deserialize,890,0
mult,356729,0
deserialize,872,0
mult,356361,0
deserialize,900,0
mult,357373,0
deserialize,892,0
mult,359073,0
deserialize,920,0
mult,358099,0
deserialize,886,0
mult,362628,0
deserialize,867,0
mult,358766,0
deserialize,893,0
mult,369678,0
deserialize,944,0
mult,360971,0
deserialize,931,0
mult,361891,0
deserialize,918,0
mult,364514,0
deserialize,1030,0
mult,359529,0
deserialize,906,0
mult,363441,0
deserialize,943,0
mult,366486,0
deserialize,981,0
mult,359169,0
deserialize,893,0
mult,359874,0
deserialize,1084,0
mult,360201,0
deserialize,942,0
mult,361218,0
deserialize,880,0
mult,363078,0
deserialize,1032,0
mult,357023,0
deserialize,914,0
mult,356747,0
deserialize,889,0
mult,358283,0
deserialize,856,0
mult,359764,0
deserialize,1086,0
mult,360219,0
deserialize,963,0
mult,358390,0
deserialize,900,0
mult,356238,0
deserialize,876,0
mult,357019,0
deserialize,883,0
mult,356984,0
deserialize,869,0
mult,358189,0
deserialize,932,0
mult,365300,0
deserialize,1162,0
mult,362823,0
deserialize,930,0
mult,357810,0
deserialize,905,0
mult,362897,0
deserialize,920,0
mult,361247,0
deserialize,963,0
mult,363643,0
deserialize,934,0
mult,365581,0
deserialize,919,0
mult,358873,0
deserialize,889,0
mult,363350,0
deserialize,875,0
mult,365867,0
deserialize,888,0
mult,359647,0
deserialize,908,0
mult,504628,0
deserialize,988,0
mult,359395,0
deserialize,958,0
mult,362203,0
deserialize,879,0
mult,358546,0
deserialize,948,0
mult,357435,0
deserialize,902,0
mult,356867,0
deserialize,1051,0
mult,358977,0
deserialize,931,0
mult,359402,0
deserialize,956,0
mult,360777,0
deserialize,863,0
mult,358171,0
deserialize,1083,0
mult,357740,0
deserialize,877,0
mult,363103,0
deserialize,1076,0
mult,356744,0
deserialize,903,0
mult,357335,0
deserialize,954,0
mult,357254,0
deserialize,905,0
mult,362764,0
deserialize,928,0
mult,357308,0
deserialize,866,0
mult,362804,0
deserialize,928,0
mult,360306,0
deserialize,904,0
mult,364506,0
deserialize,923,0
mult,365972,0
deserialize,990,0
mult,358284,0
deserialize,973,0
mult,369983,0
deserialize,959,0
mult,365189,0
gemm,9.31828e+08,0
wait_all,7.25968e+08,0
deserialize,2264,0
mult,368187,0
deserialize,1070,0
mult,360211,0
deserialize,867,0
mult,368705,0
deserialize,1042,0
mult,365774,0
deserialize,948,0
mult,360430,0
deserialize,885,0
mult,359095,0
deserialize,1013,0
mult,359552,0
deserialize,907,0
mult,365169,0
deserialize,854,0
mult,358685,0
deserialize,937,0
mult,359177,0
deserialize,868,0
mult,360740,0
deserialize,964,0
mult,358494,0
deserialize,825,0
mult,359489,0
deserialize,908,0
mult,365969,0
deserialize,996,0
mult,357527,0
deserialize,935,0
mult,357224,0
deserialize,920,0
mult,357637,0
deserialize,927,0
mult,357492,0
deserialize,835,0
mult,359680,0
deserialize,927,0
mult,359117,0
deserialize,844,0
mult,363617,0
deserialize,850,0
mult,359417,0
deserialize,867,0
mult,364744,0
deserialize,851,0
mult,361959,0
deserialize,1223,0
mult,368166,0
deserialize,1040,0
mult,366542,0
deserialize,919,0
mult,359395,0
deserialize,904,0
mult,362251,0
deserialize,912,0
mult,366707,0
deserialize,881,0
mult,361868,0
deserialize,924,0
mult,360610,0
deserialize,920,0
mult,358213,0
deserialize,1077,0
mult,364200,0
deserialize,901,0
mult,359213,0
deserialize,988,0
mult,359572,0
deserialize,843,0
mult,368911,0
deserialize,1052,0
mult,357866,0
deserialize,1114,0
mult,358591,0
deserialize,805,0
mult,359684,0
deserialize,877,0
mult,358457,0
deserialize,854,0
mult,357819,0
deserialize,875,0
mult,357992,0
deserialize,875,0
mult,357280,0
deserialize,865,0
mult,358236,0
deserialize,951,0
mult,359227,0
deserialize,900,0
mult,362822,0
deserialize,881,0
mult,412036,0
deserialize,999,0
mult,384288,0
deserialize,894,0
mult,361114,0
deserialize,910,0
mult,363763,0
deserialize,886,0
mult,365865,0
deserialize,951,0
mult,359927,0
deserialize,858,0
mult,363325,0
deserialize,947,0
mult,365741,0
deserialize,1128,0
mult,360904,0
deserialize,897,0
mult,360578,0
deserialize,966,0
mult,358731,0
deserialize,939,0
mult,365776,0
deserialize,1117,0
mult,1.68608e+06,0
deserialize,894,0
mult,1.79516e+06,0
deserialize,865,0
mult,1.63758e+06,0
deserialize,944,0
mult,1.29438e+06,0
deserialize,1066,0
mult,359695,0
deserialize,999,0
mult,361902,0
deserialize,982,0
mult,358468,0
deserialize,869,0
mult,365027,0
deserialize,1070,0
mult,358235,0
deserialize,931,0
mult,356821,0
deserialize,897,0
mult,356835,0
deserialize,936,0
mult,357634,0
deserialize,897,0
mult,357232,0
deserialize,884,0
mult,359067,0
deserialize,963,0
mult,359009,0
deserialize,1037,0
mult,362972,0
deserialize,898,0
mult,358302,0
deserialize,880,0
mult,364313,0
deserialize,1017,0
mult,367629,0
deserialize,1258,0
mult,359095,0
deserialize,950,0
mult,363482,0
deserialize,911,0
mult,360253,0
deserialize,898,0
mult,361649,0
deserialize,872,0
mult,365762,0
deserialize,898,0
mult,358555,0
deserialize,903,0
mult,359319,0
deserialize,925,0
mult,359066,0
deserialize,811,0
mult,363356,0
deserialize,936,0
mult,357337,0
deserialize,867,0
mult,363907,0
deserialize,1150,0
mult,359811,0
deserialize,924,0
mult,357275,0
deserialize,894,0
mult,358643,0
deserialize,929,0
mult,358802,0
deserialize,875,0
mult,357460,0
deserialize,939,0
mult,357040,0
deserialize,860,0
mult,357428,0
deserialize,973,0
mult,356911,0
deserialize,841,0
mult,358827,0
deserialize,970,0
mult,358303,0
deserialize,924,0
mult,369454,0
deserialize,1067,0
mult,357714,0
deserialize,922,0
mult,363502,0
deserialize,1132,0
mult,361933,0
deserialize,877,0
mult,360494,0
deserialize,901,0
mult,364830,0
deserialize,1160,0
mult,359296,0
deserialize,933,0
mult,361569,0
deserialize,902,0
mult,366829,0
deserialize,1018,0
mult,359694,0
deserialize,909,0
mult,359671,0
deserialize,951,0
mult,364830,0
deserialize,1065,0
mult,363168,0
deserialize,954,0
mult,358433,0
deserialize,930,0
mult,357827,0
deserialize,950,0
mult,361009,0
deserialize,890,0
mult,358314,0
deserialize,853,0
mult,359113,0
deserialize,894,0
mult,359910,0
deserialize,30750,0
mult,386185,0
deserialize,994,0
mult,399780,0
deserialize,910,0
mult,393119,0
deserialize,903,0
mult,401022,0
deserialize,1103,0
mult,393283,0
deserialize,986,0
mult,395669,0
deserialize,875,0
mult,394391,0
deserialize,920,0
mult,394195,0
deserialize,1174,0
mult,393779,0
deserialize,989,0
mult,393163,0
deserialize,1001,0
mult,397961,0
deserialize,908,0
mult,396960,0
deserialize,923,0
mult,406083,0
deserialize,1134,0
mult,404684,0
deserialize,1258,0
mult,399817,0
deserialize,991,0
mult,409800,0
deserialize,945,0
mult,404190,0
deserialize,961,0
mult,403394,0
deserialize,884,0
mult,396124,0
deserialize,893,0
mult,395585,0
deserialize,1111,0
mult,394310,0
deserialize,915,0
mult,393260,0
deserialize,914,0
mult,393174,0
deserialize,881,0
mult,398143,0
deserialize,1024,0
mult,1.44464e+06,0
deserialize,1091,0
mult,392659,0
deserialize,940,0
mult,392614,0
deserialize,862,0
mult,393927,0
deserialize,859,0
mult,395315,0
deserialize,883,0
mult,394570,0
deserialize,910,0
mult,400165,0
deserialize,1067,0
mult,393511,0
deserialize,887,0
mult,394807,0
deserialize,969,0
mult,393507,0
deserialize,846,0
mult,394054,0
deserialize,950,0
mult,395844,0
deserialize,925,0
mult,396886,0
deserialize,927,0
mult,405592,0
deserialize,916,0
mult,398009,0
deserialize,929,0
mult,399463,0
deserialize,861,0
mult,414634,0
deserialize,1172,0
mult,403227,0
deserialize,974,0
mult,406345,0
deserialize,1252,0
mult,396061,0
deserialize,900,0
mult,395909,0
deserialize,959,0
mult,393493,0
deserialize,871,0
mult,393378,0
deserialize,936,0
mult,393665,0
deserialize,897,0
mult,393477,0
deserialize,931,0
mult,392516,0
deserialize,1167,0
mult,398385,0
deserialize,1024,0
mult,392731,0
deserialize,977,0
mult,392380,0
deserialize,898,0
mult,395180,0
deserialize,881,0
mult,392771,0
deserialize,866,0
mult,394504,0
deserialize,896,0
mult,394409,0
deserialize,965,0
mult,394881,0
deserialize,1030,0
mult,392825,0
deserialize,891,0
mult,394226,0
deserialize,864,0
mult,399604,0
deserialize,1128,0
mult,394290,0
deserialize,964,0
mult,403457,0
deserialize,887,0
mult,398261,0
deserialize,921,0
mult,399624,0
deserialize,939,0
mult,407173,0
deserialize,905,0
mult,404037,0
deserialize,956,0
mult,407652,0
deserialize,1147,0
mult,398329,0
deserialize,892,0
mult,395496,0
deserialize,963,0
mult,400335,0
deserialize,1006,0
mult,391983,0
deserialize,975,0
mult,392554,0
deserialize,890,0
mult,392630,0
deserialize,898,0
mult,392974,0
deserialize,893,0
mult,392505,0
deserialize,933,0
mult,392910,0
deserialize,1110,0
mult,392622,0
deserialize,947,0
mult,394426,0
deserialize,880,0
mult,393774,0
deserialize,1191,0
mult,399967,0
deserialize,1072,0
mult,393133,0
deserialize,1007,0
mult,393625,0
deserialize,881,0
mult,393696,0
deserialize,880,0
mult,394274,0
deserialize,962,0
mult,393410,0
deserialize,886,0
mult,394101,0
deserialize,880,0
mult,403880,0
deserialize,903,0
mult,398975,0
deserialize,1110,0
mult,401447,0
deserialize,858,0
mult,412890,0
deserialize,1005,0
mult,403900,0
deserialize,1004,0
mult,409211,0
deserialize,967,0
mult,398399,0
deserialize,895,0
mult,397134,0
deserialize,905,0
mult,393881,0
deserialize,910,0
mult,394070,0
deserialize,863,0
mult,392877,0
deserialize,870,0
mult,392529,0
deserialize,947,0
mult,393261,0
deserialize,842,0
mult,392747,0
deserialize,882,0
mult,398118,0
deserialize,964,0
mult,391957,0
deserialize,966,0
mult,393911,0
deserialize,894,0
mult,393028,0
deserialize,950,0
mult,394498,0
deserialize,866,0
mult,393735,0
deserialize,904,0
mult,395123,0
deserialize,903,0
mult,394596,0
deserialize,936,0
mult,394123,0
deserialize,890,0
mult,392463,0
deserialize,947,0
mult,399351,0
deserialize,992,0
mult,402820,0
deserialize,993,0
mult,398886,0
deserialize,875,0
mult,403996,0
deserialize,921,0
mult,404285,0
deserialize,883,0
mult,403203,0
deserialize,1164,0
mult,409706,0
deserialize,880,0
mult,400073,0
deserialize,887,0
mult,398523,0
deserialize,867,0
mult,394537,0
deserialize,1016,0
mult,398173,0
deserialize,1093,0
mult,392438,0
deserialize,918,0
mult,392903,0
deserialize,969,0
mult,393269,0
deserialize,878,0
mult,392353,0
deserialize,1018,0
mult,393000,0
deserialize,880,0
mult,392552,0
deserialize,1069,0
mult,393520,0
deserialize,877,0
mult,393401,0
deserialize,848,0
mult,394707,0
deserialize,939,0
mult,399604,0
deserialize,953,0
mult,394522,0
deserialize,1018,0
mult,393143,0
deserialize,900,0
mult,394729,0
deserialize,886,0
mult,392641,0
deserialize,885,0
mult,392601,0
deserialize,975,0
mult,401197,0
deserialize,874,0
mult,398877,0
deserialize,890,0
mult,404459,0
deserialize,924,0
mult,402825,0
deserialize,940,0
mult,408546,0
deserialize,1037,0
mult,409557,0
deserialize,1155,0
mult,401146,0
deserialize,961,0
mult,400158,0
deserialize,944,0
mult,394137,0
deserialize,935,0
mult,393133,0
deserialize,887,0
mult,392463,0
deserialize,1209,0
mult,392734,0
deserialize,873,0
mult,392946,0
deserialize,933,0
mult,391977,0
deserialize,838,0
mult,398183,0
deserialize,974,0
mult,391997,0
deserialize,1027,0
mult,392439,0
deserialize,937,0
mult,392814,0
deserialize,884,0
mult,394251,0
deserialize,908,0
mult,392791,0
deserialize,893,0
mult,394693,0
deserialize,910,0
mult,392992,0
deserialize,1129,0
mult,393888,0
deserialize,867,0
mult,392814,0
deserialize,956,0
mult,407785,0
deserialize,1017,0
mult,399334,0
deserialize,980,0
mult,397882,0
deserialize,967,0
mult,404648,0
deserialize,1020,0
mult,399998,0
deserialize,982,0
mult,401256,0
deserialize,865,0
mult,410220,0
deserialize,873,0
mult,401917,0
deserialize,876,0
mult,402860,0
deserialize,878,0
mult,394259,0
deserialize,1026,0
mult,400426,0
deserialize,1003,0
mult,393090,0
deserialize,1018,0
mult,392257,0
deserialize,899,0
mult,391739,0
deserialize,939,0
mult,392189,0
deserialize,857,0
mult,392767,0
deserialize,940,0
mult,392774,0
deserialize,867,0
mult,392837,0
deserialize,1211,0
mult,392258,0
deserialize,876,0
mult,394836,0
deserialize,950,0
mult,401443,0
deserialize,1040,0
mult,394003,0
deserialize,955,0
mult,393927,0
deserialize,913,0
mult,393470,0
deserialize,1194,0
mult,393580,0
deserialize,887,0
mult,393411,0
deserialize,886,0
mult,396922,0
deserialize,901,0
mult,397388,0
deserialize,880,0
mult,404942,0
deserialize,919,0
mult,398107,0
deserialize,876,0
mult,405823,0
deserialize,1027,0
mult,409158,0
deserialize,1028,0
mult,402821,0
deserialize,960,0
mult,403871,0
deserialize,1024,0
mult,395816,0
deserialize,920,0
mult,394290,0
deserialize,893,0
mult,393380,0
deserialize,1116,0
mult,392666,0
deserialize,912,0
mult,392417,0
deserialize,876,0
mult,392678,0
deserialize,859,0
mult,397408,0
deserialize,991,0
mult,391734,0
deserialize,955,0
mult,392734,0
deserialize,892,0
mult,392705,0
deserialize,854,0
mult,394747,0
deserialize,884,0
mult,392664,0
deserialize,844,0
mult,394604,0
deserialize,907,0
mult,393670,0
deserialize,1207,0
mult,394983,0
deserialize,974,0
mult,393280,0
deserialize,953,0
mult,400757,0
deserialize,1223,0
mult,395147,0
deserialize,1467,0
mult,394965,0
deserialize,926,0
mult,404608,0
deserialize,929,0
mult,396832,0
deserialize,1303,0
mult,398528,0
deserialize,901,0
mult,408296,0
deserialize,871,0
mult,403274,0
deserialize,856,0
mult,405390,0
deserialize,873,0
mult,396588,0
deserialize,909,0
mult,400088,0
deserialize,957,0
mult,393019,0
deserialize,1143,0
mult,391990,0
deserialize,909,0
mult,392222,0
deserialize,1106,0
mult,392546,0
deserialize,857,0
mult,392379,0
deserialize,952,0
mult,392791,0
deserialize,960,0
mult,392328,0
deserialize,903,0
mult,392307,0
deserialize,856,0
mult,394145,0
deserialize,898,0
mult,402028,0
deserialize,1010,0
mult,394221,0
deserialize,1067,0
mult,393997,0
deserialize,860,0
mult,394219,0
deserialize,930,0
mult,393085,0
deserialize,876,0
mult,392870,0
deserialize,887,0
mult,393523,0
deserialize,916,0
mult,394609,0
deserialize,853,0
mult,403880,0
deserialize,956,0
mult,398330,0
deserialize,1040,0
mult,405756,0
deserialize,937,0
mult,407260,0
deserialize,971,0
mult,403476,0
deserialize,854,0
mult,407269,0
deserialize,979,0
mult,398040,0
deserialize,872,0
mult,395543,0
deserialize,930,0
mult,393609,0
deserialize,864,0
mult,392573,0
deserialize,930,0
mult,392831,0
deserialize,880,0
mult,392179,0
deserialize,885,0
mult,400317,0
deserialize,989,0
mult,391294,0
deserialize,970,0
mult,392918,0
deserialize,869,0
mult,392410,0
deserialize,913,0
mult,393415,0
deserialize,870,0
mult,393766,0
deserialize,982,0
mult,394001,0
deserialize,878,0
mult,393130,0
deserialize,1022,0
mult,393697,0
deserialize,876,0
mult,392975,0
deserialize,978,0
mult,399323,0
deserialize,974,0
mult,392880,0
deserialize,920,0
mult,393414,0
deserialize,887,0
mult,403820,0
deserialize,913,0
mult,398407,0
deserialize,857,0
mult,401259,0
deserialize,889,0
mult,405493,0
deserialize,866,0
mult,403353,0
deserialize,960,0
mult,408455,0
deserialize,885,0
mult,398896,0
deserialize,859,0
mult,402770,0
deserialize,954,0
mult,393667,0
deserialize,1017,0
mult,392667,0
deserialize,908,0
mult,391745,0
deserialize,900,0
mult,392221,0
deserialize,939,0
mult,391634,0
deserialize,961,0
mult,392865,0
deserialize,981,0
mult,391515,0
deserialize,875,0
mult,392469,0
deserialize,943,0
mult,394104,0
deserialize,1002,0
mult,399287,0
deserialize,1127,0
mult,394074,0
deserialize,988,0
mult,392933,0
deserialize,857,0
mult,394204,0
deserialize,893,0
mult,393379,0
deserialize,882,0
mult,393834,0
deserialize,891,0
mult,391768,0
deserialize,894,0
mult,392154,0
deserialize,1012,0
mult,401707,0
deserialize,856,0
mult,397964,0
deserialize,1553,0
mult,409253,0
deserialize,1025,0
mult,404203,0
deserialize,954,0
mult,403072,0
deserialize,995,0
mult,409134,0
deserialize,879,0
mult,399538,0
deserialize,893,0
mult,398376,0
deserialize,1154,0
mult,393212,0
deserialize,862,0
mult,392299,0
deserialize,1261,0
mult,392482,0
deserialize,863,0
mult,391539,0
deserialize,887,0
mult,398933,0
deserialize,1081,0
mult,391839,0
deserialize,956,0
mult,392474,0
deserialize,865,0
mult,391989,0
deserialize,951,0
mult,393390,0
deserialize,881,0
mult,393420,0
deserialize,1180,0
mult,393820,0
deserialize,854,0
mult,393219,0
deserialize,945,0
mult,394175,0
deserialize,862,0
mult,393348,0
deserialize,997,0
mult,393670,0
deserialize,835,0
mult,398172,0
deserialize,999,0
mult,392312,0
deserialize,969,0
mult,400358,0
deserialize,973,0
mult,398702,0
deserialize,917,0
mult,403881,0
deserialize,1160,0
mult,401897,0
deserialize,884,0
mult,401726,0
deserialize,897,0
mult,410314,0
deserialize,913,0
mult,400093,0
deserialize,873,0
mult,405553,0
deserialize,1036,0
mult,394077,0
deserialize,1190,0
mult,393627,0
deserialize,854,0
mult,392390,0
deserialize,846,0
mult,392893,0
deserialize,881,0
mult,392567,0
deserialize,900,0
mult,392515,0
deserialize,840,0
mult,392714,0
deserialize,870,0
mult,392036,0
deserialize,840,0
mult,392684,0
deserialize,867,0
mult,392640,0
deserialize,880,0
mult,402374,0
deserialize,1072,0
mult,393517,0
deserialize,967,0
mult,394130,0
deserialize,893,0
mult,393367,0
deserialize,894,0
mult,393484,0
deserialize,895,0
mult,392970,0
deserialize,897,0
mult,392638,0
deserialize,886,0
mult,398786,0
deserialize,861,0
mult,397550,0
deserialize,1034,0
mult,404931,0
deserialize,1053,0
mult,406908,0
deserialize,954,0
mult,401414,0
deserialize,963,0
mult,409624,0
deserialize,937,0
mult,401712,0
deserialize,1118,0
mult,402337,0
deserialize,871,0
mult,394206,0
deserialize,945,0
mult,393531,0
deserialize,889,0
mult,392239,0
deserialize,962,0
mult,392237,0
deserialize,1106,0
mult,392288,0
deserialize,893,0
mult,397724,0
deserialize,1014,0
mult,392096,0
deserialize,910,0
mult,392355,0
deserialize,996,0
mult,392465,0
deserialize,849,0
mult,392624,0
deserialize,880,0
mult,394041,0
deserialize,906,0
mult,392737,0
deserialize,1070,0
mult,394414,0
deserialize,1036,0
mult,393898,0
deserialize,1134,0
mult,393371,0
deserialize,905,0
mult,398767,0
deserialize,1017,0
mult,392650,0
deserialize,971,0
mult,397139,0
deserialize,867,0
mult,396521,0
deserialize,918,0
mult,404860,0
deserialize,906,0
mult,398694,0
deserialize,847,0
mult,399010,0
deserialize,1115,0
mult,409194,0
deserialize,860,0
mult,402561,0
deserialize,1008,0
mult,403671,0
deserialize,889,0
mult,401326,0
deserialize,1104,0
mult,393840,0
deserialize,900,0
mult,392770,0
deserialize,934,0
mult,392092,0
deserialize,875,0
mult,392050,0
deserialize,1040,0
mult,392431,0
deserialize,862,0
mult,392296,0
deserialize,956,0
mult,392066,0
deserialize,905,0
mult,392315,0
deserialize,923,0
mult,392566,0
deserialize,850,0
mult,400058,0
deserialize,1083,0
mult,392175,0
deserialize,930,0
mult,393274,0
deserialize,994,0
mult,393153,0
deserialize,909,0
mult,393689,0
deserialize,953,0
mult,392837,0
deserialize,840,0
mult,393046,0
deserialize,1010,0
mult,395775,0
deserialize,884,0
mult,394817,0
deserialize,910,0
mult,404597,0
deserialize,985,0
mult,404133,0
deserialize,1074,0
mult,398840,0
deserialize,1147,0
mult,408087,0
gemm,9.3676e+08,0
wait_all,7.36736e+08,0
deserialize,2139,0
mult,408769,0
deserialize,1060,0
mult,401005,0
deserialize,1143,0
mult,407552,0
deserialize,1031,0
mult,409644,0
deserialize,881,0
mult,401690,0
deserialize,933,0
mult,403405,0
deserialize,870,0
mult,395435,0
deserialize,892,0
mult,394441,0
deserialize,890,0
mult,392816,0
deserialize,886,0
mult,393754,0
deserialize,908,0
mult,392677,0
deserialize,930,0
mult,393382,0
deserialize,861,0
mult,398904,0
deserialize,1014,0
mult,391754,0
deserialize,918,0
mult,393108,0
deserialize,871,0
mult,393800,0
deserialize,1024,0
mult,394228,0
deserialize,915,0
mult,394429,0
deserialize,906,0
mult,394460,0
deserialize,904,0
mult,395335,0
deserialize,860,0
mult,394550,0
deserialize,857,0
mult,394350,0
deserialize,893,0
mult,399364,0
deserialize,1345,0
mult,397050,0
deserialize,1033,0
mult,396958,0
deserialize,900,0
mult,405297,0
deserialize,819,0
mult,399003,0
deserialize,865,0
mult,400437,0
deserialize,925,0
mult,409378,0
deserialize,882,0
mult,403043,0
deserialize,931,0
mult,405304,0
deserialize,885,0
mult,395905,0
deserialize,1379,0
mult,400341,0
deserialize,1103,0
mult,393927,0
deserialize,906,0
mult,393090,0
deserialize,843,0
mult,392917,0
deserialize,978,0
mult,393113,0
deserialize,982,0
mult,393237,0
deserialize,837,0
mult,393259,0
deserialize,912,0
mult,392743,0
deserialize,864,0
mult,393467,0
deserialize,898,0
mult,393947,0
deserialize,933,0
mult,400934,0
deserialize,1080,0
mult,394052,0
deserialize,926,0
mult,396073,0
deserialize,840,0
mult,394329,0
deserialize,876,0
mult,394185,0
deserialize,853,0
mult,394004,0
deserialize,897,0
mult,396044,0
deserialize,880,0
mult,396284,0
deserialize,898,0
mult,406348,0
deserialize,910,0
mult,398435,0
deserialize,1090,0
mult,405113,0
deserialize,1067,0
mult,407989,0
deserialize,920,0
mult,403486,0
deserialize,903,0
mult,405984,0
deserialize,902,0
mult,393551,0
deserialize,920,0
mult,392674,0
deserialize,1012,0
mult,1.70284e+06,0
deserialize,884,0
mult,1.80527e+06,0
deserialize,961,0
mult,1.63937e+06,0
deserialize,938,0
mult,1.31406e+06,0
deserialize,1116,0
mult,402051,0
deserialize,984,0
mult,393907,0
deserialize,1035,0
mult,392447,0
deserialize,993,0
mult,392570,0
deserialize,1030,0
mult,392358,0
deserialize,875,0
mult,392279,0
deserialize,880,0
mult,391919,0
deserialize,940,0
mult,393338,0
deserialize,879,0
mult,400799,0
deserialize,1014,0
mult,394688,0
deserialize,1017,0
mult,394195,0
deserialize,920,0
mult,393907,0
deserialize,907,0
mult,393214,0
deserialize,887,0
mult,392533,0
deserialize,1227,0
mult,401420,0
deserialize,893,0
mult,399446,0
deserialize,888,0
mult,404377,0
deserialize,903,0
mult,402111,0
deserialize,852,0
mult,408500,0
deserialize,1053,0
mult,409456,0
deserialize,990,0
mult,400812,0
deserialize,907,0
mult,400673,0
deserialize,907,0
mult,394323,0
deserialize,868,0
mult,393213,0
deserialize,867,0
mult,392376,0
deserialize,877,0
mult,392543,0
deserialize,1038,0
mult,392046,0
deserialize,975,0
mult,392404,0
deserialize,847,0
mult,398765,0
deserialize,1114,0
mult,391808,0
deserialize,975,0
mult,392247,0
deserialize,1248,0
mult,392684,0
deserialize,877,0
mult,392937,0
deserialize,936,0
mult,394065,0
deserialize,840,0
mult,394563,0
deserialize,979,0
mult,394940,0
deserialize,876,0
mult,393870,0
deserialize,930,0
mult,392681,0
deserialize,883,0
mult,399139,0
deserialize,1284,0
mult,398648,0
deserialize,950,0
mult,396982,0
deserialize,901,0
mult,405337,0
deserialize,968,0
mult,400349,0
deserialize,924,0
mult,400968,0
deserialize,884,0
mult,410207,0
deserialize,870,0
mult,402196,0
deserialize,887,0
mult,402705,0
deserialize,914,0
mult,396105,0
deserialize,861,0
mult,399064,0
deserialize,990,0
mult,392444,0
deserialize,1417,0
mult,392536,0
deserialize,965,0
mult,392298,0
deserialize,878,0
mult,392850,0
deserialize,850,0
mult,392968,0
deserialize,907,0
mult,392833,0
deserialize,17833,0
mult,385614,0
deserialize,1063,0
mult,387709,0
deserialize,897,0
mult,375263,0
deserialize,908,0
mult,384730,0
deserialize,1125,0
mult,372285,0
deserialize,1033,0
mult,370851,0
deserialize,872,0
mult,369877,0
deserialize,890,0
mult,370121,0
deserialize,882,0
mult,370961,0
deserialize,1185,0
mult,371611,0
deserialize,954,0
mult,374697,0
deserialize,1002,0
mult,373114,0
deserialize,916,0
mult,370968,0
deserialize,906,0
mult,371777,0
deserialize,960,0
mult,393750,0
deserialize,987,0
mult,372237,0
deserialize,977,0
mult,370304,0
deserialize,903,0
mult,370610,0
deserialize,865,0
mult,371946,0
deserialize,906,0
mult,372795,0
deserialize,887,0
mult,371397,0
deserialize,1040,0
mult,370287,0
deserialize,892,0
mult,371800,0
deserialize,1126,0
mult,377832,0
deserialize,872,0
mult,379767,0
deserialize,988,0
mult,391526,0
deserialize,1412,0
mult,378157,0
deserialize,890,0
mult,376362,0
deserialize,910,0
mult,378187,0
deserialize,880,0
mult,374624,0
deserialize,868,0
mult,372755,0
deserialize,1129,0
mult,370957,0
deserialize,881,0
mult,370437,0
deserialize,880,0
mult,371167,0
deserialize,849,0
mult,371449,0
deserialize,971,0
mult,379345,0
deserialize,1302,0
mult,373208,0
deserialize,1067,0
mult,372115,0
deserialize,875,0
mult,371806,0
deserialize,899,0
mult,373546,0
deserialize,1191,0
mult,373507,0
deserialize,1444,0
mult,370403,0
deserialize,863,0
mult,371717,0
deserialize,941,0
mult,370591,0
deserialize,880,0
mult,373361,0
deserialize,974,0
mult,371529,0
deserialize,874,0
mult,375397,0
deserialize,1093,0
mult,370535,0
deserialize,923,0
mult,375310,0
deserialize,970,0
mult,378915,0
deserialize,895,0
mult,385077,0
deserialize,906,0
mult,378679,0
deserialize,879,0
mult,378741,0
deserialize,998,0
mult,377401,0
deserialize,891,0
mult,375499,0
deserialize,909,0
mult,375183,0
deserialize,847,0
mult,371155,0
deserialize,922,0
mult,376154,0
deserialize,983,0
mult,370808,0
deserialize,891,0
mult,370940,0
deserialize,846,0
mult,372182,0
deserialize,904,0
mult,375125,0
deserialize,913,0
mult,373133,0
deserialize,1001,0
mult,371304,0
deserialize,880,0
mult,372727,0
deserialize,886,0
mult,375441,0
deserialize,883,0
mult,370801,0
deserialize,920,0
mult,377790,0
deserialize,1208,0
mult,369626,0
deserialize,954,0
mult,372245,0
deserialize,956,0
mult,372037,0
deserialize,927,0
mult,370098,0
deserialize,919,0
mult,371575,0
deserialize,1096,0
mult,374886,0
deserialize,946,0
mult,377949,0
deserialize,907,0
mult,386533,0
deserialize,962,0
mult,379995,0
deserialize,915,0
mult,380358,0
deserialize,935,0
mult,383088,0
deserialize,985,0
mult,374737,0
deserialize,976,0
mult,376653,0
deserialize,982,0
mult,371397,0
deserialize,939,0
mult,371441,0
deserialize,886,0
mult,370341,0
deserialize,1047,0
mult,370233,0
deserialize,974,0
mult,371580,0
deserialize,903,0
mult,373720,0
deserialize,921,0
mult,374442,0
deserialize,888,0
mult,380564,0
deserialize,1103,0
mult,370407,0
deserialize,976,0
mult,374631,0
deserialize,936,0
mult,370432,0
deserialize,911,0
mult,371892,0
deserialize,952,0
mult,369234,0
deserialize,860,0
mult,372331,0
deserialize,886,0
mult,372414,0
deserialize,856,0
mult,370073,0
deserialize,887,0
mult,370479,0
deserialize,1037,0
mult,372605,0
deserialize,964,0
mult,533348,0
deserialize,996,0
mult,384930,0
deserialize,970,0
mult,379748,0
deserialize,907,0
mult,381944,0
deserialize,973,0
mult,375490,0
deserialize,844,0
mult,376034,0
deserialize,1234,0
mult,376578,0
deserialize,861,0
mult,370529,0
deserialize,904,0
mult,372649,0
deserialize,898,0
mult,370320,0
deserialize,983,0
mult,376967,0
deserialize,996,0
mult,370677,0
deserialize,1094,0
mult,373130,0
deserialize,869,0
mult,374133,0
deserialize,1086,0
mult,371591,0
deserialize,892,0
mult,370775,0
deserialize,960,0
mult,374804,0
deserialize,883,0
mult,371922,0
deserialize,1202,0
mult,370623,0
deserialize,887,0
mult,369381,0
deserialize,908,0
mult,370841,0
deserialize,863,0
mult,381125,0
deserialize,1076,0
mult,369428,0
deserialize,877,0
mult,370662,0
deserialize,950,0
mult,372057,0
deserialize,871,0
mult,375530,0
deserialize,888,0
mult,383329,0
deserialize,869,0
mult,380809,0
deserialize,913,0
mult,382155,0
deserialize,848,0
mult,375051,0
deserialize,913,0
mult,374849,0
deserialize,883,0
mult,377607,0
deserialize,972,0
mult,377202,0
deserialize,1023,0
mult,372613,0
deserialize,1320,0
mult,370174,0
deserialize,896,0
mult,369481,0
deserialize,894,0
mult,370844,0
deserialize,1140,0
mult,371186,0
deserialize,1126,0
mult,375593,0
deserialize,871,0
mult,371324,0
deserialize,963,0
mult,369980,0
deserialize,920,0
mult,374668,0
deserialize,1187,0
mult,378284,0
deserialize,1084,0
mult,370298,0
deserialize,913,0
mult,369874,0
deserialize,1271,0
mult,369684,0
deserialize,905,0
mult,372651,0
deserialize,960,0
mult,371233,0
deserialize,904,0
mult,369463,0
deserialize,1173,0
mult,371384,0
deserialize,913,0
mult,373980,0
deserialize,931,0
mult,381931,0
deserialize,863,0
mult,379930,0
deserialize,913,0
mult,389633,0
deserialize,1070,0
mult,375539,0
deserialize,880,0
mult,373765,0
deserialize,912,0
mult,377691,0
deserialize,870,0
mult,371743,0
deserialize,897,0
mult,372021,0
deserialize,894,0
mult,369589,0
deserialize,903,0
mult,368924,0
deserialize,870,0
mult,370753,0
deserialize,960,0
mult,370067,0
deserialize,885,0
mult,375387,0
deserialize,1003,0
mult,376821,0
deserialize,1086,0
mult,369736,0
deserialize,1064,0
mult,372797,0
deserialize,1140,0
mult,372548,0
deserialize,983,0
mult,370821,0
deserialize,879,0
mult,368828,0
deserialize,884,0
mult,370571,0
deserialize,1070,0
mult,372480,0
deserialize,1011,0
mult,371364,0
deserialize,845,0
mult,369976,0
deserialize,905,0
mult,376151,0
deserialize,982,0
mult,372049,0
deserialize,993,0
mult,379688,0
deserialize,873,0
mult,380065,0
deserialize,966,0
mult,383557,0
deserialize,862,0
mult,375929,0
deserialize,1032,0
mult,375258,0
deserialize,847,0
mult,377364,0
deserialize,1054,0
mult,373008,0
deserialize,892,0
mult,370908,0
deserialize,1089,0
mult,369655,0
deserialize,910,0
mult,386845,0
deserialize,1078,0
mult,370429,0
deserialize,920,0
mult,369685,0
deserialize,896,0
mult,374596,0
deserialize,904,0
mult,372577,0
deserialize,1113,0
mult,370251,0
deserialize,890,0
mult,372181,0
deserialize,874,0
mult,373652,0
deserialize,903,0
mult,371844,0
deserialize,988,0
mult,369003,0
deserialize,944,0
mult,370741,0
deserialize,976,0
mult,376711,0
deserialize,946,0
mult,371635,0
deserialize,1016,0
mult,369683,0
deserialize,886,0
mult,369104,0
deserialize,881,0
mult,371196,0
deserialize,871,0
mult,377052,0
deserialize,874,0
mult,379062,0
deserialize,881,0
mult,384580,0
deserialize,866,0
mult,376892,0
deserialize,860,0
mult,376268,0
deserialize,950,0
mult,383651,0
deserialize,1004,0
mult,373564,0
deserialize,920,0
mult,372386,0
deserialize,905,0
mult,369906,0
deserialize,970,0
mult,369493,0
deserialize,948,0
mult,370670,0
deserialize,918,0
mult,370546,0
deserialize,969,0
mult,373468,0
deserialize,894,0
mult,372779,0
deserialize,923,0
mult,370967,0
deserialize,939,0
mult,370528,0
deserialize,955,0
mult,379166,0
deserialize,958,0
mult,373563,0
deserialize,913,0
mult,369146,0
deserialize,891,0
mult,371162,0
deserialize,864,0
mult,369284,0
deserialize,941,0
mult,372211,0
deserialize,884,0
mult,370471,0
deserialize,876,0
mult,369682,0
deserialize,911,0
mult,370610,0
deserialize,833,0
mult,376080,0
deserialize,862,0
mult,377738,0
deserialize,1052,0
mult,391361,0
deserialize,1130,0
mult,378586,0
deserialize,1009,0
mult,377748,0
deserialize,868,0
mult,376774,0
deserialize,877,0
mult,374255,0
deserialize,880,0
mult,373557,0
deserialize,910,0
mult,369954,0
deserialize,999,0
mult,370212,0
deserialize,907,0
mult,371068,0
deserialize,856,0
mult,369763,0
deserialize,891,0
mult,376577,0
deserialize,1004,0
mult,374110,0
deserialize,983,0
mult,372404,0
deserialize,959,0
mult,371006,0
deserialize,1051,0
mult,372924,0
deserialize,880,0
mult,373671,0
deserialize,975,0
mult,369176,0
deserialize,864,0
mult,371096,0
deserialize,1073,0
mult,369148,0
deserialize,859,0
mult,371760,0
deserialize,950,0
mult,371944,0
deserialize,876,0
mult,374578,0
deserialize,1118,0
mult,370204,0
deserialize,907,0
mult,373205,0
deserialize,894,0
mult,376766,0
deserialize,864,0
mult,384956,0
deserialize,899,0
mult,379138,0
deserialize,880,0
mult,378955,0
deserialize,1164,0
mult,376176,0
deserialize,865,0
mult,374711,0
deserialize,1024,0
mult,375395,0
deserialize,1073,0
mult,370637,0
deserialize,999,0
mult,376892,0
deserialize,951,0
mult,370265,0
deserialize,1320,0
mult,369511,0
deserialize,886,0
mult,371054,0
deserialize,949,0
mult,373515,0
deserialize,846,0
mult,373278,0
deserialize,915,0
mult,371025,0
deserialize,906,0
mult,369878,0
deserialize,878,0
mult,374508,0
deserialize,1090,0
mult,369954,0
deserialize,894,0
mult,377587,0
deserialize,1016,0
mult,368863,0
deserialize,896,0
mult,371857,0
deserialize,858,0
mult,372578,0
deserialize,863,0
mult,369540,0
deserialize,923,0
mult,370017,0
deserialize,975,0
mult,371877,0
deserialize,935,0
mult,376726,0
deserialize,882,0
mult,383636,0
deserialize,960,0
mult,379698,0
deserialize,908,0
mult,380213,0
deserialize,941,0
mult,381706,0
deserialize,1076,0
mult,373417,0
deserialize,1007,0
mult,375737,0
deserialize,1111,0
mult,368899,0
deserialize,859,0
mult,371308,0
deserialize,1004,0
mult,369314,0
deserialize,1105,0
mult,368990,0
deserialize,900,0
mult,370217,0
deserialize,907,0
mult,372897,0
deserialize,897,0
mult,374485,0
deserialize,910,0
mult,371428,0
deserialize,1005,0
mult,375803,0
deserialize,1030,0
mult,373984,0
deserialize,996,0
mult,371355,0
deserialize,1010,0
mult,369247,0
deserialize,887,0
mult,369159,0
deserialize,875,0
mult,370314,0
deserialize,1008,0
mult,372894,0
deserialize,929,0
mult,370317,0
deserialize,866,0
mult,370084,0
deserialize,875,0
mult,371374,0
deserialize,895,0
mult,381094,0
deserialize,998,0
mult,382861,0
deserialize,960,0
mult,380073,0
deserialize,850,0
mult,381511,0
deserialize,960,0
mult,374554,0
deserialize,1109,0
mult,373787,0
deserialize,1014,0
mult,376908,0
deserialize,854,0
mult,370783,0
deserialize,980,0
mult,371221,0
deserialize,886,0
mult,368973,0
deserialize,995,0
mult,369408,0
deserialize,855,0
mult,376319,0
deserialize,1086,0
mult,370493,0
deserialize,969,0
mult,374849,0
deserialize,998,0
mult,371761,0
deserialize,929,0
mult,369610,0
deserialize,1050,0
mult,373797,0
deserialize,833,0
mult,372611,0
deserialize,940,0
mult,370239,0
deserialize,939,0
mult,369224,0
deserialize,884,0
mult,369279,0
deserialize,1107,0
mult,372073,0
deserialize,1467,0
mult,376037,0
deserialize,975,0
mult,369664,0
deserialize,883,0
mult,370887,0
deserialize,904,0
mult,373795,0
deserialize,1200,0
mult,381368,0
deserialize,1085,0
mult,379610,0
deserialize,1054,0
mult,383187,0
deserialize,857,0
mult,374425,0
deserialize,890,0
mult,373114,0
deserialize,872,0
mult,377722,0
deserialize,931,0
mult,376828,0
deserialize,1007,0
mult,371043,0
deserialize,923,0
mult,368900,0
deserialize,1011,0
mult,369011,0
deserialize,977,0
mult,370604,0
deserialize,893,0
mult,369624,0
deserialize,898,0
mult,375066,0
deserialize,938,0
mult,372024,0
deserialize,1269,0
mult,369634,0
deserialize,1030,0
mult,372428,0
deserialize,913,0
mult,373337,0
deserialize,987,0
mult,375845,0
deserialize,1073,0
mult,369057,0
deserialize,956,0
mult,369001,0
deserialize,883,0
mult,372099,0
deserialize,986,0
mult,370867,0
deserialize,893,0
mult,369059,0
deserialize,957,0
mult,370108,0
deserialize,890,0
mult,372047,0
deserialize,884,0
mult,379388,0
deserialize,890,0
mult,380336,0
deserialize,860,0
mult,383650,0
deserialize,975,0
mult,381797,0
deserialize,1204,0
mult,374601,0
deserialize,940,0
mult,377152,0
deserialize,1028,0
mult,373427,0
deserialize,1047,0
mult,371324,0
deserialize,973,0
mult,369871,0
deserialize,995,0
mult,369299,0
deserialize,967,0
mult,370140,0
deserialize,902,0
mult,370201,0
deserialize,881,0
mult,374444,0
deserialize,877,0
mult,379364,0
deserialize,1037,0
mult,369779,0
deserialize,1350,0
mult,371271,0
deserialize,940,0
mult,372692,0
deserialize,890,0
mult,372227,0
deserialize,884,0
mult,369404,0
deserialize,958,0
mult,370166,0
deserialize,1087,0
mult,370711,0
deserialize,984,0
mult,372483,0
deserialize,849,0
mult,369577,0
deserialize,953,0
mult,369460,0
deserialize,877,0
mult,377661,0
deserialize,1177,0
mult,377862,0
deserialize,894,0
mult,379644,0
deserialize,1007,0
mult,384121,0
deserialize,869,0
mult,377408,0
deserialize,1107,0
mult,375335,0
deserialize,872,0
mult,377407,0
deserialize,1304,0
mult,373852,0
deserialize,842,0
mult,371375,0
deserialize,932,0
mult,369903,0
deserialize,889,0
mult,370056,0
deserialize,990,0
mult,375906,0
deserialize,938,0
mult,371140,0
deserialize,989,0
mult,373594,0
deserialize,855,0
mult,373335,0
deserialize,914,0
mult,370867,0
deserialize,857,0
mult,371377,0
deserialize,994,0
mult,373361,0
deserialize,881,0
mult,373224,0
gemm,9.47974e+08,0
wait_all,7.55788e+08,0
deserialize,2357,0
mult,373583,0
deserialize,1020,0
mult,370842,0
deserialize,850,0
mult,370748,0
deserialize,1240,0
mult,371438,0
deserialize,866,0
mult,370238,0
deserialize,869,0
mult,371368,0
deserialize,850,0
mult,370842,0
deserialize,1393,0
mult,377331,0
deserialize,1023,0
mult,369477,0
deserialize,1014,0
mult,371695,0
deserialize,904,0
mult,373123,0
deserialize,1003,0
mult,380366,0
deserialize,836,0
mult,378429,0
deserialize,920,0
mult,382993,0
deserialize,820,0
mult,375765,0
deserialize,871,0
mult,374248,0
deserialize,901,0
mult,377277,0
deserialize,890,0
mult,372179,0
deserialize,830,0
mult,378287,0
deserialize,1012,0
mult,369451,0
deserialize,890,0
mult,370440,0
deserialize,1046,0
mult,371109,0
deserialize,862,0
mult,371087,0
deserialize,880,0
mult,371619,0
deserialize,873,0
mult,372244,0
deserialize,877,0
mult,370863,0
deserialize,1020,0
mult,371457,0
deserialize,870,0
mult,369714,0
deserialize,943,0
mult,371091,0
deserialize,884,0
mult,375512,0
deserialize,1023,0
mult,370217,0
deserialize,910,0
mult,369592,0
deserialize,930,0
mult,369928,0
deserialize,913,0
mult,370285,0
deserialize,1074,0
mult,372106,0
deserialize,1038,0
mult,371887,0
deserialize,937,0
mult,378096,0
deserialize,886,0
mult,378550,0
deserialize,852,0
mult,383638,0
deserialize,881,0
mult,385017,0
deserialize,1074,0
mult,376004,0
deserialize,970,0
mult,376640,0
deserialize,836,0
mult,372412,0
deserialize,1101,0
mult,373195,0
deserialize,916,0
mult,370411,0
deserialize,868,0
mult,370535,0
deserialize,841,0
mult,371512,0
deserialize,867,0
mult,370802,0
deserialize,933,0
mult,371239,0
deserialize,860,0
mult,372664,0
deserialize,906,0
mult,376376,0
deserialize,1061,0
mult,371115,0
deserialize,1008,0
mult,370058,0
deserialize,895,0
mult,370902,0
deserialize,884,0
mult,369288,0
deserialize,952,0
mult,371539,0
deserialize,941,0
mult,369916,0
deserialize,930,0
mult,370526,0
deserialize,997,0
mult,1.69887e+06,0
deserialize,926,0
mult,1.78951e+06,0
deserialize,834,0
mult,1.62984e+06,0
deserialize,913,0
mult,1.3047e+06,0
deserialize,1070,0
mult,369560,0
deserialize,1129,0
mult,368787,0
deserialize,880,0
mult,381841,0
deserialize,847,0
mult,378930,0
deserialize,913,0
mult,380294,0
deserialize,834,0
mult,373417,0
deserialize,865,0
mult,372539,0
deserialize,943,0
mult,383551,0
deserialize,974,0
mult,369263,0
deserialize,903,0
mult,371906,0
deserialize,977,0
mult,369676,0
deserialize,923,0
mult,369240,0
deserialize,899,0
mult,371501,0
deserialize,1046,0
mult,370216,0
deserialize,905,0
mult,370815,0
deserialize,900,0
mult,371359,0
deserialize,955,0
mult,370269,0
deserialize,908,0
mult,370705,0
deserialize,870,0
mult,375850,0
deserialize,1089,0
mult,369803,0
deserialize,908,0
mult,368215,0
deserialize,882,0
mult,369235,0
deserialize,890,0
mult,370069,0
deserialize,825,0
mult,370026,0
deserialize,1159,0
mult,371111,0
deserialize,879,0
mult,372650,0
deserialize,1019,0
mult,373064,0
deserialize,984,0
mult,380906,0
deserialize,895,0
mult,384342,0
deserialize,1060,0
mult,380644,0
deserialize,963,0
mult,373213,0
deserialize,1018,0
mult,373721,0
deserialize,977,0
mult,377872,0
deserialize,1055,0
mult,371291,0
deserialize,897,0
mult,370504,0
deserialize,1033,0
mult,369148,0
deserialize,870,0
mult,369567,0
deserialize,943,0
mult,371187,0
deserialize,964,0
mult,369754,0
deserialize,951,0
mult,377087,0
deserialize,1022,0
mult,372224,0
deserialize,1054,0
mult,370482,0
deserialize,939,0
mult,370761,0
deserialize,1002,0
mult,370196,0
deserialize,851,0
mult,371619,0
deserialize,915,0
mult,369629,0
deserialize,889,0
mult,370159,0
deserialize,998,0
mult,369378,0
deserialize,905,0
mult,369345,0
deserialize,962,0
mult,370212,0
deserialize,911,0
mult,378234,0
deserialize,992,0
mult,371243,0
deserialize,960,0
mult,379291,0
deserialize,882,0
mult,377108,0
deserialize,868,0
mult,382402,0
deserialize,19311,0
mult,384274,0
deserialize,1011,0
mult,363342,0
deserialize,893,0
mult,357767,0
deserialize,853,0
mult,358295,0
deserialize,968,0
mult,358122,0
deserialize,976,0
mult,363947,0
deserialize,1077,0
mult,369312,0
deserialize,914,0
mult,363072,0
deserialize,933,0
mult,358954,0
deserialize,886,0
mult,364602,0
deserialize,966,0
mult,361622,0
deserialize,923,0
mult,362529,0
deserialize,997,0
mult,366067,0
deserialize,887,0
mult,360284,0
deserialize,960,0
mult,364104,0
deserialize,863,0
mult,367813,0
deserialize,949,0
mult,367619,0
deserialize,1060,0
mult,360675,0
deserialize,975,0
mult,357430,0
deserialize,904,0
mult,364211,0
deserialize,914,0
mult,360621,0
deserialize,1203,0
mult,359224,0
deserialize,913,0
mult,360407,0
deserialize,859,0
mult,359424,0
deserialize,857,0
mult,358939,0
deserialize,984,0
mult,360825,0
deserialize,877,0
mult,359138,0
deserialize,860,0
mult,363798,0
deserialize,1029,0
mult,356969,0
deserialize,907,0
mult,357111,0
deserialize,851,0
mult,358862,0
deserialize,880,0
mult,359698,0
deserialize,993,0
mult,364699,0
deserialize,960,0
mult,359741,0
deserialize,857,0
mult,364354,0
deserialize,880,0
mult,361715,0
deserialize,848,0
mult,364157,0
deserialize,943,0
mult,366636,0
deserialize,906,0
mult,366060,0
deserialize,1041,0
mult,362065,0
deserialize,865,0
mult,366848,0
deserialize,965,0
mult,361228,0
deserialize,886,0
mult,360625,0
deserialize,927,0
mult,358518,0
deserialize,886,0
mult,364797,0
deserialize,936,0
mult,359550,0
deserialize,901,0
mult,361011,0
deserialize,952,0
mult,359307,0
deserialize,884,0
mult,359148,0
deserialize,941,0
mult,360569,0
deserialize,963,0
mult,359506,0
deserialize,984,0
mult,358407,0
deserialize,930,0
mult,357550,0
deserialize,962,0
mult,357297,0
deserialize,859,0
mult,357922,0
deserialize,857,0
mult,358987,0
deserialize,930,0
mult,358847,0
deserialize,965,0
mult,363614,0
deserialize,865,0
mult,358719,0
deserialize,860,0
mult,364192,0
deserialize,879,0
mult,360558,0
deserialize,890,0
mult,369973,0
deserialize,1019,0
mult,365004,0
deserialize,903,0
mult,359725,0
deserialize,934,0
mult,363861,0
deserialize,864,0
mult,365294,0
deserialize,918,0
mult,363046,0
deserialize,900,0
mult,363631,0
deserialize,1262,0
mult,358861,0
deserialize,951,0
mult,363992,0
deserialize,953,0
mult,360271,0
deserialize,883,0
mult,361724,0
deserialize,912,0
mult,364518,0
deserialize,1346,0
mult,358817,0
deserialize,991,0
mult,360577,0
deserialize,945,0
mult,359731,0
deserialize,936,0
mult,359454,0
deserialize,969,0
mult,358231,0
deserialize,950,0
mult,357737,0
deserialize,845,0
mult,357849,0
deserialize,953,0
mult,358273,0
deserialize,866,0
mult,359621,0
deserialize,1093,0
mult,362726,0
deserialize,910,0
mult,366495,0
deserialize,1170,0
mult,362744,0
deserialize,978,0
mult,360749,0
deserialize,933,0
mult,365719,0
deserialize,943,0
mult,364641,0
deserialize,867,0
mult,360237,0
deserialize,965,0
mult,363110,0
deserialize,897,0
mult,364210,0
deserialize,875,0
mult,361998,0
deserialize,907,0
mult,366116,0
deserialize,1125,0
mult,358131,0
deserialize,901,0
mult,377774,0
deserialize,984,0
mult,359500,0
deserialize,1148,0
mult,361510,0
deserialize,948,0
mult,358400,0
deserialize,884,0
mult,359319,0
deserialize,1075,0
mult,360868,0
deserialize,833,0
mult,359680,0
deserialize,865,0
mult,359538,0
deserialize,869,0
mult,358782,0
deserialize,906,0
mult,358425,0
deserialize,860,0
mult,357458,0
deserialize,955,0
mult,364115,0
deserialize,1000,0
mult,357642,0
deserialize,921,0
mult,361329,0
deserialize,865,0
mult,360136,0
deserialize,987,0
mult,363052,0
deserialize,943,0
mult,359903,0
deserialize,935,0
mult,366438,0
deserialize,922,0
mult,363903,0
deserialize,1021,0
mult,361340,0
deserialize,1169,0
mult,363178,0
deserialize,988,0
mult,362629,0
deserialize,910,0
mult,368528,0
deserialize,994,0
mult,365290,0
deserialize,1011,0
mult,358114,0
deserialize,1003,0
mult,360849,0
deserialize,879,0
mult,359997,0
deserialize,1047,0
mult,362104,0
deserialize,858,0
mult,358003,0
deserialize,897,0
mult,358402,0
deserialize,871,0
mult,360815,0
deserialize,864,0
mult,359747,0
deserialize,826,0
mult,359437,0
deserialize,910,0
mult,365262,0
deserialize,987,0
mult,357827,0
deserialize,1103,0
mult,356965,0
deserialize,1133,0
mult,358151,0
deserialize,1055,0
mult,357906,0
deserialize,849,0
mult,360935,0
deserialize,971,0
mult,358455,0
deserialize,868,0
mult,364150,0
deserialize,910,0
mult,359278,0
deserialize,903,0
mult,365812,0
deserialize,1221,0
mult,362261,0
deserialize,906,0
mult,366248,0
deserialize,1016,0
mult,363346,0
deserialize,1019,0
mult,361780,0
deserialize,977,0
mult,362153,0
deserialize,969,0
mult,367031,0
deserialize,900,0
mult,358889,0
deserialize,947,0
mult,359526,0
deserialize,921,0
mult,359679,0
deserialize,1008,0
mult,362885,0
deserialize,852,0
mult,358415,0
deserialize,943,0
mult,357962,0
deserialize,991,0
mult,367098,0
deserialize,1024,0
mult,357319,0
deserialize,877,0
mult,358562,0
deserialize,920,0
mult,360130,0
deserialize,897,0
mult,357918,0
deserialize,997,0
mult,357085,0
deserialize,876,0
mult,357615,0
deserialize,1080,0
mult,357874,0
deserialize,1150,0
mult,359772,0
deserialize,875,0
mult,358751,0
deserialize,896,0
mult,363471,0
deserialize,866,0
mult,366275,0
deserialize,1139,0
mult,364707,0
deserialize,908,0
mult,361485,0
deserialize,1124,0
mult,360205,0
deserialize,1061,0
mult,365604,0
deserialize,1005,0
mult,359737,0
deserialize,1175,0
mult,363381,0
deserialize,922,0
mult,367275,0
deserialize,973,0
mult,359272,0
deserialize,1008,0
mult,360079,0
deserialize,949,0
mult,358443,0
deserialize,943,0
mult,369152,0
deserialize,944,0
mult,358117,0
deserialize,976,0
mult,358958,0
deserialize,920,0
mult,361215,0
deserialize,964,0
mult,358506,0
deserialize,869,0
mult,358390,0
deserialize,962,0
mult,359880,0
deserialize,860,0
mult,357154,0
deserialize,963,0
mult,357098,0
deserialize,853,0
mult,356988,0
deserialize,979,0
mult,357504,0
deserialize,886,0
mult,372229,0
deserialize,1021,0
mult,358645,0
deserialize,979,0
mult,363130,0
deserialize,938,0
mult,358487,0
deserialize,896,0
mult,363414,0
deserialize,889,0
mult,361752,0
deserialize,891,0
mult,361523,0
deserialize,975,0
mult,365541,0
deserialize,882,0
mult,358878,0
deserialize,1131,0
mult,362590,0
deserialize,893,0
mult,366765,0
deserialize,1503,0
mult,366820,0
deserialize,1010,0
mult,359587,0
deserialize,1062,0
mult,357484,0
deserialize,880,0
mult,363754,0
deserialize,947,0
mult,359020,0
deserialize,850,0
mult,358706,0
deserialize,899,0
mult,359837,0
deserialize,879,0
mult,357790,0
deserialize,858,0
mult,358375,0
deserialize,934,0
mult,360355,0
deserialize,846,0
mult,357983,0
deserialize,873,0
mult,364216,0
deserialize,1000,0
mult,357260,0
deserialize,952,0
mult,357063,0
deserialize,837,0
mult,357100,0
deserialize,900,0
mult,358159,0
deserialize,980,0
mult,363482,0
deserialize,960,0
mult,358492,0
deserialize,980,0
mult,363208,0
deserialize,950,0
mult,360403,0
deserialize,1158,0
mult,363843,0
deserialize,962,0
mult,365483,0
deserialize,944,0
mult,365736,0
deserialize,1320,0
mult,363090,0
deserialize,1050,0
mult,365915,0
deserialize,927,0
mult,361031,0
deserialize,890,0
mult,360871,0
deserialize,1000,0
mult,358263,0
deserialize,875,0
mult,362801,0
deserialize,854,0
mult,359174,0
deserialize,1060,0
mult,359519,0
deserialize,900,0
mult,358533,0
deserialize,816,0
mult,357731,0
deserialize,880,0
mult,365601,0
deserialize,1055,0
mult,360051,0
deserialize,1562,0
mult,357545,0
deserialize,864,0
mult,357192,0
deserialize,1159,0
mult,356721,0
deserialize,1097,0
mult,357499,0
deserialize,888,0
mult,356938,0
deserialize,1214,0
mult,357740,0
deserialize,872,0
mult,362555,0
deserialize,874,0
mult,359004,0
deserialize,936,0
mult,362155,0
deserialize,881,0
mult,365781,0
deserialize,1014,0
mult,363805,0
deserialize,974,0
mult,365937,0
deserialize,921,0
mult,359609,0
deserialize,1245,0
mult,362783,0
deserialize,890,0
mult,366036,0
deserialize,1216,0
mult,361356,0
deserialize,893,0
mult,361887,0
deserialize,950,0
mult,357557,0
deserialize,867,0
mult,362831,0
deserialize,934,0
mult,359584,0
deserialize,858,0
mult,366767,0
deserialize,1075,0
mult,358671,0
deserialize,896,0
mult,357670,0
deserialize,879,0
mult,359124,0
deserialize,894,0
mult,358059,0
deserialize,1082,0
mult,358771,0
deserialize,861,0
mult,356815,0
deserialize,893,0
mult,356931,0
deserialize,871,0
mult,356858,0
deserialize,1404,0
mult,356930,0
deserialize,1090,0
mult,357215,0
deserialize,973,0
mult,369264,0
deserialize,1013,0
mult,358902,0
deserialize,1116,0
mult,362944,0
deserialize,916,0
mult,358531,0
deserialize,896,0
mult,364907,0
deserialize,891,0
mult,364496,0
deserialize,878,0
mult,360403,0
deserialize,984,0
mult,361676,0
deserialize,860,0
mult,363225,0
deserialize,874,0
mult,360928,0
deserialize,936,0
mult,364264,0
deserialize,904,0
mult,500281,0
deserialize,1148,0
mult,361025,0
deserialize,883,0
mult,359310,0
deserialize,1154,0
mult,361083,0
deserialize,927,0
mult,357839,0
deserialize,880,0
mult,357392,0
deserialize,931,0
mult,359850,0
deserialize,877,0
mult,358511,0
deserialize,1126,0
mult,358462,0
deserialize,870,0
mult,358319,0
deserialize,949,0
mult,357156,0
deserialize,880,0
mult,364015,0
deserialize,1070,0
mult,357350,0
deserialize,912,0
mult,357038,0
deserialize,884,0
mult,361058,0
deserialize,922,0
mult,359668,0
deserialize,882,0
mult,362253,0
deserialize,890,0
mult,359073,0
deserialize,887,0
mult,364582,0
deserialize,998,0
mult,362181,0
deserialize,910,0
mult,360998,0
deserialize,944,0
mult,363678,0
deserialize,924,0
mult,367882,0
deserialize,1059,0
mult,361135,0
deserialize,948,0
mult,366214,0
deserialize,879,0
mult,358170,0
deserialize,905,0
mult,360666,0
deserialize,904,0
mult,359210,0
deserialize,854,0
mult,363000,0
deserialize,857,0
mult,357551,0
deserialize,873,0
mult,358125,0
deserialize,889,0
mult,361389,0
deserialize,912,0
mult,357844,0
deserialize,1199,0
mult,364128,0
deserialize,1001,0
mult,358268,0
deserialize,926,0
mult,357628,0
deserialize,878,0
mult,356810,0
deserialize,985,0
mult,357213,0
deserialize,824,0
mult,356962,0
deserialize,1260,0
mult,361395,0
deserialize,867,0
mult,358555,0
deserialize,992,0
mult,362914,0
deserialize,899,0
mult,358428,0
deserialize,958,0
mult,364708,0
deserialize,940,0
mult,368495,0
deserialize,1213,0
mult,359646,0
deserialize,937,0
mult,363182,0
deserialize,1078,0
mult,360853,0
deserialize,848,0
mult,361114,0
deserialize,901,0
mult,366114,0
deserialize,843,0
mult,358540,0
deserialize,966,0
mult,359044,0
deserialize,833,0
mult,359393,0
deserialize,1127,0
mult,362974,0
deserialize,851,0
mult,357331,0
deserialize,966,0
mult,364619,0
deserialize,988,0
mult,360315,0
deserialize,919,0
mult,357846,0
deserialize,1112,0
mult,358202,0
deserialize,898,0
mult,358717,0
deserialize,865,0
mult,357175,0
deserialize,888,0
mult,356919,0
deserialize,879,0
mult,357192,0
deserialize,880,0
mult,357190,0
deserialize,898,0
mult,359321,0
deserialize,907,0
mult,359341,0
deserialize,872,0
mult,368706,0
deserialize,1036,0
mult,358529,0
deserialize,907,0
mult,365150,0
deserialize,932,0
mult,362355,0
deserialize,915,0
mult,359925,0
deserialize,985,0
mult,366016,0
deserialize,1010,0
mult,359594,0
deserialize,959,0
mult,362614,0
deserialize,975,0
mult,366283,0
deserialize,1157,0
mult,359301,0
deserialize,956,0
mult,359177,0
deserialize,885,0
mult,364790,0
deserialize,1033,0
mult,362609,0
deserialize,1047,0
mult,356664,0
deserialize,926,0
mult,358281,0
deserialize,903,0
mult,360239,0
deserialize,881,0
mult,358558,0
deserialize,854,0
mult,358605,0
deserialize,878,0
mult,358349,0
deserialize,967,0
mult,357698,0
deserialize,1147,0
mult,357213,0
deserialize,887,0
mult,357349,0
deserialize,1023,0
mult,362654,0
deserialize,1011,0
mult,357895,0
deserialize,1066,0
mult,358305,0
deserialize,1202,0
mult,364028,0
deserialize,1194,0
mult,358058,0
deserialize,894,0
mult,364305,0
deserialize,1123,0
mult,361315,0
deserialize,1000,0
mult,361429,0
deserialize,1013,0
mult,365282,0
deserialize,889,0
mult,358862,0
deserialize,865,0
mult,362776,0
deserialize,1054,0
mult,373598,0
deserialize,944,0
mult,359287,0
deserialize,975,0
mult,359649,0
deserialize,896,0
mult,358160,0
deserialize,933,0
mult,363361,0
deserialize,901,0
mult,357874,0
deserialize,935,0
mult,358621,0
deserialize,873,0
mult,359530,0
deserialize,1050,0
mult,357735,0
deserialize,867,0
mult,358294,0
deserialize,940,0
mult,358992,0
deserialize,858,0
mult,362551,0
deserialize,1132,0
mult,357325,0
deserialize,894,0
mult,356925,0
deserialize,977,0
mult,357003,0
deserialize,909,0
mult,356987,0
deserialize,891,0
mult,358365,0
deserialize,921,0
mult,362771,0
deserialize,978,0
mult,357958,0
deserialize,925,0
mult,363140,0
deserialize,1138,0
mult,360192,0
deserialize,911,0
mult,362658,0
deserialize,934,0
mult,371832,0
deserialize,1040,0
mult,358639,0
deserialize,1026,0
mult,362241,0
deserialize,939,0
mult,366232,0
gemm,9.44264e+08,0
wait_all,7.36614e+08,0
deserialize,2413,0
mult,394431,0
deserialize,1114,0
mult,387383,0
deserialize,871,0
mult,401015,0
deserialize,1045,0
mult,384778,0
deserialize,981,0
mult,382722,0
deserialize,931,0
mult,381276,0
deserialize,867,0
mult,382340,0
deserialize,916,0
mult,383097,0
deserialize,901,0
mult,381997,0
deserialize,891,0
mult,382982,0
deserialize,860,0
mult,381317,0
deserialize,936,0
mult,381370,0
deserialize,838,0
mult,380838,0
deserialize,1002,0
mult,386978,0
deserialize,942,0
mult,380389,0
deserialize,928,0
mult,380964,0
deserialize,876,0
mult,382624,0
deserialize,909,0
mult,383832,0
deserialize,801,0
mult,386218,0
deserialize,1106,0
mult,386367,0
deserialize,830,0
mult,393329,0
deserialize,909,0
mult,388018,0
deserialize,866,0
mult,396997,0
deserialize,910,0
mult,397059,0
deserialize,984,0
mult,396966,0
deserialize,883,0
mult,389486,0
deserialize,890,0
mult,387194,0
deserialize,934,0
mult,395323,0
deserialize,953,0
mult,386454,0
deserialize,882,0
mult,385743,0
deserialize,904,0
mult,380648,0
deserialize,892,0
mult,381573,0
deserialize,1206,0
mult,383959,0
deserialize,900,0
mult,388354,0
deserialize,1097,0
mult,381761,0
deserialize,929,0
mult,380943,0
deserialize,959,0
mult,380786,0
deserialize,891,0
mult,380753,0
deserialize,811,0
mult,380281,0
deserialize,880,0
mult,381484,0
deserialize,883,0
mult,381231,0
deserialize,870,0
mult,382554,0
deserialize,862,0
mult,383635,0
deserialize,891,0
mult,384382,0
deserialize,867,0
mult,391930,0
deserialize,1088,0
mult,392203,0
deserialize,892,0
mult,387438,0
deserialize,839,0
mult,395246,0
deserialize,959,0
mult,391626,0
deserialize,914,0
mult,398300,0
deserialize,903,0
mult,388771,0
deserialize,908,0
mult,385642,0
deserialize,1012,0
mult,393900,0
deserialize,900,0
mult,387178,0
deserialize,921,0
mult,393221,0
deserialize,1023,0
mult,380928,0
deserialize,908,0
mult,380573,0
deserialize,999,0
mult,389597,0
deserialize,978,0
mult,1.69255e+06,0
deserialize,938,0
mult,1.81137e+06,0
deserialize,1140,0
mult,1.64509e+06,0
deserialize,844,0
mult,1.31166e+06,0
deserialize,1046,0
mult,390826,0
deserialize,1073,0
mult,392814,0
deserialize,993,0
mult,380141,0
deserialize,850,0
mult,380636,0
deserialize,946,0
mult,380759,0
deserialize,841,0
mult,381323,0
deserialize,936,0
mult,381306,0
deserialize,933,0
mult,383075,0
deserialize,862,0
mult,383328,0
deserialize,880,0
mult,387162,0
deserialize,1073,0
mult,392709,0
deserialize,1060,0
mult,393375,0
deserialize,935,0
mult,387425,0
deserialize,874,0
mult,397573,0
deserialize,913,0
mult,390239,0
deserialize,919,0
mult,393212,0
deserialize,912,0
mult,390784,0
deserialize,866,0
mult,387031,0
deserialize,914,0
mult,393961,0
deserialize,1036,0
mult,382343,0
deserialize,863,0
mult,380911,0
deserialize,881,0
mult,387447,0
deserialize,1047,0
mult,381654,0
deserialize,990,0
mult,383026,0
deserialize,950,0
mult,380755,0
deserialize,864,0
mult,382093,0
deserialize,1055,0
mult,380742,0
deserialize,974,0
mult,380533,0
deserialize,934,0
mult,380481,0
deserialize,928,0
mult,380957,0
deserialize,870,0
mult,380684,0
deserialize,930,0
mult,387767,0
deserialize,1023,0
mult,382240,0
deserialize,1132,0
mult,383827,0
deserialize,893,0
mult,386392,0
deserialize,960,0
mult,385567,0
deserialize,914,0
mult,392522,0
deserialize,942,0
mult,387684,0
deserialize,927,0
mult,396434,0
deserialize,950,0
mult,390883,0
deserialize,977,0
mult,396081,0
deserialize,909,0
mult,395026,0
deserialize,1120,0
mult,386562,0
deserialize,1077,0
mult,393469,0
deserialize,873,0
mult,384961,0
deserialize,905,0
mult,383551,0
deserialize,940,0
mult,381977,0
deserialize,1372,0
mult,381806,0
deserialize,895,0
mult,383438,0
deserialize,943,0
mult,382034,0
deserialize,932,0
mult,382124,0
deserialize,971,0
mult,380935,0
deserialize,908,0
mult,385975,0
deserialize,1065,0
mult,380058,0
deserialize,895,0
mult,380709,0
deserialize,18672,0
mult,384757,0
deserialize,1038,0
mult,402461,0
deserialize,904,0
mult,392921,0
deserialize,962,0
mult,392771,0
deserialize,886,0
mult,393013,0
deserialize,887,0
mult,394263,0
deserialize,898,0
mult,394241,0
deserialize,913,0
mult,400778,0
deserialize,1066,0
mult,393164,0
deserialize,1048,0
mult,394004,0
deserialize,953,0
mult,397649,0
deserialize,880,0
mult,397534,0
deserialize,940,0
mult,405627,0
deserialize,913,0
mult,399253,0
deserialize,1064,0
mult,400526,0
deserialize,910,0
mult,408964,0
deserialize,942,0
mult,403867,0
deserialize,967,0
mult,411261,0
deserialize,949,0
mult,396148,0
deserialize,1005,0
mult,394731,0
deserialize,1096,0
mult,394971,0
deserialize,1003,0
mult,393223,0
deserialize,956,0
mult,394310,0
deserialize,890,0
mult,393470,0
deserialize,1015,0
mult,393620,0
deserialize,898,0
mult,393571,0
deserialize,872,0
mult,393197,0
deserialize,883,0
mult,400555,0
deserialize,1022,0
mult,393254,0
deserialize,1220,0
mult,392888,0
deserialize,871,0
mult,393940,0
deserialize,875,0
mult,394506,0
deserialize,1053,0
mult,394718,0
deserialize,1160,0
mult,393892,0
deserialize,840,0
mult,394431,0
deserialize,961,0
mult,396174,0
deserialize,850,0
mult,396244,0
deserialize,950,0
mult,412096,0
deserialize,1031,0
mult,397085,0
deserialize,946,0
mult,399352,0
deserialize,944,0
mult,409337,0
deserialize,1025,0
mult,405035,0
deserialize,901,0
mult,406140,0
deserialize,1220,0
mult,396663,0
deserialize,1102,0
mult,395672,0
deserialize,1150,0
mult,394999,0
deserialize,872,0
mult,393129,0
deserialize,943,0
mult,399634,0
deserialize,1014,0
mult,392360,0
deserialize,1064,0
mult,393323,0
deserialize,906,0
mult,393411,0
deserialize,911,0
mult,393705,0
deserialize,874,0
mult,393652,0
deserialize,1205,0
mult,393246,0
deserialize,830,0
mult,393474,0
deserialize,888,0
mult,394542,0
deserialize,1073,0
mult,394481,0
deserialize,897,0
mult,400811,0
deserialize,1013,0
mult,393241,0
deserialize,950,0
mult,392964,0
deserialize,897,0
mult,393917,0
deserialize,912,0
mult,395537,0
deserialize,873,0
mult,404646,0
deserialize,943,0
mult,398392,0
deserialize,907,0
mult,400287,0
deserialize,934,0
mult,407530,0
deserialize,886,0
mult,404191,0
deserialize,963,0
mult,413454,0
deserialize,1083,0
mult,398336,0
deserialize,1131,0
mult,396316,0
deserialize,1160,0
mult,393546,0
deserialize,895,0
mult,393261,0
deserialize,903,0
mult,393848,0
deserialize,1223,0
mult,392674,0
deserialize,933,0
mult,393162,0
deserialize,986,0
mult,392620,0
deserialize,944,0
mult,392632,0
deserialize,933,0
mult,399023,0
deserialize,1008,0
mult,392215,0
deserialize,926,0
mult,392384,0
deserialize,920,0
mult,394032,0
deserialize,963,0
mult,393987,0
deserialize,968,0
mult,395758,0
deserialize,887,0
mult,393393,0
deserialize,887,0
mult,394898,0
deserialize,972,0
mult,393398,0
deserialize,877,0
mult,393980,0
deserialize,943,0
mult,409562,0
deserialize,1050,0
mult,398880,0
deserialize,1175,0
mult,401941,0
deserialize,861,0
mult,407126,0
deserialize,1100,0
mult,404305,0
deserialize,889,0
mult,409764,0
deserialize,1023,0
mult,398443,0
deserialize,930,0
mult,397619,0
deserialize,879,0
mult,394088,0
deserialize,898,0
mult,393574,0
deserialize,939,0
mult,401281,0
deserialize,995,0
mult,393059,0
deserialize,1029,0
mult,393618,0
deserialize,816,0
mult,392339,0
deserialize,973,0
mult,393859,0
deserialize,903,0
mult,392695,0
deserialize,927,0
mult,392532,0
deserialize,851,0
mult,393838,0
deserialize,988,0
mult,394124,0
deserialize,835,0
mult,393551,0
deserialize,1009,0
mult,400230,0
deserialize,1005,0
mult,393401,0
deserialize,981,0
mult,394084,0
deserialize,893,0
mult,393136,0
deserialize,963,0
mult,394080,0
deserialize,905,0
mult,403595,0
deserialize,1044,0
mult,399370,0
deserialize,869,0
mult,403340,0
deserialize,987,0
mult,404663,0
deserialize,894,0
mult,404208,0
deserialize,1032,0
mult,415851,0
deserialize,992,0
mult,399092,0
deserialize,951,0
mult,399636,0
deserialize,1070,0
mult,394020,0
deserialize,999,0
mult,393067,0
deserialize,860,0
mult,394011,0
deserialize,1347,0
mult,392612,0
deserialize,907,0
mult,394019,0
deserialize,903,0
mult,392816,0
deserialize,834,0
mult,392946,0
deserialize,893,0
mult,398588,0
deserialize,1080,0
mult,392770,0
deserialize,1041,0
mult,392692,0
deserialize,873,0
mult,392746,0
deserialize,994,0
mult,393451,0
deserialize,1150,0
mult,394790,0
deserialize,1042,0
mult,394135,0
deserialize,870,0
mult,394958,0
deserialize,888,0
mult,394047,0
deserialize,1070,0
mult,392987,0
deserialize,936,0
mult,407489,0
deserialize,1020,0
mult,398470,0
deserialize,954,0
mult,404574,0
deserialize,919,0
mult,402326,0
deserialize,970,0
mult,402166,0
deserialize,1185,0
mult,410548,0
deserialize,874,0
mult,401095,0
deserialize,934,0
mult,400908,0
deserialize,900,0
mult,394782,0
deserialize,1134,0
mult,394065,0
deserialize,880,0
mult,401763,0
deserialize,1040,0
mult,392886,0
deserialize,1295,0
mult,393404,0
deserialize,956,0
mult,393001,0
deserialize,875,0
mult,392594,0
deserialize,879,0
mult,392324,0
deserialize,904,0
mult,392507,0
deserialize,876,0
mult,392871,0
deserialize,885,0
mult,393350,0
deserialize,1193,0
mult,393128,0
deserialize,877,0
mult,400911,0
deserialize,1020,0
mult,393738,0
deserialize,966,0
mult,394618,0
deserialize,888,0
mult,394076,0
deserialize,919,0
mult,392908,0
deserialize,883,0
mult,399594,0
deserialize,963,0
mult,398170,0
deserialize,959,0
mult,404996,0
deserialize,1032,0
mult,400007,0
deserialize,885,0
mult,401241,0
deserialize,929,0
mult,415193,0
deserialize,1077,0
mult,401402,0
deserialize,1145,0
mult,402407,0
deserialize,1058,0
mult,394594,0
deserialize,958,0
mult,393055,0
deserialize,852,0
mult,393994,0
deserialize,1395,0
mult,392689,0
deserialize,825,0
mult,393391,0
deserialize,967,0
mult,391797,0
deserialize,862,0
mult,392624,0
deserialize,972,0
mult,399069,0
deserialize,1010,0
mult,391739,0
deserialize,1039,0
mult,392064,0
deserialize,890,0
mult,393067,0
deserialize,1173,0
mult,393122,0
deserialize,926,0
mult,394052,0
deserialize,955,0
mult,394513,0
deserialize,916,0
mult,395065,0
deserialize,914,0
mult,393546,0
deserialize,882,0
mult,392758,0
deserialize,905,0
mult,411952,0
deserialize,1007,0
mult,397530,0
deserialize,1040,0
mult,404610,0
deserialize,857,0
mult,398416,0
deserialize,906,0
mult,400133,0
deserialize,908,0
mult,409166,0
deserialize,1062,0
mult,402151,0
deserialize,961,0
mult,403851,0
deserialize,961,0
mult,395557,0
deserialize,870,0
mult,393758,0
deserialize,1027,0
mult,398956,0
deserialize,984,0
mult,392171,0
deserialize,919,0
mult,394137,0
deserialize,1029,0
mult,391949,0
deserialize,894,0
mult,393005,0
deserialize,1065,0
mult,392279,0
deserialize,865,0
mult,391674,0
deserialize,858,0
mult,392111,0
deserialize,865,0
mult,393014,0
deserialize,901,0
mult,392154,0
deserialize,853,0
mult,399750,0
deserialize,968,0
mult,393499,0
deserialize,1009,0
mult,393962,0
deserialize,947,0
mult,392998,0
deserialize,941,0
mult,392651,0
deserialize,1005,0
mult,395293,0
deserialize,904,0
mult,395768,0
deserialize,946,0
mult,404148,0
deserialize,930,0
mult,397047,0
deserialize,1019,0
mult,398090,0
deserialize,910,0
mult,414012,0
deserialize,1026,0
mult,402135,0
deserialize,917,0
mult,405663,0
deserialize,897,0
mult,396215,0
deserialize,888,0
mult,394464,0
deserialize,909,0
mult,393700,0
deserialize,877,0
mult,392410,0
deserialize,905,0
mult,393280,0
deserialize,984,0
mult,392944,0
deserialize,891,0
mult,392628,0
deserialize,961,0
mult,398177,0
deserialize,1140,0
mult,392836,0
deserialize,1071,0
mult,391544,0
deserialize,866,0
mult,392798,0
deserialize,899,0
mult,393045,0
deserialize,880,0
mult,394199,0
deserialize,974,0
mult,393605,0
deserialize,869,0
mult,394215,0
deserialize,913,0
mult,393753,0
deserialize,864,0
mult,393926,0
deserialize,904,0
mult,393481,0
deserialize,1203,0
mult,399860,0
deserialize,1010,0
mult,404269,0
deserialize,974,0
mult,397486,0
deserialize,993,0
mult,399921,0
deserialize,903,0
mult,406822,0
deserialize,993,0
mult,402816,0
deserialize,867,0
mult,407701,0
deserialize,960,0
mult,397257,0
deserialize,894,0
mult,395081,0
deserialize,981,0
mult,392873,0
deserialize,848,0
mult,398103,0
deserialize,1114,0
mult,393590,0
deserialize,898,0
mult,392349,0
deserialize,903,0
mult,392574,0
deserialize,915,0
mult,392327,0
deserialize,900,0
mult,392138,0
deserialize,879,0
mult,391950,0
deserialize,874,0
mult,392337,0
deserialize,865,0
mult,392791,0
deserialize,991,0
mult,394057,0
deserialize,866,0
mult,400466,0
deserialize,1402,0
mult,393908,0
deserialize,891,0
mult,394176,0
deserialize,989,0
mult,393789,0
deserialize,916,0
mult,392488,0
deserialize,934,0
mult,393312,0
deserialize,903,0
mult,403196,0
deserialize,1035,0
mult,398164,0
deserialize,909,0
mult,401254,0
deserialize,1027,0
mult,405736,0
deserialize,853,0
mult,408318,0
deserialize,1234,0
mult,408543,0
deserialize,933,0
mult,398366,0
deserialize,894,0
mult,397255,0
deserialize,1023,0
mult,393973,0
deserialize,950,0
mult,392926,0
deserialize,917,0
mult,393393,0
deserialize,997,0
mult,393510,0
deserialize,961,0
mult,392816,0
deserialize,871,0
mult,392381,0
deserialize,963,0
mult,399747,0
deserialize,1030,0
mult,392251,0
deserialize,974,0
mult,393042,0
deserialize,917,0
mult,392074,0
deserialize,947,0
mult,392895,0
deserialize,910,0
mult,393574,0
deserialize,897,0
mult,394758,0
deserialize,910,0
mult,393280,0
deserialize,873,0
mult,393771,0
deserialize,905,0
mult,392806,0
deserialize,907,0
mult,397919,0
deserialize,1024,0
mult,402474,0
deserialize,914,0
mult,398778,0
deserialize,1018,0
mult,402883,0
deserialize,912,0
mult,404198,0
deserialize,941,0
mult,402787,0
deserialize,952,0
mult,409293,0
deserialize,904,0
mult,399614,0
deserialize,861,0
mult,398725,0
deserialize,1235,0
mult,393385,0
deserialize,890,0
mult,398505,0
deserialize,1106,0
mult,393647,0
deserialize,905,0
mult,393161,0
deserialize,890,0
mult,393391,0
deserialize,867,0
mult,391883,0
deserialize,927,0
mult,392149,0
deserialize,883,0
mult,391813,0
deserialize,997,0
mult,392413,0
deserialize,886,0
mult,392153,0
deserialize,1065,0
mult,393191,0
deserialize,887,0
mult,398083,0
deserialize,1383,0
mult,394326,0
deserialize,900,0
mult,393625,0
deserialize,974,0
mult,394009,0
deserialize,851,0
mult,392385,0
deserialize,1033,0
mult,393358,0
deserialize,937,0
mult,401024,0
deserialize,1090,0
mult,397878,0
deserialize,876,0
mult,404561,0
deserialize,1094,0
mult,401997,0
deserialize,1138,0
mult,407115,0
deserialize,997,0
mult,409591,0
deserialize,970,0
mult,400666,0
deserialize,895,0
mult,399737,0
deserialize,856,0
mult,393858,0
deserialize,1007,0
mult,392713,0
deserialize,849,0
mult,393156,0
deserialize,1096,0
mult,393207,0
deserialize,876,0
mult,393441,0
deserialize,897,0
mult,392281,0
deserialize,840,0
mult,397791,0
deserialize,1453,0
mult,392373,0
deserialize,891,0
mult,392267,0
deserialize,895,0
mult,391611,0
deserialize,877,0
mult,392851,0
deserialize,1047,0
mult,392675,0
deserialize,886,0
mult,394189,0
deserialize,910,0
mult,393568,0
deserialize,873,0
mult,393701,0
deserialize,912,0
mult,392704,0
deserialize,1079,0
mult,398555,0
deserialize,1057,0
mult,398883,0
deserialize,954,0
mult,397194,0
deserialize,1122,0
mult,405038,0
deserialize,1255,0
mult,400699,0
deserialize,878,0
mult,401607,0
deserialize,951,0
mult,409879,0
deserialize,1115,0
mult,401213,0
deserialize,961,0
mult,402460,0
deserialize,884,0
mult,394394,0
deserialize,938,0
mult,398984,0
deserialize,1074,0
mult,393419,0
deserialize,941,0
mult,392361,0
deserialize,943,0
mult,393109,0
deserialize,849,0
mult,391787,0
deserialize,899,0
mult,391922,0
deserialize,892,0
mult,392304,0
deserialize,987,0
mult,392108,0
deserialize,870,0
mult,392067,0
deserialize,901,0
mult,392972,0
deserialize,916,0
mult,399171,0
deserialize,1047,0
mult,394270,0
deserialize,1010,0
mult,393277,0
deserialize,1220,0
mult,394147,0
deserialize,926,0
mult,393674,0
deserialize,928,0
mult,393040,0
deserialize,910,0
mult,397435,0
deserialize,920,0
mult,396212,0
deserialize,883,0
mult,405048,0
deserialize,896,0
mult,398324,0
deserialize,833,0
mult,405787,0
deserialize,1020,0
mult,408191,0
deserialize,878,0
mult,402264,0
deserialize,963,0
mult,404562,0
deserialize,874,0
mult,395809,0
deserialize,888,0
mult,393874,0
deserialize,847,0
mult,393609,0
deserialize,950,0
mult,392739,0
deserialize,1061,0
mult,394128,0
deserialize,1062,0
mult,392326,0
deserialize,860,0
mult,398540,0
deserialize,1137,0
mult,391858,0
deserialize,1115,0
mult,392222,0
deserialize,947,0
mult,392537,0
deserialize,1127,0
mult,392888,0
deserialize,974,0
mult,392388,0
deserialize,878,0
mult,393435,0
deserialize,926,0
mult,393089,0
deserialize,907,0
mult,394291,0
deserialize,1028,0
mult,392575,0
deserialize,825,0
mult,398952,0
deserialize,1130,0
mult,395768,0
deserialize,1010,0
mult,395272,0
deserialize,948,0
mult,404732,0
deserialize,884,0
mult,397232,0
deserialize,1160,0
mult,398443,0
deserialize,876,0
mult,408011,0
gemm,8.99732e+08,0
wait_all,7.05088e+08,0
deserialize,2836,0
mult,408644,0
deserialize,1094,0
mult,400601,0
deserialize,897,0
mult,402318,0
deserialize,1073,0
mult,410264,0
deserialize,859,0
mult,408773,0
deserialize,1017,0
mult,403077,0
deserialize,922,0
mult,394971,0
deserialize,902,0
mult,393874,0
deserialize,926,0
mult,393626,0
deserialize,861,0
mult,393937,0
deserialize,963,0
mult,392665,0
deserialize,924,0
mult,393737,0
deserialize,916,0
mult,395976,0
deserialize,913,0
mult,393423,0
deserialize,1057,0
mult,400039,0
deserialize,1023,0
mult,392392,0
deserialize,1238,0
mult,393791,0
deserialize,896,0
mult,394452,0
deserialize,862,0
mult,394709,0
deserialize,860,0
mult,394177,0
deserialize,1057,0
mult,395227,0
deserialize,860,0
mult,394416,0
deserialize,875,0
mult,394093,0
deserialize,907,0
mult,397870,0
deserialize,933,0
mult,403516,0
deserialize,1020,0
mult,405644,0
deserialize,1049,0
mult,398968,0
deserialize,871,0
mult,400901,0
deserialize,1016,0
mult,409583,0
deserialize,871,0
mult,403724,0
deserialize,977,0
mult,404504,0
deserialize,867,0
mult,396595,0
deserialize,949,0
mult,395568,0
deserialize,978,0
mult,394446,0
deserialize,1180,0
mult,400424,0
deserialize,946,0
mult,392361,0
deserialize,929,0
mult,393144,0
deserialize,905,0
mult,394318,0
deserialize,804,0
mult,393025,0
deserialize,1195,0
mult,393877,0
deserialize,860,0
mult,393474,0
deserialize,890,0
mult,393297,0
deserialize,853,0
mult,393589,0
deserialize,981,0
mult,395412,0
deserialize,871,0
mult,401131,0
deserialize,1049,0
mult,394307,0
deserialize,894,0
mult,393831,0
deserialize,843,0
mult,394258,0
deserialize,933,0
mult,396498,0
deserialize,863,0
mult,396855,0
deserialize,883,0
mult,405214,0
deserialize,929,0
mult,398371,0
deserialize,1074,0
mult,400081,0
deserialize,885,0
mult,408325,0
deserialize,1123,0
mult,408807,0
deserialize,1060,0
mult,406094,0
deserialize,880,0
mult,393239,0
deserialize,890,0
mult,393501,0
deserialize,1059,0
mult,1.68895e+06,0
deserialize,901,0
mult,1.80725e+06,0
deserialize,923,0
mult,1.61591e+06,0
deserialize,923,0
mult,1.29781e+06,0
deserialize,1076,0
mult,409098,0
deserialize,1128,0
mult,393880,0
deserialize,928,0
mult,392926,0
deserialize,865,0
mult,393681,0
deserialize,921,0
mult,392240,0
deserialize,1154,0
mult,392280,0
deserialize,873,0
mult,391996,0
deserialize,945,0
mult,393577,0
deserialize,873,0
mult,393762,0
deserialize,887,0
mult,395024,0
deserialize,940,0
mult,399480,0
deserialize,1054,0
mult,394119,0
deserialize,900,0
mult,393073,0
deserialize,999,0
mult,392148,0
deserialize,887,0
mult,401116,0
deserialize,902,0
mult,398237,0
deserialize,865,0
mult,404980,0
deserialize,938,0
mult,402176,0
deserialize,863,0
mult,402545,0
deserialize,888,0
mult,410112,0
deserialize,853,0
mult,406987,0
deserialize,1041,0
mult,400478,0
deserialize,919,0
mult,394087,0
deserialize,850,0
mult,393091,0
deserialize,937,0
mult,392762,0
deserialize,922,0
mult,393378,0
deserialize,1473,0
mult,392751,0
deserialize,1006,0
mult,392508,0
deserialize,892,0
mult,394458,0
deserialize,951,0
mult,393352,0
deserialize,888,0
mult,400310,0
deserialize,1400,0
mult,392152,0
deserialize,932,0
mult,392577,0
deserialize,1214,0
mult,393851,0
deserialize,850,0
mult,394517,0
deserialize,981,0
mult,393076,0
deserialize,940,0
mult,394596,0
deserialize,1297,0
mult,393214,0
deserialize,941,0
mult,392810,0
deserialize,1032,0
mult,399954,0
deserialize,884,0
mult,417037,0
deserialize,1216,0
mult,405125,0
deserialize,960,0
mult,400784,0
deserialize,1136,0
mult,401311,0
deserialize,857,0
mult,409995,0
deserialize,935,0
mult,402117,0
deserialize,914,0
mult,402670,0
deserialize,1254,0
mult,395183,0
deserialize,854,0
mult,393330,0
deserialize,960,0
mult,393234,0
deserialize,893,0
mult,398108,0
deserialize,1104,0
mult,392160,0
deserialize,1097,0
mult,391997,0
deserialize,887,0
mult,394546,0
deserialize,886,0
mult,392794,0
deserialize,19303,0
mult,385298,0
deserialize,1170,0
mult,363188,0
deserialize,850,0
mult,357323,0
deserialize,881,0
mult,357228,0
deserialize,875,0
mult,357534,0
deserialize,985,0
mult,369260,0
deserialize,1022,0
mult,357935,0
deserialize,1147,0
mult,363009,0
deserialize,896,0
mult,357825,0
deserialize,943,0
mult,357630,0
deserialize,970,0
mult,360922,0
deserialize,881,0
mult,359042,0
deserialize,954,0
mult,366154,0
deserialize,920,0
mult,358561,0
deserialize,936,0
mult,359242,0
deserialize,1034,0
mult,367801,0
deserialize,955,0
mult,366691,0
deserialize,1067,0
mult,362881,0
deserialize,969,0
mult,359658,0
deserialize,953,0
mult,365231,0
deserialize,898,0
mult,362550,0
deserialize,895,0
mult,360644,0
deserialize,925,0
mult,362733,0
deserialize,876,0
mult,359509,0
deserialize,955,0
mult,360005,0
deserialize,873,0
mult,360220,0
deserialize,887,0
mult,358283,0
deserialize,883,0
mult,363364,0
deserialize,1007,0
mult,356682,0
deserialize,999,0
mult,357268,0
deserialize,854,0
mult,358345,0
deserialize,879,0
mult,358972,0
deserialize,916,0
mult,363555,0
deserialize,877,0
mult,358248,0
deserialize,872,0
mult,358045,0
deserialize,981,0
mult,360771,0
deserialize,860,0
mult,358948,0
deserialize,954,0
mult,366608,0
deserialize,923,0
mult,364471,0
deserialize,1251,0
mult,357919,0
deserialize,957,0
mult,365624,0
deserialize,990,0
mult,361231,0
deserialize,873,0
mult,364211,0
deserialize,1311,0
mult,359122,0
deserialize,884,0
mult,366275,0
deserialize,977,0
mult,361543,0
deserialize,914,0
mult,360549,0
deserialize,967,0
mult,361501,0
deserialize,1022,0
mult,359849,0
deserialize,951,0
mult,366984,0
deserialize,978,0
mult,359048,0
deserialize,931,0
mult,357297,0
deserialize,853,0
mult,357815,0
deserialize,1150,0
mult,357134,0
deserialize,864,0
mult,357181,0
deserialize,913,0
mult,358135,0
deserialize,865,0
mult,358388,0
deserialize,941,0
mult,363070,0
deserialize,855,0
mult,358667,0
deserialize,948,0
mult,358677,0
deserialize,856,0
mult,359774,0
deserialize,901,0
mult,368552,0
deserialize,1023,0
mult,364775,0
deserialize,1241,0
mult,359037,0
deserialize,859,0
mult,360361,0
deserialize,881,0
mult,364428,0
deserialize,882,0
mult,361671,0
deserialize,1139,0
mult,363626,0
deserialize,875,0
mult,358460,0
deserialize,1260,0
mult,364786,0
deserialize,967,0
mult,362075,0
deserialize,903,0
mult,367433,0
deserialize,1031,0
mult,367291,0
deserialize,1062,0
mult,359327,0
deserialize,1006,0
mult,361315,0
deserialize,1142,0
mult,360025,0
deserialize,980,0
mult,358210,0
deserialize,986,0
mult,358365,0
deserialize,946,0
mult,357534,0
deserialize,861,0
mult,358098,0
deserialize,960,0
mult,357550,0
deserialize,930,0
mult,357573,0
deserialize,938,0
mult,361242,0
deserialize,894,0
mult,367075,0
deserialize,957,0
mult,358764,0
deserialize,1010,0
mult,358775,0
deserialize,999,0
mult,358165,0
deserialize,921,0
mult,364102,0
deserialize,880,0
mult,361478,0
deserialize,996,0
mult,361029,0
deserialize,923,0
mult,362811,0
deserialize,910,0
mult,361782,0
deserialize,893,0
mult,365235,0
deserialize,893,0
mult,358199,0
deserialize,910,0
mult,369571,0
deserialize,1040,0
mult,360938,0
deserialize,887,0
mult,361853,0
deserialize,887,0
mult,360412,0
deserialize,861,0
mult,359451,0
deserialize,969,0
mult,361957,0
deserialize,847,0
mult,359325,0
deserialize,915,0
mult,359350,0
deserialize,841,0
mult,357881,0
deserialize,945,0
mult,356969,0
deserialize,870,0
mult,357178,0
deserialize,1117,0
mult,363636,0
deserialize,986,0
mult,357103,0
deserialize,938,0
mult,360500,0
deserialize,888,0
mult,359253,0
deserialize,1069,0
mult,360575,0
deserialize,860,0
mult,358133,0
deserialize,1232,0
mult,358774,0
deserialize,910,0
mult,362864,0
deserialize,1220,0
mult,360085,0
deserialize,864,0
mult,362284,0
deserialize,1250,0
mult,362528,0
deserialize,865,0
mult,367498,0
deserialize,1380,0
mult,366222,0
deserialize,884,0
mult,357834,0
deserialize,895,0
mult,363938,0
deserialize,868,0
mult,362076,0
deserialize,981,0
mult,363532,0
deserialize,889,0
mult,360874,0
deserialize,1140,0
mult,358428,0
deserialize,944,0
mult,361753,0
deserialize,926,0
mult,358295,0
deserialize,837,0
mult,358904,0
deserialize,885,0
mult,364725,0
deserialize,1292,0
mult,356587,0
deserialize,1023,0
mult,356904,0
deserialize,1091,0
mult,357571,0
deserialize,1117,0
mult,356775,0
deserialize,1024,0
mult,360620,0
deserialize,907,0
mult,358555,0
deserialize,860,0
mult,360425,0
deserialize,1393,0
mult,357702,0
deserialize,1054,0
mult,358298,0
deserialize,980,0
mult,361841,0
deserialize,900,0
mult,366467,0
deserialize,1226,0
mult,364117,0
deserialize,999,0
mult,360703,0
deserialize,1020,0
mult,361163,0
deserialize,953,0
mult,366774,0
deserialize,1044,0
mult,359004,0
deserialize,970,0
mult,363190,0
deserialize,983,0
mult,359869,0
deserialize,959,0
mult,364373,0
deserialize,866,0
mult,360663,0
deserialize,961,0
mult,358122,0
deserialize,888,0
mult,368562,0
deserialize,1036,0
mult,357638,0
deserialize,896,0
mult,358501,0
deserialize,929,0
mult,359051,0
deserialize,894,0
mult,356902,0
deserialize,870,0
mult,357013,0
deserialize,884,0
mult,356633,0
deserialize,853,0
mult,357021,0
deserialize,885,0
mult,359358,0
deserialize,885,0
mult,358768,0
deserialize,939,0
mult,361275,0
deserialize,903,0
mult,373772,0
deserialize,1181,0
mult,357425,0
deserialize,888,0
mult,360808,0
deserialize,1270,0
mult,360756,0
deserialize,861,0
mult,364986,0
deserialize,991,0
mult,358640,0
deserialize,913,0
mult,359018,0
deserialize,970,0
mult,366732,0
deserialize,869,0
mult,359935,0
deserialize,938,0
mult,363585,0
deserialize,885,0
mult,359200,0
deserialize,961,0
mult,371647,0
deserialize,953,0
mult,360654,0
deserialize,1020,0
mult,358872,0
deserialize,918,0
mult,362215,0
deserialize,960,0
mult,358768,0
deserialize,852,0
mult,358759,0
deserialize,1000,0
mult,359272,0
deserialize,856,0
mult,357253,0
deserialize,968,0
mult,356799,0
deserialize,852,0
mult,357193,0
deserialize,978,0
mult,357120,0
deserialize,846,0
mult,364315,0
deserialize,1066,0
mult,358728,0
deserialize,927,0
mult,362337,0
deserialize,1112,0
mult,357202,0
deserialize,882,0
mult,357628,0
deserialize,895,0
mult,360614,0
deserialize,849,0
mult,358894,0
deserialize,967,0
mult,365547,0
deserialize,862,0
mult,358436,0
deserialize,1031,0
mult,359018,0
deserialize,875,0
mult,365305,0
deserialize,923,0
mult,365785,0
deserialize,1028,0
mult,363443,0
deserialize,1012,0
mult,358313,0
deserialize,876,0
mult,365122,0
deserialize,1020,0
mult,360237,0
deserialize,853,0
mult,359561,0
deserialize,1022,0
mult,361107,0
deserialize,890,0
mult,358838,0
deserialize,863,0
mult,359031,0
deserialize,864,0
mult,359142,0
deserialize,859,0
mult,357746,0
deserialize,856,0
mult,363626,0
deserialize,1213,0
mult,356755,0
deserialize,1130,0
mult,356906,0
deserialize,1007,0
mult,357438,0
deserialize,927,0
mult,357444,0
deserialize,977,0
mult,362332,0
deserialize,930,0
mult,357485,0
deserialize,982,0
mult,358739,0
deserialize,951,0
mult,359852,0
deserialize,944,0
mult,358941,0
deserialize,961,0
mult,364908,0
deserialize,966,0
mult,364552,0
deserialize,1190,0
mult,357343,0
deserialize,1080,0
mult,365494,0
deserialize,883,0
mult,360641,0
deserialize,885,0
mult,363794,0
deserialize,863,0
mult,358082,0
deserialize,939,0
mult,364868,0
deserialize,867,0
mult,360939,0
deserialize,872,0
mult,360557,0
deserialize,929,0
mult,361467,0
deserialize,836,0
mult,359019,0
deserialize,919,0
mult,365162,0
deserialize,1088,0
mult,358925,0
deserialize,983,0
mult,357180,0
deserialize,876,0
mult,356892,0
deserialize,860,0
mult,356986,0
deserialize,956,0
mult,356683,0
deserialize,854,0
mult,357440,0
deserialize,895,0
mult,356968,0
deserialize,908,0
mult,362358,0
deserialize,1055,0
mult,358453,0
deserialize,868,0
mult,357535,0
deserialize,1025,0
mult,364788,0
deserialize,1011,0
mult,358214,0
deserialize,992,0
mult,365053,0
deserialize,980,0
mult,358256,0
deserialize,989,0
mult,359300,0
deserialize,854,0
mult,364133,0
deserialize,1026,0
mult,361885,0
deserialize,848,0
mult,363730,0
deserialize,1011,0
mult,358113,0
deserialize,878,0
mult,363852,0
deserialize,957,0
mult,360646,0
deserialize,859,0
mult,378042,0
deserialize,1384,0
mult,360634,0
deserialize,906,0
mult,358494,0
deserialize,907,0
mult,360703,0
deserialize,835,0
mult,358569,0
deserialize,880,0
mult,357099,0
deserialize,863,0
mult,356832,0
deserialize,885,0
mult,356291,0
deserialize,871,0
mult,356429,0
deserialize,1206,0
mult,356802,0
deserialize,1266,0
mult,356732,0
deserialize,1351,0
mult,367098,0
deserialize,993,0
mult,357948,0
deserialize,1084,0
mult,358079,0
deserialize,909,0
mult,358612,0
deserialize,920,0
mult,358725,0
deserialize,930,0
mult,364325,0
deserialize,1027,0
mult,359041,0
deserialize,1150,0
mult,359642,0
deserialize,874,0
mult,363239,0
deserialize,1220,0
mult,361759,0
deserialize,899,0
mult,364078,0
deserialize,898,0
mult,365359,0
deserialize,1064,0
mult,363885,0
deserialize,942,0
mult,361748,0
deserialize,1301,0
mult,362081,0
deserialize,930,0
mult,359971,0
deserialize,1190,0
mult,358893,0
deserialize,926,0
mult,361565,0
deserialize,859,0
mult,358816,0
deserialize,1373,0
mult,358343,0
deserialize,884,0
mult,357243,0
deserialize,927,0
mult,356988,0
deserialize,961,0
mult,362249,0
deserialize,1127,0
mult,356210,0
deserialize,996,0
mult,356168,0
deserialize,886,0
mult,360365,0
deserialize,938,0
mult,358194,0
deserialize,1315,0
mult,359142,0
deserialize,883,0
mult,357454,0
deserialize,913,0
mult,357919,0
deserialize,1034,0
mult,363561,0
deserialize,869,0
mult,359826,0
deserialize,953,0
mult,361924,0
deserialize,873,0
mult,368065,0
deserialize,1073,0
mult,361390,0
deserialize,1264,0
mult,364820,0
deserialize,1189,0
mult,358173,0
deserialize,891,0
mult,363506,0
deserialize,1261,0
mult,360319,0
deserialize,896,0
mult,363721,0
deserialize,874,0
mult,359695,0
deserialize,899,0
mult,358871,0
deserialize,913,0
mult,362101,0
deserialize,843,0
mult,358829,0
deserialize,935,0
mult,363718,0
deserialize,982,0
mult,358289,0
deserialize,1070,0
mult,356869,0
deserialize,864,0
mult,356621,0
deserialize,947,0
mult,356920,0
deserialize,871,0
mult,357000,0
deserialize,1040,0
mult,359293,0
deserialize,910,0
mult,358531,0
deserialize,997,0
mult,360641,0
deserialize,869,0
mult,357406,0
deserialize,1016,0
mult,357746,0
deserialize,890,0
mult,361260,0
deserialize,994,0
mult,364961,0
deserialize,1001,0
mult,363501,0
deserialize,1157,0
mult,359727,0
deserialize,837,0
mult,360268,0
deserialize,924,0
mult,367031,0
deserialize,841,0
mult,358478,0
deserialize,900,0
mult,362829,0
deserialize,878,0
mult,359420,0
deserialize,981,0
mult,364755,0
deserialize,855,0
mult,360399,0
deserialize,899,0
mult,357518,0
deserialize,863,0
mult,372925,0
deserialize,1095,0
mult,357572,0
deserialize,865,0
mult,357959,0
deserialize,989,0
mult,358063,0
deserialize,857,0
mult,356174,0
deserialize,855,0
mult,356654,0
deserialize,1117,0
mult,356817,0
deserialize,1069,0
mult,356729,0
deserialize,880,0
mult,358440,0
deserialize,930,0
mult,358232,0
deserialize,888,0
mult,362010,0
deserialize,926,0
mult,375625,0
deserialize,1058,0
mult,357207,0
deserialize,1012,0
mult,361135,0
deserialize,906,0
mult,359223,0
deserialize,1143,0
mult,363354,0
deserialize,1084,0
mult,359112,0
deserialize,1107,0
mult,360771,0
deserialize,967,0
mult,366798,0
deserialize,980,0
mult,359431,0
deserialize,1088,0
mult,363096,0
deserialize,878,0
mult,359182,0
deserialize,1105,0
mult,381136,0
deserialize,1101,0
mult,360331,0
deserialize,993,0
mult,357989,0
deserialize,913,0
mult,361796,0
deserialize,893,0
mult,358206,0
deserialize,886,0
mult,357828,0
deserialize,891,0
mult,358295,0
deserialize,985,0
mult,357075,0
deserialize,896,0
mult,356644,0
deserialize,901,0
mult,356556,0
deserialize,917,0
mult,356911,0
deserialize,880,0
mult,364342,0
deserialize,1102,0
mult,358097,0
deserialize,1043,0
mult,362011,0
deserialize,868,0
mult,357077,0
deserialize,900,0
mult,357566,0
deserialize,888,0
mult,360566,0
deserialize,992,0
mult,358536,0
deserialize,945,0
mult,364975,0
deserialize,940,0
mult,358255,0
deserialize,887,0
mult,358228,0
deserialize,948,0
mult,366977,0
deserialize,880,0
mult,365961,0
deserialize,1346,0
mult,363224,0
deserialize,879,0
mult,358902,0
deserialize,891,0
mult,364341,0
deserialize,850,0
mult,361228,0
deserialize,922,0
mult,358357,0
deserialize,898,0
mult,361603,0
deserialize,1047,0
mult,358815,0
deserialize,877,0
mult,359578,0
deserialize,974,0
mult,358894,0
deserialize,853,0
mult,357561,0
deserialize,968,0
mult,362438,0
deserialize,987,0
mult,356921,0
deserialize,982,0
mult,356689,0
deserialize,861,0
mult,356805,0
deserialize,907,0
mult,357508,0
deserialize,910,0
mult,362968,0
deserialize,990,0
mult,357063,0
deserialize,840,0
mult,357028,0
deserialize,948,0
mult,360510,0
deserialize,907,0
mult,358710,0
deserialize,936,0
mult,365675,0
deserialize,954,0
mult,363208,0
deserialize,1075,0
mult,358084,0
deserialize,860,0
mult,366029,0
gemm,9.00445e+08,0
wait_all,7.05625e+08,0
deserialize,2725,0
mult,405208,0
deserialize,1084,0
mult,398439,0
deserialize,859,0
mult,406085,0
deserialize,1012,0
mult,407534,0
deserialize,987,0
mult,399445,0
deserialize,916,0
mult,401091,0
deserialize,872,0
mult,393413,0
deserialize,947,0
mult,391940,0
deserialize,892,0
mult,391808,0
deserialize,923,0
mult,390549,0
deserialize,909,0
mult,390870,0
deserialize,933,0
mult,391924,0
deserialize,878,0
mult,398041,0
deserialize,988,0
mult,389875,0
deserialize,964,0
mult,391178,0
deserialize,884,0
mult,390772,0
deserialize,887,0
mult,393185,0
deserialize,997,0
mult,392298,0
deserialize,925,0
mult,393312,0
deserialize,896,0
mult,391870,0
deserialize,858,0
mult,392673,0
deserialize,849,0
mult,392856,0
deserialize,924,0
mult,390832,0
deserialize,954,0
mult,399890,0
deserialize,1062,0
mult,393101,0
deserialize,1125,0
mult,402136,0
deserialize,941,0
mult,397727,0
deserialize,930,0
mult,398844,0
deserialize,1000,0
mult,408608,0
deserialize,1133,0
mult,401949,0
deserialize,953,0
mult,403422,0
deserialize,870,0
mult,394227,0
deserialize,978,0
mult,392886,0
deserialize,875,0
mult,397665,0
deserialize,1072,0
mult,390891,0
deserialize,901,0
mult,391655,0
deserialize,1492,0
mult,390786,0
deserialize,872,0
mult,391936,0
deserialize,889,0
mult,391205,0
deserialize,878,0
mult,391354,0
deserialize,959,0
mult,391472,0
deserialize,1111,0
mult,393133,0
deserialize,887,0
mult,391992,0
deserialize,1124,0
mult,398827,0
deserialize,1043,0
mult,391313,0
deserialize,906,0
mult,392171,0
deserialize,898,0
mult,392602,0
deserialize,833,0
mult,391678,0
deserialize,994,0
mult,392595,0
deserialize,840,0
mult,392430,0
deserialize,970,0
mult,402384,0
deserialize,929,0
mult,395481,0
deserialize,1126,0
mult,397449,0
deserialize,955,0
mult,413748,0
deserialize,1023,0
mult,401689,0
deserialize,933,0
mult,403328,0
deserialize,861,0
mult,391597,0
deserialize,901,0
mult,390822,0
deserialize,1082,0
mult,1.69727e+06,0
deserialize,870,0
mult,1.82239e+06,0
deserialize,936,0
mult,1.64414e+06,0
deserialize,877,0
mult,1.31194e+06,0
deserialize,1165,0
mult,401311,0
deserialize,983,0
mult,391801,0
deserialize,1180,0
mult,391083,0
deserialize,866,0
mult,390396,0
deserialize,919,0
mult,390633,0
deserialize,1188,0
mult,393074,0
deserialize,864,0
mult,390432,0
deserialize,933,0
mult,392530,0
deserialize,866,0
mult,391591,0
deserialize,894,0
mult,398709,0
deserialize,1143,0
mult,391385,0
deserialize,1008,0
mult,391879,0
deserialize,887,0
mult,391803,0
deserialize,957,0
mult,390268,0
deserialize,878,0
mult,397902,0
deserialize,1012,0
mult,394885,0
deserialize,904,0
mult,400448,0
deserialize,932,0
mult,400268,0
deserialize,888,0
mult,400204,0
deserialize,882,0
mult,413702,0
deserialize,940,0
mult,398751,0
deserialize,1017,0
mult,398738,0
deserialize,911,0
mult,391713,0
deserialize,1092,0
mult,391178,0
deserialize,1083,0
mult,390546,0
deserialize,911,0
mult,390851,0
deserialize,1014,0
mult,390548,0
deserialize,1021,0
mult,390457,0
deserialize,867,0
mult,391117,0
deserialize,1014,0
mult,396704,0
deserialize,967,0
mult,391395,0
deserialize,1085,0
mult,391355,0
deserialize,891,0
mult,392780,0
deserialize,945,0
mult,392622,0
deserialize,918,0
mult,392657,0
deserialize,1377,0
mult,391801,0
deserialize,889,0
mult,391788,0
deserialize,933,0
mult,391854,0
deserialize,889,0
mult,390566,0
deserialize,973,0
mult,401270,0
deserialize,1060,0
mult,393535,0
deserialize,1015,0
mult,401179,0
deserialize,963,0
mult,398771,0
deserialize,939,0
mult,399387,0
deserialize,870,0
mult,408026,0
deserialize,896,0
mult,400833,0
deserialize,896,0
mult,400492,0
deserialize,1108,0
mult,393227,0
deserialize,894,0
mult,392233,0
deserialize,1062,0
mult,396796,0
deserialize,1033,0
mult,390037,0
deserialize,1066,0
mult,390708,0
deserialize,902,0
mult,390634,0
deserialize,1083,0
mult,390711,0
deserialize,904,0
mult,390497,0
deserialize,18820,0
mult,386702,0
deserialize,1033,0
mult,362488,0
deserialize,991,0
mult,357907,0
deserialize,1003,0
mult,357935,0
deserialize,933,0
mult,366325,0
deserialize,1109,0
mult,358362,0
deserialize,973,0
mult,359023,0
deserialize,913,0
mult,363265,0
deserialize,864,0
mult,359223,0
deserialize,950,0
mult,364570,0
deserialize,945,0
mult,361777,0
deserialize,897,0
mult,362380,0
deserialize,943,0
mult,366975,0
deserialize,932,0
mult,364582,0
deserialize,950,0
mult,363622,0
deserialize,1260,0
mult,381822,0
deserialize,1115,0
mult,361006,0
deserialize,1077,0
mult,360687,0
deserialize,885,0
mult,363524,0
deserialize,1125,0
mult,358276,0
deserialize,887,0
mult,359738,0
deserialize,922,0
mult,361848,0
deserialize,1160,0
mult,359755,0
deserialize,864,0
mult,361341,0
deserialize,1127,0
mult,358528,0
deserialize,894,0
mult,360397,0
deserialize,892,0
mult,364557,0
deserialize,1077,0
mult,357941,0
deserialize,924,0
mult,357473,0
deserialize,890,0
mult,357362,0
deserialize,874,0
mult,358551,0
deserialize,887,0
mult,358419,0
deserialize,1148,0
mult,363458,0
deserialize,982,0
mult,359322,0
deserialize,1156,0
mult,364333,0
deserialize,966,0
mult,360915,0
deserialize,854,0
mult,363139,0
deserialize,952,0
mult,372592,0
deserialize,1019,0
mult,360704,0
deserialize,1077,0
mult,363088,0
deserialize,913,0
mult,366112,0
deserialize,933,0
mult,363436,0
deserialize,886,0
mult,361925,0
deserialize,954,0
mult,364777,0
deserialize,896,0
mult,358835,0
deserialize,1157,0
mult,358681,0
deserialize,879,0
mult,360237,0
deserialize,960,0
mult,360206,0
deserialize,870,0
mult,368395,0
deserialize,1113,0
mult,357838,0
deserialize,966,0
mult,358975,0
deserialize,957,0
mult,358512,0
deserialize,881,0
mult,359154,0
deserialize,900,0
mult,357992,0
deserialize,911,0
mult,358022,0
deserialize,878,0
mult,358155,0
deserialize,903,0
mult,358413,0
deserialize,890,0
mult,363567,0
deserialize,877,0
mult,360211,0
deserialize,892,0
mult,368998,0
deserialize,1025,0
mult,359796,0
deserialize,1017,0
mult,364005,0
deserialize,873,0
mult,365204,0
deserialize,922,0
mult,361193,0
deserialize,961,0
mult,363041,0
deserialize,895,0
mult,366585,0
deserialize,890,0
mult,362078,0
deserialize,970,0
mult,363589,0
deserialize,880,0
mult,364701,0
deserialize,900,0
mult,359979,0
deserialize,980,0
mult,363867,0
deserialize,1032,0
mult,359151,0
deserialize,991,0
mult,358999,0
deserialize,910,0
mult,362030,0
deserialize,956,0
mult,357971,0
deserialize,883,0
mult,359695,0
deserialize,1042,0
mult,358755,0
deserialize,1001,0
mult,359378,0
deserialize,963,0
mult,357953,0
deserialize,877,0
mult,357515,0
deserialize,970,0
mult,358547,0
deserialize,889,0
mult,363821,0
deserialize,1079,0
mult,361674,0
deserialize,972,0
mult,359304,0
deserialize,868,0
mult,363203,0
deserialize,923,0
mult,359767,0
deserialize,913,0
mult,366162,0
deserialize,928,0
mult,365114,0
deserialize,919,0
mult,360238,0
deserialize,990,0
mult,362879,0
deserialize,902,0
mult,363652,0
deserialize,900,0
mult,362905,0
deserialize,900,0
mult,370942,0
deserialize,1187,0
mult,363821,0
deserialize,979,0
mult,358405,0
deserialize,1111,0
mult,357874,0
deserialize,903,0
mult,359831,0
deserialize,892,0
mult,359839,0
deserialize,893,0
mult,362159,0
deserialize,986,0
mult,358545,0
deserialize,856,0
mult,359124,0
deserialize,877,0
mult,359764,0
deserialize,861,0
mult,359094,0
deserialize,957,0
mult,358537,0
deserialize,851,0
mult,373434,0
deserialize,1084,0
mult,357628,0
deserialize,890,0
mult,358463,0
deserialize,933,0
mult,361552,0
deserialize,905,0
mult,359364,0
deserialize,996,0
mult,363202,0
deserialize,892,0
mult,358814,0
deserialize,978,0
mult,365337,0
deserialize,881,0
mult,363232,0
deserialize,1028,0
mult,361095,0
deserialize,884,0
mult,363397,0
deserialize,975,0
mult,368705,0
deserialize,1005,0
mult,362174,0
deserialize,1070,0
mult,364619,0
deserialize,904,0
mult,364524,0
deserialize,901,0
mult,360400,0
deserialize,1075,0
mult,359605,0
deserialize,999,0
mult,359371,0
deserialize,847,0
mult,359743,0
deserialize,923,0
mult,361601,0
deserialize,893,0
mult,358262,0
deserialize,896,0
mult,359195,0
deserialize,833,0
mult,365115,0
deserialize,1063,0
mult,358401,0
deserialize,1160,0
mult,357856,0
deserialize,906,0
mult,357794,0
deserialize,894,0
mult,357336,0
deserialize,960,0
mult,357766,0
deserialize,873,0
mult,360949,0
deserialize,1025,0
mult,359605,0
deserialize,889,0
mult,363477,0
deserialize,884,0
mult,357965,0
deserialize,884,0
mult,365010,0
deserialize,1206,0
mult,368481,0
deserialize,1004,0
mult,360427,0
deserialize,909,0
mult,364087,0
deserialize,915,0
mult,364371,0
deserialize,1016,0
mult,361997,0
deserialize,980,0
mult,366875,0
deserialize,887,0
mult,363608,0
deserialize,909,0
mult,359980,0
deserialize,931,0
mult,360165,0
deserialize,1150,0
mult,358714,0
deserialize,890,0
mult,359194,0
deserialize,931,0
mult,367833,0
deserialize,978,0
mult,358493,0
deserialize,1181,0
mult,358612,0
deserialize,880,0
mult,359303,0
deserialize,901,0
mult,359606,0
deserialize,920,0
mult,358378,0
deserialize,895,0
mult,358351,0
deserialize,1058,0
mult,357459,0
deserialize,895,0
mult,357146,0
deserialize,875,0
mult,358481,0
deserialize,904,0
mult,358852,0
deserialize,975,0
mult,368197,0
deserialize,995,0
mult,358256,0
deserialize,1130,0
mult,364280,0
deserialize,861,0
mult,361959,0
deserialize,969,0
mult,361031,0
deserialize,877,0
mult,366929,0
deserialize,1146,0
mult,363815,0
deserialize,1538,0
mult,361854,0
deserialize,896,0
mult,367148,0
deserialize,884,0
mult,362602,0
deserialize,890,0
mult,360273,0
deserialize,1026,0
mult,366940,0
deserialize,1044,0
mult,357698,0
deserialize,883,0
mult,359316,0
deserialize,996,0
mult,361591,0
deserialize,1059,0
mult,358972,0
deserialize,962,0
mult,359411,0
deserialize,872,0
mult,359305,0
deserialize,993,0
mult,360236,0
deserialize,871,0
mult,358042,0
deserialize,967,0
mult,357553,0
deserialize,893,0
mult,357585,0
deserialize,985,0
mult,363139,0
deserialize,988,0
mult,358396,0
deserialize,968,0
mult,358310,0
deserialize,902,0
mult,364079,0
deserialize,900,0
mult,357864,0
deserialize,900,0
mult,363318,0
deserialize,907,0
mult,361415,0
deserialize,866,0
mult,361679,0
deserialize,885,0
mult,366932,0
deserialize,862,0
mult,361868,0
deserialize,904,0
mult,363365,0
deserialize,907,0
mult,373966,0
deserialize,1204,0
mult,360971,0
deserialize,876,0
mult,360757,0
deserialize,986,0
mult,362276,0
deserialize,864,0
mult,357701,0
deserialize,936,0
mult,357853,0
deserialize,852,0
mult,360561,0
deserialize,891,0
mult,359299,0
deserialize,866,0
mult,360191,0
deserialize,893,0
mult,357773,0
deserialize,866,0
mult,360058,0
deserialize,848,0
mult,363554,0
deserialize,1050,0
mult,357710,0
deserialize,960,0
mult,357931,0
deserialize,878,0
mult,357304,0
deserialize,867,0
mult,357546,0
deserialize,927,0
mult,357179,0
deserialize,963,0
mult,363320,0
deserialize,1119,0
mult,357929,0
deserialize,1067,0
mult,362741,0
deserialize,952,0
mult,360533,0
deserialize,897,0
mult,363338,0
deserialize,1010,0
mult,371242,0
deserialize,1057,0
mult,361281,0
deserialize,1052,0
mult,363042,0
deserialize,1151,0
mult,366451,0
deserialize,891,0
mult,360987,0
deserialize,886,0
mult,361586,0
deserialize,883,0
mult,362038,0
deserialize,1430,0
mult,357915,0
deserialize,856,0
mult,358010,0
deserialize,866,0
mult,359924,0
deserialize,926,0
mult,358387,0
deserialize,977,0
mult,366364,0
deserialize,1008,0
mult,357881,0
deserialize,1007,0
mult,358768,0
deserialize,976,0
mult,358094,0
deserialize,889,0
mult,357367,0
deserialize,857,0
mult,357614,0
deserialize,913,0
mult,357284,0
deserialize,891,0
mult,357979,0
deserialize,980,0
mult,357562,0
deserialize,870,0
mult,362353,0
deserialize,1144,0
mult,359146,0
deserialize,870,0
mult,368108,0
deserialize,1054,0
mult,359012,0
deserialize,1150,0
mult,363828,0
deserialize,910,0
mult,365504,0
deserialize,891,0
mult,360018,0
deserialize,1049,0
mult,362365,0
deserialize,836,0
mult,364814,0
deserialize,981,0
mult,361121,0
deserialize,865,0
mult,363209,0
deserialize,960,0
mult,363958,0
deserialize,994,0
mult,357994,0
deserialize,1125,0
mult,364397,0
deserialize,1323,0
mult,358867,0
deserialize,960,0
mult,358557,0
deserialize,896,0
mult,360645,0
deserialize,879,0
mult,357787,0
deserialize,861,0
mult,359105,0
deserialize,981,0
mult,357928,0
deserialize,878,0
mult,358197,0
deserialize,905,0
mult,357688,0
deserialize,892,0
mult,356861,0
deserialize,993,0
mult,357612,0
deserialize,870,0
mult,362835,0
deserialize,1063,0
mult,361242,0
deserialize,906,0
mult,358832,0
deserialize,1081,0
mult,362606,0
deserialize,879,0
mult,358864,0
deserialize,930,0
mult,364498,0
deserialize,911,0
mult,364671,0
deserialize,996,0
mult,360101,0
deserialize,979,0
mult,361996,0
deserialize,884,0
mult,363703,0
deserialize,887,0
mult,361585,0
deserialize,1023,0
mult,371265,0
deserialize,1021,0
mult,364131,0
deserialize,896,0
mult,358355,0
deserialize,881,0
mult,357909,0
deserialize,945,0
mult,358838,0
deserialize,955,0
mult,359329,0
deserialize,960,0
mult,362604,0
deserialize,1186,0
mult,357770,0
deserialize,946,0
mult,359231,0
deserialize,953,0
mult,358241,0
deserialize,892,0
mult,359056,0
deserialize,934,0
mult,372868,0
deserialize,1098,0
mult,357355,0
deserialize,1013,0
mult,357528,0
deserialize,977,0
mult,356947,0
deserialize,877,0
mult,360969,0
deserialize,917,0
mult,359146,0
deserialize,863,0
mult,362007,0
deserialize,1055,0
mult,358707,0
deserialize,893,0
mult,364116,0
deserialize,1017,0
mult,363126,0
deserialize,870,0
mult,360276,0
deserialize,981,0
mult,368760,0
deserialize,1008,0
mult,363112,0
deserialize,982,0
mult,362289,0
deserialize,1076,0
mult,367008,0
deserialize,909,0
mult,363883,0
deserialize,889,0
mult,359391,0
deserialize,925,0
mult,359368,0
deserialize,1033,0
mult,359211,0
deserialize,885,0
mult,358397,0
deserialize,870,0
mult,362558,0
deserialize,892,0
mult,358302,0
deserialize,930,0
mult,364516,0
deserialize,1190,0
mult,358867,0
deserialize,881,0
mult,358732,0
deserialize,897,0
mult,357509,0
deserialize,877,0
mult,357145,0
deserialize,947,0
mult,357676,0
deserialize,871,0
mult,356852,0
deserialize,1006,0
mult,360718,0
deserialize,886,0
mult,359324,0
deserialize,978,0
mult,362630,0
deserialize,894,0
mult,357707,0
deserialize,1014,0
mult,370060,0
deserialize,987,0
mult,361714,0
deserialize,1006,0
mult,359798,0
deserialize,908,0
mult,363558,0
deserialize,1002,0
mult,362797,0
deserialize,852,0
mult,360474,0
deserialize,956,0
mult,366640,0
deserialize,877,0
mult,363332,0
deserialize,989,0
mult,359244,0
deserialize,865,0
mult,359212,0
deserialize,981,0
mult,357735,0
deserialize,1274,0
mult,364275,0
deserialize,1000,0
mult,361959,0
deserialize,903,0
mult,358583,0
deserialize,925,0
mult,359234,0
deserialize,854,0
mult,358888,0
deserialize,907,0
mult,358865,0
deserialize,851,0
mult,357738,0
deserialize,900,0
mult,357428,0
deserialize,883,0
mult,357127,0
deserialize,920,0
mult,356770,0
deserialize,871,0
mult,359297,0
deserialize,905,0
mult,364530,0
deserialize,951,0
mult,362966,0
deserialize,1026,0
mult,358364,0
deserialize,880,0
mult,364361,0
deserialize,946,0
mult,361309,0
deserialize,950,0
mult,360371,0
deserialize,943,0
mult,365503,0
deserialize,980,0
mult,362695,0
deserialize,880,0
mult,362244,0
deserialize,926,0
mult,366119,0
deserialize,970,0
mult,362550,0
deserialize,911,0
mult,365465,0
deserialize,1040,0
mult,360855,0
deserialize,970,0
mult,357023,0
deserialize,886,0
mult,357535,0
deserialize,933,0
mult,361165,0
deserialize,921,0
mult,357900,0
deserialize,877,0
mult,359163,0
deserialize,963,0
mult,358869,0
deserialize,876,0
mult,358647,0
deserialize,1161,0
mult,358141,0
deserialize,891,0
mult,357767,0
deserialize,910,0
mult,366998,0
deserialize,997,0
mult,356603,0
deserialize,885,0
mult,358345,0
deserialize,927,0
mult,358063,0
deserialize,1138,0
mult,363129,0
deserialize,890,0
mult,357984,0
deserialize,868,0
mult,364082,0
deserialize,955,0
mult,360854,0
deserialize,1056,0
mult,361482,0
deserialize,935,0
mult,365335,0
deserialize,919,0
mult,362476,0
deserialize,998,0
mult,530416,0
deserialize,1182,0
mult,367181,0
deserialize,889,0
mult,361364,0
deserialize,971,0
mult,359638,0
deserialize,902,0
mult,362032,0
deserialize,903,0
mult,357461,0
deserialize,857,0
mult,358271,0
deserialize,942,0
mult,360158,0
deserialize,876,0
mult,360008,0
deserialize,1391,0
mult,359792,0
deserialize,873,0
mult,357948,0
deserialize,950,0
mult,365842,0
deserialize,1019,0
mult,357722,0
deserialize,1093,0
mult,357628,0
deserialize,901,0
mult,356956,0
deserialize,990,0
mult,356702,0
deserialize,902,0
mult,357902,0
deserialize,913,0
mult,358508,0
deserialize,878,0
mult,363040,0
deserialize,1018,0
mult,359012,0
deserialize,873,0
mult,362324,0
deserialize,937,0
mult,360911,0
deserialize,889,0
mult,368633,0
deserialize,1006,0
mult,365338,0
deserialize,982,0
mult,361079,0
deserialize,1020,0
mult,363231,0
deserialize,902,0
mult,365979,0
